USING CROSSOVER OPERATOR - OX

P1:  65 51 8 153 39 85 7 119 120 98 113 129 117 93 101 154 37 97 52 16 69 148 81 20 5 83 28 137 33 130 146 118 67 131 110 61 19 70 86 35 122 31 47 32 160 45 26 126 34 72 143 56 140 150 75 139 99 88 57 60 104 84 92 80 0 155 10 17 74 128 159 79 96 145 149 106 87 100 24 12 42 11 102 127 62 133 46 123 89 68 6 138 30 103 71 25 15 107 48 125 58 91 136 112 109 78 156 29 1 54 21 13 124 53 161 50 4 43 144 77 135 157 2 22 121 95 63 73 14 151 114 158 9 94 115 105 38 27 90 3 152 141 142 44 55 41 36 23 49 18 40 132 147 108 64 111 134 76 59 116 82 66 
P2:  63 51 149 155 43 4 144 8 73 117 42 82 11 76 83 124 53 91 122 112 109 78 47 32 136 40 147 49 70 61 18 115 67 131 25 141 138 27 90 38 113 98 9 105 46 94 62 116 59 148 126 21 111 140 150 64 16 97 75 139 88 80 0 77 65 22 2 157 135 106 84 95 121 100 92 24 12 99 57 87 56 69 28 137 127 114 7 159 158 129 68 123 142 44 55 41 36 23 125 132 86 35 31 1 160 143 104 161 50 60 52 37 154 101 93 66 108 133 102 145 96 153 10 14 17 39 74 151 120 119 85 128 79 89 6 30 103 3 152 71 15 110 19 48 58 107 146 130 33 118 54 156 29 45 72 34 13 134 26 5 20 81 

CH:  51 149 155 8 117 42 82 11 76 83 91 122 112 109 78 47 32 136 40 147 49 70 61 18 67 131 25 141 138 90 113 98 46 62 116 59 148 126 21 111 140 150 64 16 97 75 139 88 80 0 65 106 84 100 92 24 12 99 57 87 56 69 28 137 127 7 159 129 68 123 142 44 55 41 36 23 125 132 86 35 31 1 160 143 104 60 52 37 154 101 93 66 108 133 102 145 96 153 10 17 39 74 120 119 85 128 79 89 6 30 103 13 124 53 161 50 4 43 144 77 135 157 2 22 121 95 63 73 14 151 114 158 9 94 115 105 38 27 3 152 71 15 110 19 48 58 107 146 130 33 118 54 156 29 45 72 34 134 26 5 20 81 
CHM: 51 149 155 8 117 42 82 11 76 83 91 122 112 109 78 47 32 136 40 147 49 70 61 18 67 131 25 141 138 90 113 98 46 62 116 59 148 126 21 111 140 150 64 16 97 75 139 88 80 0 65 106 84 100 92 24 12 99 57 87 56 69 28 137 127 7 159 129 68 123 142 44 55 41 36 23 125 132 86 35 31 1 160 143 104 60 52 37 154 101 93 66 108 133 102 145 96 153 10 17 39 74 120 119 85 128 79 89 6 30 103 13 124 53 161 50 4 115 94 9 158 114 151 14 73 63 95 121 22 2 157 135 77 144 43 105 38 27 3 152 71 15 110 19 48 58 107 146 130 33 118 54 156 29 45 72 34 134 26 5 20 81 



USING CROSSOVER OPERATOR - OX

P1:  63 51 149 155 43 4 144 8 73 117 42 82 11 76 83 124 53 91 122 112 109 78 47 32 136 40 147 49 70 61 18 115 67 131 25 141 138 27 90 38 113 98 9 105 46 94 62 116 59 148 126 21 111 140 150 64 16 97 75 139 88 80 0 77 65 22 2 157 135 106 84 95 121 100 92 24 12 99 57 87 56 69 28 137 127 114 7 159 158 129 68 123 142 44 55 41 36 23 125 132 86 35 31 1 160 143 104 161 50 60 52 37 154 101 93 66 108 133 102 145 96 153 10 14 17 39 74 151 120 119 85 128 79 89 6 30 103 3 152 71 15 110 19 48 58 107 146 130 33 118 54 156 29 45 72 34 13 134 26 5 20 81 
P2:  65 51 8 153 39 85 7 119 120 98 113 129 117 93 101 154 37 97 52 16 69 148 81 20 5 83 28 137 33 130 146 118 67 131 110 61 19 70 86 35 122 31 47 32 160 45 26 126 34 72 143 56 140 150 75 139 99 88 57 60 104 84 92 80 0 155 10 17 74 128 159 79 96 145 149 106 87 100 24 12 42 11 102 127 62 133 46 123 89 68 6 138 30 103 71 25 15 107 48 125 58 91 136 112 109 78 156 29 1 54 21 13 124 53 161 50 4 43 144 77 135 157 2 22 121 95 63 73 14 151 114 158 9 94 115 105 38 27 90 3 152 141 142 44 55 41 36 23 49 18 40 132 147 108 64 111 134 76 59 116 82 66 

CH:  65 51 8 153 39 85 7 119 120 98 113 129 117 93 101 154 37 97 52 16 69 148 81 20 5 83 28 137 67 131 61 70 86 35 122 31 47 32 160 26 126 143 56 140 150 75 139 99 88 57 60 104 84 92 80 0 155 10 17 74 128 159 79 96 145 149 106 87 100 24 12 42 11 102 127 62 133 46 123 89 68 6 138 30 103 71 25 125 91 136 112 109 78 1 21 13 124 53 161 50 4 43 144 77 135 157 2 22 121 95 63 73 14 151 114 158 9 94 115 105 38 27 90 3 152 141 142 44 55 41 36 23 49 18 40 132 147 108 64 111 15 110 19 48 58 107 146 130 33 118 54 156 29 45 72 34 134 76 59 116 82 66 
CHM: 65 51 8 153 39 85 7 119 120 98 113 129 117 93 101 154 37 97 52 16 69 148 81 20 5 83 28 137 67 131 61 70 86 35 122 31 47 32 160 26 126 143 56 140 150 75 139 99 88 57 60 104 84 92 80 0 155 10 17 74 128 159 79 96 145 149 106 87 100 24 12 42 4 102 127 62 133 46 123 89 68 6 138 30 103 71 25 125 91 136 112 109 78 1 21 13 124 53 161 50 11 43 144 77 135 157 2 22 121 95 63 73 14 151 114 158 9 94 115 105 38 27 90 3 152 141 142 44 55 41 36 23 49 18 40 132 147 108 64 111 15 110 19 48 58 107 146 130 33 118 54 156 29 45 72 34 134 76 59 116 82 66 

No client is missing or duplicated!
Distance between chosen CP1 and CP2: 16 | parent1[140] = 15 | parent1[156] = 13

USING MUTATION OPERATOR - REVERSE
CHILD: 
51 149 155 8 117 42 82 11 76 83 91 122 112 109 78 47 32 136 40 147 49 70 61 18 67 131 25 141 138 90 113 98 46 62 116 59 148 126 21 111 140 150 64 16 97 75 139 88 80 0 65 106 84 100 92 24 12 99 57 87 56 69 28 137 127 7 159 129 68 123 142 44 55 41 36 23 125 132 86 35 31 1 160 143 104 60 52 37 154 101 93 66 108 133 102 145 96 153 10 17 39 74 120 119 85 128 79 89 6 30 103 13 124 53 161 50 4 115 94 9 158 114 151 14 73 63 95 121 22 2 157 135 77 144 43 105 38 27 3 152 71 15 110 19 48 58 107 146 130 33 118 54 156 29 45 72 34 134 26 5 20 81 
-----------------------
4% similar to parent 1
2% similar to parent 2
New solution will not be included in offspring because it is not feasible.

USING MUTATION OPERATOR - SWAP
CHILD: 
65 51 8 153 39 85 7 119 120 98 113 129 117 93 101 154 37 97 52 16 69 148 81 20 5 83 28 137 67 131 61 70 86 35 122 31 47 32 160 26 126 143 56 140 150 75 139 99 88 57 60 104 84 92 80 0 155 10 17 74 128 159 79 96 145 149 106 87 100 24 12 42 4 102 127 62 133 46 123 89 68 6 138 30 103 71 25 125 91 136 112 109 78 1 21 13 124 53 161 50 11 43 144 77 135 157 2 22 121 95 63 73 14 151 114 158 9 94 115 105 38 27 90 3 152 141 142 44 55 41 36 23 49 18 40 132 147 108 64 111 15 110 19 48 58 107 146 130 33 118 54 156 29 45 72 34 134 76 59 116 82 66 
-----------------------
19% similar to parent 1
2% similar to parent 2
New solution will not be included in offspring because it is not feasible.