
7463.91 2.0758 37829.8 
7422.59 2.07684 41344.5 
7425.65 2.07684 41181.9 
7430.47 2.07684 41171.8 
7419.43 2.07684 41360.5 
7456.92 2.0779 40378.8 
7455.23 2.0779 40388 
7453.86 2.0779 40541.5 
7452.17 2.0779 40550.6 
7450.7 2.0779 40557.5 
7461.74 2.0779 40368.8 
7449.01 2.0779 40566.7 
7460.06 2.0779 40377.9 
7461.03 2.08713 37620.8 
7467.21 2.08713 37543.6 
7460.38 2.08713 37748 
7454.81 2.08713 37792.8 
7457.97 2.08713 37776.8 
7457.97 2.08713 37776.8 
7461.03 2.08713 37620.8 
7465.85 2.08713 37610.7 
7465.85 2.08713 37610.7 
7454.72 2.08846 37809.7 
7452.31 2.08846 37838.5 
7454.72 2.08846 37809.7 
7449.15 2.08846 37854.5 
7461.56 2.08846 37605.3 
7455.37 2.08846 37682.5 
7460.2 2.08846 37672.4 
7460.2 2.08846 37672.4 
7418.48 2.09017 41505.3 
7412.91 2.09017 41550.2 
7419.13 2.09017 41371.5 
7416.07 2.09017 41534.1 
7425.31 2.09017 41294.3 
7416.07 2.09017 41534.1 
7413.25 2.09457 41438.6 
7424.29 2.09457 41249.8 
7416.41 2.09457 41422.5 
7418.82 2.09457 41393.8 
7419.47 2.09457 41259.9 
7425.65 2.09457 41182.7 
7444.58 2.10619 37980.5 
7444.36 2.10619 37989.7 
7408.19 2.11125 43447.2 
7402.62 2.11125 43492 
7408.84 2.11125 43313.3 
7530.7 2.11397 35617.4 
7524.08 2.11397 35640.4 
7530.59 2.11397 35621.1 
7528.91 2.11397 35630.3 
7525.77 2.11397 35631.2 
7518.43 2.1153 35702.1 
7523.25 2.1153 35692 
7429.95 2.1926 41109.3 
7417.55 2.1926 41365.2 
7417.55 2.1926 41365.2 
7423.77 2.1926 41186.5 
7428.59 2.1926 41176.4 
7520.01 2.19348 35670.1 
7513.5 2.19348 35689.3 
7518.33 2.19348 35679.2 
7515.19 2.19348 35680.2 
7508.72 2.19348 35699.1 
7505.59 2.19348 35700 
7503.9 2.19348 35709.2 
7503.9 2.19348 35709.2 
7423.12 2.19413 41240 
7429.31 2.19413 41162.8 
7416.9 2.19413 41418.7 
7501.91 2.1976 35783.8 
7412.32 2.20449 41571.5 
7534.74 2.23698 35602.1 
7537.87 2.23698 35601.2 
7539.56 2.23698 35592 
7547.48 2.23698 35581.3 
7549.17 2.23698 35572.2 
7552.4 2.23698 35567.5 
7441.2 2.24214 41097.6 
7589.48 2.27953 35495.5