
10039.9 2.32667 155397
10642.7 3.05598 148942
10678.4 3.10154 142049
9568.37 3.18217 133727
10337.1 3.33768 113306
10364.1 3.33768 113118
10485.9 3.33917 94014.2
10209.9 3.34621 116457
9643.13 3.4547 114792
9941.26 3.48856 105969

10605.6 2.20754 153479
10039.9 2.32667 155397
10642.7 3.05598 148942
10678.4 3.10154 142049
9568.37 3.18217 133727
10337.1 3.33768 113306
10364.1 3.33768 113118
10485.9 3.33917 94014.2
10209.9 3.34621 116457
9643.13 3.4547 114792
9941.26 3.48856 105969

10605.6 2.20754 153479
10039.9 2.32667 155397
10642.7 3.05598 148942
10678.4 3.10154 142049
9579.98 3.17411 132843
9568.37 3.18217 133727
10337.1 3.33768 113306
10364.1 3.33768 113118
10485.9 3.33917 94014.2
10209.9 3.34621 116457
9972.53 3.36327 118208
9643.13 3.4547 114792
9941.26 3.48856 105969
9512.59 3.49042 126849

13529.7 2.15354 185146
10605.6 2.20754 153479
10039.9 2.32667 155397
11173.6 2.85154 126991
10642.7 3.05598 148942
10678.4 3.10154 142049
9579.98 3.17411 132843
9568.37 3.18217 133727
9314.23 3.29741 105461
10485.9 3.33917 94014.2

13529.7 2.15354 185146
10605.6 2.20754 153479
10039.9 2.32667 155397
10999.3 2.68521 137797
11173.6 2.85154 126991
10642.7 3.05598 148942
10678.4 3.10154 142049
10592.1 3.11396 134465
9579.98 3.17411 132843
9568.37 3.18217 133727
10813.9 3.27683 132174
9623.21 3.28254 124653
9314.23 3.29741 105461
10485.9 3.33917 94014.2
9460.06 3.4201 99245.2

13529.7 2.15354 185146
10605.6 2.20754 153479
10039.9 2.32667 155397
12190 2.65 139922
10999.3 2.68521 137797
11173.6 2.85154 126991
10642.7 3.05598 148942
10678.4 3.10154 142049
10592.1 3.11396 134465
9556.81 3.17411 132798
10813.9 3.27683 132174
9623.21 3.28254 124653
9314.23 3.29741 105461
10485.9 3.33917 94014.2
9460.06 3.4201 99245.2

13212.3 2.15354 180881
10605.6 2.20754 153479
10039.9 2.32667 155397
10049.9 2.32667 154345
12190 2.65 139922
10999.3 2.68521 137797
11028.6 2.85154 126542
10642.7 3.05598 148942
10678.4 3.10154 142049
10592.1 3.11396 134465
9556.81 3.17411 132798
10813.9 3.27683 132174
9623.21 3.28254 124653
9314.23 3.29741 105461
9440.1 3.29741 104819
10485.9 3.33917 94014.2
9460.06 3.4201 99245.2

12446 1.54543 174683
10890.3 2.15354 130759
10605.6 2.20754 153479
10006.8 2.32667 155216
10049.9 2.32667 154345
11028.6 2.85154 126542
10642.7 3.05598 148942
10678.4 3.10154 142049
10592.1 3.11396 134465
9556.81 3.17411 132798
10813.9 3.27683 132174
10329.2 3.28144 109658
9623.21 3.28254 124653
10389.1 3.28333 99244.3
9440.1 3.29741 104819
9314.23 3.29741 105461
10485.9 3.33917 94014.2
9460.06 3.4201 99245.2

12446 1.54543 174683
10890.3 2.15354 130759
10605.6 2.20754 153479
9898.1 2.20989 150327
11028.6 2.85154 126542
10442.1 2.85667 130064
9556.81 3.17411 132798
10329.2 3.28144 109658
9623.21 3.28254 124653
10389.1 3.28333 99244.3
9314.23 3.29741 105461
9440.1 3.29741 104819
10485.9 3.33917 94014.2
9460.06 3.4201 99245.2

12446 1.54543 174683
10890.3 2.15354 130759
10605.6 2.20754 153479
9873.1 2.20989 149270
11028.6 2.85154 126542
10442.1 2.85667 130064
11463.4 2.88154 124114
9799.98 3.15861 120989
9556.81 3.17411 132798
10329.2 3.28144 109658
9623.21 3.28254 124653
10389.1 3.28333 99244.3
9314.23 3.29741 105461
9440.1 3.29741 104819
10485.9 3.33917 94014.2
9460.06 3.4201 99245.2

12446 1.54543 174683
10890.3 2.15354 130759
10605.6 2.20754 153479
9873.1 2.20989 149270
11395 2.65 127610
12219.3 2.79 124967
11028.6 2.85154 126542
10442.1 2.85667 130064
11463.4 2.88154 124114
12415 3.04333 120214
9799.98 3.15861 120989
9556.81 3.17411 132798
10329.2 3.28144 109658
9623.21 3.28254 124653
10389.1 3.28333 99244.3
9314.23 3.29741 105461
9440.1 3.29741 104819
10485.9 3.33917 94014.2
9460.06 3.4201 99245.2

12446 1.54543 174683
10630.7 2.05333 173834
10890.3 2.15354 130759
10605.6 2.20754 153479
9873.1 2.20989 149270
10295.5 2.4066 132472
11059.7 2.46 104126
11028.6 2.85154 126542
10442.1 2.85667 130064
8932.73 2.96112 111873
10329.2 3.28144 109658
10389.1 3.28333 99244.3
9440.1 3.29741 104819
9314.23 3.29741 105461
10485.9 3.33917 94014.2
9460.06 3.4201 99245.2
10449.5 3.48079 95847

12446 1.54543 174683
10630.7 2.05333 173834
12809.7 2.08333 149675
10890.3 2.15354 130759
10605.6 2.20754 153479
9873.1 2.20989 149270
10295.5 2.4066 132472
11059.7 2.46 104126
8619.39 2.84827 94608.2
10485.9 3.33917 94014.2

12446 1.54543 174683
10630.7 2.05333 173834
12809.7 2.08333 149675
11300 2.13 154334
10890.3 2.15354 130759
10605.6 2.20754 153479
9873.1 2.20989 149270
10527.7 2.39447 131914
10295.5 2.4066 132472
11059.7 2.46 104126
8619.39 2.84827 94608.2
10485.9 3.33917 94014.2

12112.4 1.46697 164421
10630.7 2.05333 173834
12809.7 2.08333 149675
12002.3 2.11687 156915
11300 2.13 154334
10463 2.15354 131965
10890.3 2.15354 130759
9840.06 2.20989 149088
10527.7 2.39447 131914
10295.5 2.4066 132472
11059.7 2.46 104126
10985 2.65 121394
8619.39 2.84827 94608.2
10351.1 3.30584 91792

12291.7 1.25478 160938
12112.4 1.46697 164421
11528.3 2.04667 164221
10263 2.05333 176050
10630.7 2.05333 173834
12809.7 2.08333 149675
11260.3 2.11687 138446
10463 2.15354 131965
10890.3 2.15354 130759
9840.06 2.20989 149088
10697.8 2.21667 128289
10527.7 2.39447 131914
10295.5 2.4066 132472
11059.7 2.46 104126
10985 2.65 121394
8619.39 2.84827 94608.2
10351.1 3.30584 91792

12291.7 1.25478 160938
11462.4 1.46697 160052
10263 2.05333 176050
10630.7 2.05333 173834
12502.3 2.07687 158584
12809.7 2.08333 149675
11017.2 2.09333 161682
11260.3 2.11687 138446
10463 2.15354 131965
10890.3 2.15354 130759
9603.79 2.18537 130298
10918.1 2.21667 127492
10697.8 2.21667 128289
11223.6 2.29211 125899
11059.7 2.46 104126
10985 2.65 121394
8619.39 2.84827 94608.2
10351.1 3.30584 91792

12291.7 1.25478 160938
11462.4 1.46697 160052
10263 2.05333 176050
10630.7 2.05333 173834
12502.3 2.07687 158584
12809.7 2.08333 149675
11017.2 2.09333 161682
10965.7 2.11687 167226
11260.3 2.11687 138446
10890.3 2.15354 130759
10463 2.15354 131965
9603.79 2.18537 130298
10918.1 2.21667 127492
10697.8 2.21667 128289
11223.6 2.29211 125899
11059.7 2.46 104126
10314 2.52063 122866
10985 2.65 121394
8619.39 2.84827 94608.2
10351.1 3.30584 91792

13546.7 1.25478 184685
12291.7 1.25478 160938
11462.4 1.46697 160052
10263 2.05333 176050
10630.7 2.05333 173834
12502.3 2.07687 158584
12809.7 2.08333 149675
11017.2 2.09333 161682
11644.8 2.1 135654
11569.9 2.1 136947
10965.7 2.11687 167226
11030.1 2.11687 150458
11260.3 2.11687 138446
10890.3 2.15354 130759
10463 2.15354 131965
9603.79 2.18537 130298
10918.1 2.21667 127492
10697.8 2.21667 128289
11223.6 2.29211 125899
11148 2.42667 121746
11059.7 2.46 104126
10314 2.52063 122866
10985 2.65 121394
8619.39 2.84827 94608.2
10351.1 3.30584 91792

13546.7 1.25478 184685
12291.7 1.25478 160938
11462.4 1.46697 160052
10263 2.05333 176050
10630.7 2.05333 173834
12502.3 2.07687 158584
12809.7 2.08333 149675
11017.2 2.09333 161682
11644.8 2.1 135654
11569.9 2.1 136947
11043 2.11687 144154
11512.3 2.11687 137974
11260.3 2.11687 138446
11030.1 2.11687 150458
10965.7 2.11687 167226
11202.8 2.13333 140460
10890.3 2.15354 130759
10463 2.15354 131965
9603.79 2.18537 130298
10918.1 2.21667 127492
10697.8 2.21667 128289
11223.6 2.29211 125899
11148 2.42667 121746
11059.7 2.46 104126
10314 2.52063 122866
10985 2.65 121394
8619.39 2.84827 94608.2
10351.1 3.30584 91792

13901.7 1.25478 177846
13546.7 1.25478 184685
12291.7 1.25478 160938
11462.4 1.46697 160052
10263 2.05333 176050
10630.7 2.05333 173834
12502.3 2.07687 158584
12809.7 2.08333 149675
11017.2 2.09333 161682
11586.4 2.09346 134984
10704.8 2.1 143217
11569.9 2.1 136947
11260.3 2.11687 138446
11512.3 2.11687 137974
11202.8 2.13333 140460
10890.3 2.15354 130759
10463 2.15354 131965
9603.79 2.18537 130298
10697.8 2.21667 128289
10918.1 2.21667 127492
9328.79 2.22204 120895
11059.7 2.46 104126
8619.39 2.84827 94608.2
10351.1 3.30584 91792

13901.7 1.25478 177846
13546.7 1.25478 184685
12291.7 1.25478 160938
11462.4 1.46697 160052
10263 2.05333 176050
10630.7 2.05333 173834
12502.3 2.07687 158584
12809.7 2.08333 149675
11017.2 2.09333 161682
11586.4 2.09346 134984
10704.8 2.1 143217
11569.9 2.1 136947
11260.3 2.11687 138446
11512.3 2.11687 137974
10832.2 2.13 127791
10463 2.15354 131965
9603.79 2.18537 130298
10918.1 2.21667 127492
10697.8 2.21667 128289
9328.79 2.22204 120895
11059.7 2.46 104126
8619.39 2.84827 94608.2
10351.1 3.30584 91792

13901.7 1.25478 177846
12862.7 1.25478 181967
12301.7 1.25478 160685
12291.7 1.25478 160938
11462.4 1.46697 160052
12749.7 2.05 149577
10263 2.05333 176050
10630.7 2.05333 173834
12502.3 2.07687 158584
11017.2 2.09333 161682
11586.4 2.09346 134984
12936.8 2.1 134186
10704.8 2.1 143217
11569.9 2.1 136947
11260.3 2.11687 138446
11512.3 2.11687 137974
10832.2 2.13 127791
10370.3 2.15354 125976
9603.79 2.18537 130298
9328.79 2.22204 120895
11059.7 2.46 104126
10833.1 2.6702 114589
8619.39 2.84827 94608.2
10351.1 3.30584 91792

13716.7 1.25478 183640
13901.7 1.25478 177846
12862.7 1.25478 181967
12301.7 1.25478 160685
12291.7 1.25478 160938
11462.4 1.46697 160052
10702.8 2.05 120853
10630.7 2.05333 173834
10263 2.05333 176050
9952.23 2.09333 143238
10026.7 2.10605 125920
10552.3 2.15354 120073
9603.79 2.18537 130298
9328.79 2.22204 120895
11059.7 2.46 104126
10833.1 2.6702 114589
8619.39 2.84827 94608.2
10351.1 3.30584 91792

13716.7 1.25478 183640
13901.7 1.25478 177846
12862.7 1.25478 181967
12301.7 1.25478 160685
12291.7 1.25478 160938
11462.4 1.46697 160052
10904.4 1.83713 174209
10490.3 1.92568 144823
10702.8 2.05 120853
10263 2.05333 176050
9952.23 2.09333 143238
9915.99 2.09333 143322
10026.7 2.10605 125920
10552.3 2.15354 120073
9378.03 2.15354 123167
9328.79 2.22204 120895
11059.7 2.46 104126
10833.1 2.6702 114589
8619.39 2.84827 94608.2
10351.1 3.30584 91792

13716.7 1.25478 183640
13901.7 1.25478 177846
13166.7 1.25478 179043
12862.7 1.25478 181967
12966.7 1.25478 156224
12301.7 1.25478 160685
12291.7 1.25478 160938
11462.4 1.46697 160052
10904.4 1.83713 174209
10490.3 1.92568 144823
10702.8 2.05 120853
10263 2.05333 176050
10642 2.07687 131187
9952.23 2.09333 143238
9915.99 2.09333 143322
10026.7 2.10605 125920
9832.13 2.14333 123216
10552.3 2.15354 120073
9378.03 2.15354 123167
9328.79 2.22204 120895
11059.7 2.46 104126
10833.1 2.6702 114589
8619.39 2.84827 94608.2
10351.1 3.30584 91792

13716.7 1.25478 183640
13901.7 1.25478 177846
13166.7 1.25478 179043
12862.7 1.25478 181967
12966.7 1.25478 156224
12301.7 1.25478 160685
12291.7 1.25478 160938
11462.4 1.46697 160052
10904.4 1.83713 174209
10490.3 1.92568 144823
10702.8 2.05 120853
10263 2.05333 176050
9966.67 2.06605 124224
9952.23 2.09333 143238
9915.99 2.09333 143322
9832.13 2.14333 123216
10552.3 2.15354 120073
9378.03 2.15354 123167
9328.79 2.22204 120895
11059.7 2.46 104126
10833.1 2.6702 114589
8619.39 2.84827 94608.2
10351.1 3.30584 91792

13586.7 1.09478 186010
13281.8 1.25478 178469
13406.7 1.25478 164498
13166.7 1.25478 179043
12862.7 1.25478 181967
11853.4 1.25478 153151
10632.7 1.37719 139130
10490.3 1.92568 144823
10702.8 2.05 120853
10263 2.05333 176050
9966.67 2.06605 124224
9915.99 2.09333 143322
9952.23 2.09333 143238
9832.13 2.14333 123216
10552.3 2.15354 120073
9378.03 2.15354 123167
9328.79 2.22204 120895
11059.7 2.46 104126
10829 2.6702 114580
8619.39 2.84827 94608.2
10351.1 3.30584 91792

13586.7 1.09478 186010
13281.8 1.25478 178469
13406.7 1.25478 164498
13166.7 1.25478 179043
12862.7 1.25478 181967
11701.8 1.25478 151950
10632.7 1.37719 139130
10490.3 1.92568 144823
10702.8 2.05 120853
10263 2.05333 176050
9966.67 2.06605 124224
9915.99 2.09333 143322
9952.23 2.09333 143238
9832.13 2.14333 123216
10552.3 2.15354 120073
9378.03 2.15354 123167
9324.73 2.21687 120767
11059.7 2.46 104126
10829 2.6702 114580
8586.41 2.84827 93830.6
10351.1 3.30584 91792

10895.2 0.800909 151326
12316.8 1.25478 136259
10632.7 1.37719 139130
10167.1 1.92333 142618
10702.8 2.05 120853
9966.67 2.06605 124224
9915.99 2.09333 143322
9952.23 2.09333 143238
9907.24 2.1 130081
9864.71 2.13836 120389
9832.13 2.14333 123216
10552.3 2.15354 120073
9378.03 2.15354 123167
9324.73 2.21687 120767
11059.7 2.46 104126
10829 2.6702 114580
8586.41 2.84827 93830.6
10351.1 3.30584 91792

10895.2 0.800909 151326
12316.8 1.25478 136259
10632.7 1.37719 139130
10167.1 1.92333 142618
10702.8 2.05 120853
9966.67 2.06605 124224
9915.99 2.09333 143322
9950.99 2.09333 143244
9952.23 2.09333 143238
9907.24 2.1 130081
9318.03 2.11354 121361
9864.71 2.13836 120389
10552.3 2.15354 120073
9324.73 2.21687 120767
10852.9 2.46 100500
10829 2.6702 114580
8586.41 2.84827 93830.6
10351.1 3.30584 91792

10895.2 0.800909 151326
12316.8 1.25478 136259
10632.7 1.37719 139130
10597.7 1.37719 139229
10167.1 1.92333 142618
9985.87 2.01117 146001
9782.23 2.02667 139128
9574.67 2.0302 127959
10702.8 2.05 120853
10148.6 2.06605 118216
9966.67 2.06605 124224
9318.03 2.11354 121361
9864.71 2.13836 120389
9268.79 2.18204 118858
10852.9 2.46 100500
10829 2.6702 114580
8586.41 2.84827 93830.6
8782.98 2.9156 93525.6
10351.1 3.30584 91792

10895.2 0.800909 151326
12316.8 1.25478 136259
10659.2 1.37719 139047
10632.7 1.37719 139130
10597.7 1.37719 139229
10167.1 1.92333 142618
9985.87 2.01117 146001
9782.23 2.02667 139128
9574.67 2.0302 127959
10702.8 2.05 120853
11287.4 2.06605 115459
10148.6 2.06605 118216
9594.15 2.06605 118773
9318.03 2.11354 121361
9268.79 2.18204 118858
11191.7 2.41683 107460
10852.9 2.46 100500
10683.1 2.6702 111717
10262.2 2.69667 117631
10536.7 2.77605 109476
8586.41 2.84827 93830.6
8782.98 2.9156 93525.6
10351.1 3.30584 91792

10895.2 0.800909 151326
13359.9 1.0827 122821
12316.8 1.25478 136259
10476 1.37719 137103
9745.99 1.92333 142369
9772.23 2.02667 140207
9782.23 2.02667 139128
9574.67 2.0302 127959
9684.67 2.0302 127472
10702.8 2.05 120853
10148.6 2.06605 118216
11287.4 2.06605 115459
9594.15 2.06605 118773
9318.03 2.11354 121361
9268.79 2.18204 118858
11191.7 2.41683 107460
10852.9 2.46 100500
9983.61 2.57336 105905
10245.4 2.6302 105791
8586.41 2.84827 93830.6
8782.98 2.9156 93525.6
10351.1 3.30584 91792

10895.2 0.800909 151326
14696.6 0.99255 133983
13359.9 1.0827 122821
12316.8 1.25478 136259
10476 1.37719 137103
9745.99 1.92333 142369
9772.23 2.02667 140207
9782.23 2.02667 139128
9574.67 2.0302 127959
9684.67 2.0302 127472
10702.8 2.05 120853
11287.4 2.06605 115459
10148.6 2.06605 118216
9594.15 2.06605 118773
9318.03 2.11354 121361
10531.3 2.13 110359
9268.79 2.18204 118858
11191.7 2.41683 107460
10852.9 2.46 100500
9983.61 2.57336 105905
10245.4 2.6302 105791
8586.41 2.84827 93830.6
8782.98 2.9156 93525.6
10351.1 3.30584 91792

10895.2 0.800909 151326
14696.6 0.99255 133983
13359.9 1.0827 122821
12316.8 1.25478 136259
10476 1.37719 137103
9796.35 1.39275 121465
9745.99 1.92333 142369
9722.23 1.98667 137434
9514.67 1.9902 126333
9624.67 1.9902 125846
10670.4 2.0302 119728
9594.15 2.06605 118773
10565.5 2.06605 112248
10148.6 2.06605 118216
9318.03 2.11354 121361
10531.3 2.13 110359
10029.1 2.13 117691
9523.58 2.18204 116733
9268.79 2.18204 118858
10104 2.38687 109466
11191.7 2.41683 107460
10792.9 2.42667 100231
9549.17 2.53398 106284
9582.8 2.57336 90406
8586.41 2.84827 93830.6
8782.98 2.9156 93525.6

11577.4 0.800909 145462
10895.2 0.800909 151326
14696.6 0.99255 133983
13359.9 1.0827 122821
12316.8 1.25478 136259
10476 1.37719 137103
9796.35 1.39275 121465
9745.99 1.92333 142369
9557.23 1.98667 135129
9514.67 1.9902 126333
9624.67 1.9902 125846
10670.4 2.0302 119728
10148.6 2.06605 118216
10553 2.06605 111465
9594.15 2.06605 118773
9330.99 2.09 121441
9008.08 2.11354 113063
10531.3 2.13 110359
10104 2.38687 109466
11191.7 2.41683 107460
10792.9 2.42667 100231
10702.9 2.46 100604
9465.51 2.47157 104362
10550.9 2.57336 88425.3
9582.8 2.57336 90406
8586.41 2.84827 93830.6
8782.98 2.9156 93525.6

11577.4 0.800909 145462
10895.2 0.800909 151326
14696.6 0.99255 133983
12344.2 1.00938 112166
12316.8 1.25478 136259
10476 1.37719 137103
9406.35 1.39275 115932
10553 2.06605 111465
9330.99 2.09 121441
10851.2 2.09 108747
9008.08 2.11354 113063
10531.3 2.13 110359
10104 2.38687 109466
11191.7 2.41683 107460
10792.9 2.42667 100231
10702.9 2.46 100604
9465.51 2.47157 104362
10167.1 2.4902 92108.4
10550.9 2.57336 88425.3
9582.8 2.57336 90406
8586.41 2.84827 93830.6
8782.98 2.9156 93525.6

11577.4 0.800909 145462
10895.2 0.800909 151326
14696.6 0.99255 133983
12344.2 1.00938 112166
12316.8 1.25478 136259
10018.7 1.37592 125994
9406.35 1.39275 115932
10533.6 2.06605 113223
10553 2.06605 111465
10851.2 2.09 108747
9330.99 2.09 121441
9616.8 2.11354 108260
9008.08 2.11354 113063
11191.7 2.41683 107460
10792.9 2.42667 100231
10702.9 2.46 100604
9465.51 2.47157 104362
10167.1 2.4902 92108.4
10550.9 2.57336 88425.3
9582.8 2.57336 90406
8630.17 2.77248 94932.7
8586.41 2.84827 93830.6
8782.98 2.9156 93525.6

11577.4 0.800909 145462
10895.2 0.800909 151326
9981.35 0.916085 120049
12344.2 1.00938 112166
10534.5 1.0898 102575
9406.35 1.39275 115932
9096.41 1.65303 107635
9008.08 2.11354 113063
10792.9 2.42667 100231
10702.9 2.46 100604
9465.51 2.47157 104362
10167.1 2.4902 92108.4
9822.78 2.53751 101027
10550.9 2.57336 88425.3
9582.8 2.57336 90406
9462.8 2.57336 92028.3
8630.17 2.77248 94932.7
8586.41 2.84827 93830.6
8782.98 2.9156 93525.6

11358 0.536549 118438
10895.2 0.800909 151326
9981.35 0.916085 120049
12344.2 1.00938 112166
10534.5 1.0898 102575
9406.35 1.39275 115932
9441.35 1.39275 115845
9096.41 1.65303 107635
9008.08 2.11354 113063
10802.9 2.42667 99799.7
10792.9 2.42667 100231
10702.9 2.46 100604
9465.51 2.47157 104362
10167.1 2.4902 92108.4
9762.78 2.49751 99445.6
9582.8 2.57336 90406
10550.9 2.57336 88425.3
9029.37 2.57336 91216.2
9350.93 2.62963 89755.8
8890.17 2.76248 104229
8630.17 2.77248 94932.7
8586.41 2.84827 93830.6
8782.98 2.9156 93525.6

11118 0.536549 116121
12759 0.800909 113248
10999.6 0.800909 130574
10895.2 0.800909 151326
10338.7 0.899256 130041
9981.35 0.916085 120049
12344.2 1.00938 112166
12454.2 1.00938 111425
9012.82 1.02516 90423.2
9008.08 2.11354 113063
9582.8 2.57336 90406
10550.9 2.57336 88425.3
9350.93 2.62963 89755.8
8890.17 2.76248 104229
8630.17 2.77248 94932.7
8586.41 2.84827 93830.6
8782.98 2.9156 93525.6

11118 0.536549 116121
10703.8 0.800909 135767
10999.6 0.800909 130574
11831 0.800909 104594
10490.9 0.873624 88866.6
10338.7 0.899256 130041
9981.35 0.916085 120049
9012.82 1.02516 90423.2
9008.08 2.11354 113063
9582.8 2.57336 90406
10550.9 2.57336 88425.3
9350.93 2.62963 89755.8
8890.17 2.76248 104229
8630.17 2.77248 94932.7
8586.41 2.84827 93830.6
8782.98 2.9156 93525.6

12482 0.534034 124734
11483 0.536549 120313
11118 0.536549 116121
11831 0.800909 104594
10261.8 0.800909 110963
10834.3 0.858006 108812
11155.9 0.873624 103161
10490.9 0.873624 88866.6
9971.35 0.916085 121129
9981.35 0.916085 120049
10205.1 1.00833 100720
9012.82 1.02516 90423.2
9008.08 2.11354 113063
9582.8 2.57336 90406
10550.9 2.57336 88425.3
9350.93 2.62963 89755.8
8890.17 2.76248 104229
8630.17 2.77248 94932.7
8582.33 2.84827 93830.6
8782.98 2.9156 93525.6
8602.99 3.07883 93399.7
10550.6 4.27887 88829.4

12482 0.534034 124734
11192 0.534034 112951
11118 0.536549 116121
11667.9 0.61899 112827
12181.8 0.800909 104550
11831 0.800909 104594
10261.8 0.800909 110963
10834.3 0.858006 108812
11155.9 0.873624 103161
10490.9 0.873624 88866.6
9971.35 0.916085 121129
9981.35 0.916085 120049
10205.1 1.00833 100720
10040.1 1.00833 100104
9624.16 1.01573 96466.2
9012.82 1.02516 90423.2
9008.08 2.11354 113063
10550.9 2.57336 88425.3
9582.8 2.57336 90406
9350.93 2.62963 89755.8
8890.17 2.76248 104229
8630.17 2.77248 94932.7
8582.33 2.84827 93830.6
8782.98 2.9156 93525.6
8602.99 3.07883 93399.7
10550.6 4.27887 88829.4

12122 0.534034 123823
11192 0.534034 112951
11118 0.536549 116121
11667.9 0.61899 112827
10653.1 0.800909 96261.1
9223.16 0.800909 110433
10490.9 0.873624 88866.6
10105.9 0.874242 100960
9804.47 0.874242 107536
9869.62 1.00833 95978.1
9624.16 1.01573 96466.2
8957.82 1.02516 89558.2
10303.4 1.15672 88053.3
8890.17 2.76248 104229
8630.17 2.77248 94932.7
8582.33 2.84827 93830.6
8782.98 2.9156 93525.6
8602.99 3.07883 93399.7

12264 0.529152 126540
12122 0.534034 123823
12072 0.534034 132781
11192 0.534034 112951
11118 0.536549 116121
11607.9 0.61899 110724
10819.2 0.656324 110732
9223.16 0.800909 110433
10653.1 0.800909 96261.1
9910.89 0.873624 89405.5
10490.9 0.873624 88866.6
10430.9 0.874242 87222.6
9804.47 0.874242 107536
9869.62 1.00833 95978.1
9624.16 1.01573 96466.2
8957.82 1.02516 89558.2
9303.43 1.15672 86352.3
8890.17 2.76248 104229
8630.17 2.77248 94932.7
8582.33 2.84827 93830.6
8782.98 2.9156 93525.6
8602.99 3.07883 93399.7

11125.6 0.485035 100110
11118 0.536549 116121
9816.64 0.54598 103081
10653.1 0.800909 96261.1
9223.16 0.800909 110433
10490.9 0.873624 88866.6
9910.89 0.873624 89405.5
10430.9 0.874242 87222.6
9647.61 0.874242 100498
9876.47 0.998901 97530.8
9635.13 1.00833 94903.5
9619.62 1.00833 99159.1
9508.19 1.01321 101099
9624.16 1.01573 96466.2
8822.82 1.02516 86341
8630.17 2.77248 94932.7
8582.33 2.84827 93830.6
8782.98 2.9156 93525.6
8602.99 3.07883 93399.7

11125.6 0.485035 100110
10393 0.536549 110228
10391.6 0.54598 106927
9816.64 0.54598 103081
10060.8 0.564642 91681
9223.16 0.800909 110433
9411.81 0.800909 102769
9635.89 0.873624 86928
9433.09 0.940241 85095.2
9264.16 1.01573 93026.2
8822.82 1.02516 86341
8630.17 2.77248 94932.7
8582.33 2.84827 93830.6
8782.98 2.9156 93525.6
8598.91 3.07883 93399.7

12347.4 0.468206 118302
10125.6 0.485035 89786.3
10118 0.536549 105797
10056.6 0.54598 102764
9871.64 0.54598 104311
9816.64 0.54598 103081
10060.8 0.564642 91681
9223.16 0.800909 110433
9411.81 0.800909 102769
9540.46 0.800909 87720.3
9635.89 0.873624 86928
9539.67 0.874242 92436.1
9533.09 0.926908 86565.1
9433.09 0.940241 85095.2
9264.16 1.01573 93026.2
8822.82 1.02516 86341
8630.17 2.77248 94932.7
8582.33 2.84827 93830.6
8782.98 2.9156 93525.6
8598.91 3.07883 93399.7
