
109099 9.98212 1.16154e+06
106043 10.2033 1.24808e+06
104847 10.2961 997255
100003 10.3188 1.22054e+06
104671 10.4872 1.19173e+06
99954.5 10.7012 1.42888e+06
104391 11.1829 1.15638e+06
99964.4 11.2133 1.36201e+06
96417.6 11.2933 1.38052e+06
99268 11.3433 1.08264e+06
97103.1 12.5933 1.23844e+06

96642.8 8.5632 1.12468e+06
101574 8.9184 1.10893e+06
100080 9.18578 1.12012e+06
104847 10.2961 997255
96343 10.4502 1.25588e+06
99268 11.3433 1.08264e+06

96642.8 8.5632 1.12468e+06
101574 8.9184 1.10893e+06
100080 9.18578 1.12012e+06
99223.2 9.55333 1.08324e+06
104847 10.2961 997255
96343 10.4502 1.25588e+06
101732 10.6199 1.00262e+06
99268 11.3433 1.08264e+06
96142 11.5001 1.29073e+06
94673.8 12.9596 1.34334e+06

96642.8 8.5632 1.12468e+06
101574 8.9184 1.10893e+06
100080 9.18578 1.12012e+06
99223.2 9.55333 1.08324e+06
106276 9.69 1.02154e+06
104847 10.2961 997255
96343 10.4502 1.25588e+06
95833 10.5533 1.39819e+06
101732 10.6199 1.00262e+06
94845.2 10.7096 1.48186e+06
95095.9 10.9067 1.35657e+06
92873.3 11.1233 1.21607e+06
99790.1 11.2137 1.01802e+06
99268 11.3433 1.08264e+06
91548.8 11.4506 1.33955e+06

96642.8 8.5632 1.12468e+06
99794.4 8.83636 1.02252e+06
99223.2 9.55333 1.08324e+06
106276 9.69 1.02154e+06
95548.8 10.0933 1.21288e+06
104847 10.2961 997255
98781.6 10.3569 1.05404e+06
93281.5 10.5039 1.33328e+06
101732 10.6199 1.00262e+06
96430.5 10.9567 1.14936e+06
92873.3 11.1233 1.21607e+06
99790.1 11.2137 1.01802e+06
96257.9 11.3433 1.04691e+06
91548.8 11.4506 1.33955e+06
91855.8 11.4506 1.22947e+06
91950.2 13.1526 1.19722e+06

96642.8 8.5632 1.12468e+06
99794.4 8.83636 1.02252e+06
94419.8 9.32845 1.13706e+06
94255.3 9.38626 1.00309e+06
88234.9 9.85765 1.30622e+06
104847 10.2961 997255
93413.2 10.4333 1.21218e+06
101732 10.6199 1.00262e+06
93372.3 10.839 1.26789e+06
92723.3 11.0667 1.07273e+06
91855.8 11.4506 1.22947e+06
91950.2 13.1526 1.19722e+06
91067.3 13.4694 1.24734e+06

96642.8 8.5632 1.12468e+06
99794.4 8.83636 1.02252e+06
95844.7 9.25845 1.11771e+06
94419.8 9.32845 1.13706e+06
94255.3 9.38626 1.00309e+06
87862.9 9.85765 1.20617e+06
93501.8 9.98032 1.16269e+06
104847 10.2961 997255
93591.2 10.5367 1.09206e+06
101732 10.6199 1.00262e+06
91094 10.6332 1.08479e+06
90592.4 10.8833 1.19124e+06
92723.3 11.0667 1.07273e+06
