6532954 32764.9 3.60808
6451918 30843.4 3.62715
6451666 30857.9 3.62715
6456146 31263.4 3.62715
6463042 31240 3.92449
6466683 31538.4 3.62715
6533539 32779 3.63107
6539079 32749.7 3.73824
6494674 32399.7 3.78491
6494632 32530.4 3.78491
6489333 32353.5 4.15195
6479472 32293.4 4.27813
6527687 31882.9 4.65876
6534201 32814 3.63107
6534197 33628.4 3.79634
6504340 33043.4 3.96147
6499547 33815.8 4.03574
6503835 32779.7 4.03824
6528001 31894.6 4.65876
6516367 32752.7 4.7046
6541663 33900.4 3.79634
6545335 33479.2 3.91998
6534222 33634.5 3.93382
6515528 33124.7 3.96738
6505019 35069.4 4.03574
6505659 34199.6 4.24713
6526465 33094.8 4.30804
6502703 34322.4 4.46833
6529245 32625.8 4.65876
6514529 32918.4 4.7046
6582117 34466.4 3.79796
6558336 34598.3 3.84149
6556997 34996.9 4.021
6518323 33509.7 4.08615
6544605 33261.9 4.38637
6518289 33612.2 4.41137
6513088 34342.6 4.52159
6552189 33074.7 4.65876
6527840 33107.7 4.7046
6511578 36327.4 4.71667
6506087 35965.9 4.91081
6552494 33036.4 4.94469
6555762 32647.9 5.08761
6562460 34793.3 3.84149
6547129 33811.3 4.09488
6560825 33723.5 4.14556
6528850 35094.3 4.22444
6528537 35119.3 4.22444
6571717 33573.3 4.24563
6534241 33544.5 4.27281
6527841 34072.8 4.35106
6524871 33882.5 4.50224
6519827 35940.3 4.52479
6537057 33512.7 4.7046
6530991 33647.2 4.7046
6530255 33652.7 4.7046
6527007 33573.4 4.83924
6519463 34382 4.89973
6566837 35398.2 3.95557
6572215 35089.5 4.0204
6563484 34945.8 4.0387
6568641 34066.6 4.10521
6558449 34702.8 4.11465
6557708 36257.2 4.13027
6549109 35161 4.14127
6547694 34278.1 4.17165
6547525 34322.2 4.17165
6562400 34036.3 4.2121
6567554 33766.8 4.22761
6535199 35256 4.23797
6539178 34908.9 4.29937
6548879 34199.8 4.30804
6534819 34422.7 4.35106
6541258 33610 4.40939
6541247 33915.1 4.58774
6523074 34647.2 5.10137
6539440 34460.8 4.62284
6564216 33866.4 4.94469
6537886 35895 5.01163
6539355 34672.5 5.22175
