6532954 32764.9 3.60808
6451918 30843.4 3.62715
6451666 30857.9 3.62715
6451666 30857.9 3.62715
6451666 30857.9 3.62715
6451288 30878.9 3.62715
6451918 30843.4 3.62715
6451918 30843.4 3.62715
6451918 30843.4 3.62715
6456146 31263.4 3.62715
6456146 31263.4 3.62715
6463042 31240 3.92449
6463042 31240 3.92449
6463042 31240 3.92449
6460219 31268 3.62715
6463798 31303.4 3.62715
6466683 31538.4 3.62715
6466683 31538.4 3.62715
6466683 31538.4 3.62715
6466243 31561.9 3.62715
6464577 31383.4 3.64044
6471133 31708.4 3.62715
6465810 32032.9 4.39044
6533539 32779 3.63107
6514122 32821.3 3.63107
6539079 32749.7 3.73824
6494674 32399.7 3.78491
6494632 32530.4 3.78491
6494632 32530.4 3.78491
6488841 32183.4 3.88591
6482928 33648.4 4.20591
6477738 32248.1 4.27813
6527687 31882.9 4.65876
6534201 32814 3.63107
6534201 32814 3.63107
6533916 32831.8 3.63107
6517941 33262.9 3.66741
6494674 32399.7 3.78491
6494674 32399.7 3.78491
6489333 32353.5 4.15195
6489333 32353.5 4.15195
6489333 32353.5 4.15195
6501850 32327.2 4.22202
6479472 32293.4 4.27813
6478620 32299.2 4.36813
6528001 31894.6 4.65876
6528001 31894.6 4.65876
6515699 33550.4 3.78491
6545335 33479.2 3.91998
6504340 33043.4 3.96147
6504340 33043.4 3.96147
6504340 33043.4 3.96147
6497474 32983.4 3.97053
6503835 32779.7 4.03824
6503835 32779.7 4.03824
6503835 32779.7 4.03824
6485273 33353.4 4.40741
6529245 32625.8 4.65876
6529245 32625.8 4.65876
6516367 32752.7 4.7046
6516367 32752.7 4.7046
6483204 35418.4 6.36147
6534197 33628.4 3.79634
6515528 33124.7 3.96738
6515528 33124.7 3.96738
6499547 33815.8 4.03574
6533958 32888.4 4.14884
6508490 33224.4 4.2769
6526465 33094.8 4.30804
6533909 32992.9 4.65876
6514529 32918.4 4.7046
6515738 32801.4 4.86004
6493411 34153.4 5.01408
6555762 32647.9 5.08761
6519106 33176.2 4.4303
6502703 34322.4 4.46833
6552189 33074.7 4.65876
6527840 33107.7 4.7046
6552494 33036.4 4.94469
6556646 32884.3 5.08761
