6463699 31318.4 3.60382
6451918 30843.4 3.62715
6451666 30857.9 3.62715
6451666 30857.9 3.62715
6451666 30857.9 3.62715
6451666 30857.9 3.62715
6451666 30857.9 3.62715
6451666 30857.9 3.62715
6451540 30864.4 3.62715
6451540 30864.4 3.62715
6451288 30878.9 3.62715
6532954 32764.9 3.60808
6451918 30843.4 3.62715
6451918 30843.4 3.62715
6451918 30843.4 3.62715
6451918 30843.4 3.62715
6451918 30843.4 3.62715
6451918 30843.4 3.62715
6451918 30843.4 3.62715
6451918 30843.4 3.62715
6451918 30843.4 3.62715
6451918 30843.4 3.62715
6451918 30843.4 3.62715
6451918 30843.4 3.62715
6451918 30843.4 3.62715
6454696 31013.4 3.62715
6451969 30862.5 3.71876
6456146 31263.4 3.62715
6456146 31263.4 3.62715
6456146 31263.4 3.62715
6463042 31240 3.92449
6463042 31240 3.92449
6463042 31240 3.92449
6463042 31240 3.92449
6463042 31240 3.92449
6463042 31240 3.92449
6463042 31240 3.92449
6463042 31240 3.92449
6463042 31240 3.92449
6463042 31240 3.92449
6462790 31254.5 3.92449
6460219 31268 3.62715
6463798 31303.4 3.62715
6463798 31303.4 3.62715
6463376 31578.4 4.09711
6463376 31578.4 4.09711
6466180 31311.9 3.62715
6464577 31383.4 3.64044
6464577 31383.4 3.64044
6466683 31538.4 3.62715
6466683 31538.4 3.62715
6466683 31538.4 3.62715
6466683 31538.4 3.62715
6466243 31561.9 3.62715
6464585 31392.4 3.64044
6468089 31388.4 3.88591
6469053 31342.9 3.93044
6471133 31708.4 3.62715
6471133 31708.4 3.62715
6471133 31708.4 3.62715
6470898 31833.4 3.68053
6475751 31563.4 3.8248
6465810 32032.9 4.39044
6465810 32032.9 4.39044
6478066 32163.4 3.62715
6472186 32408.4 3.62715
6485807 31647.1 3.90222
6479769 32088.8 3.92449
6476974 31982.6 4.06184
6476699 32658.4 3.62715
6494674 32399.7 3.78491
6494632 32530.4 3.78491
6494632 32530.4 3.78491
6488841 32183.4 3.88591
6488841 32183.4 3.88591
6488841 32183.4 3.88591
6477738 32248.1 4.27813
6477738 32248.1 4.27813
6527687 31882.9 4.65876
6478587 32898.4 4.71715
