6463699 31318.4 3.60382
6463699 31318.4 3.60382
6451540 30864.4 3.62715
6451288 30878.9 3.62715
6451288 30878.9 3.62715
6451288 30878.9 3.62715
6451288 30878.9 3.62715
6451540 30864.4 3.62715
6451540 30864.4 3.62715
6451540 30864.4 3.62715
6451918 30843.4 3.62715
6451666 30857.9 3.62715
6451666 30857.9 3.62715
6451666 30857.9 3.62715
6451666 30857.9 3.62715
6451666 30857.9 3.62715
6451666 30857.9 3.62715
6451666 30857.9 3.62715
6451666 30857.9 3.62715
6451666 30857.9 3.62715
6532954 32764.9 3.60808
6451918 30843.4 3.62715
6451918 30843.4 3.62715
6451918 30843.4 3.62715
6451918 30843.4 3.62715
6451918 30843.4 3.62715
6451918 30843.4 3.62715
6451918 30843.4 3.62715
6451918 30843.4 3.62715
6451918 30843.4 3.62715
6451918 30843.4 3.62715
6451918 30843.4 3.62715
6451918 30843.4 3.62715
6451918 30843.4 3.62715
6451918 30843.4 3.62715
6451918 30843.4 3.62715
6451918 30843.4 3.62715
6451918 30843.4 3.62715
6451918 30843.4 3.62715
6451918 30843.4 3.62715
6451918 30843.4 3.62715
6451918 30843.4 3.62715
6451918 30843.4 3.62715
6451918 30843.4 3.62715
6451918 30843.4 3.62715
6451918 30843.4 3.62715
6451918 30843.4 3.62715
6451918 30843.4 3.62715
6451918 30843.4 3.62715
6451918 30843.4 3.62715
6451918 30843.4 3.62715
6451918 30843.4 3.62715
6453768 30927.1 3.62715
6451969 30862.5 3.71876
6451969 30862.5 3.71876
6451921 31502.9 3.95257
6457215 30983.4 3.62715
6454696 31013.4 3.62715
6454696 31013.4 3.62715
6453913 32068.4 3.62715
6452676 31983.4 4.38715
6452299 32004.4 4.38715
6463042 31240 3.92449
6462790 31254.5 3.92449
6463042 31240 3.92449
6463042 31240 3.92449
6463042 31240 3.92449
6463042 31240 3.92449
6463042 31240 3.92449
6463042 31240 3.92449
6463042 31240 3.92449
6463042 31240 3.92449
6463042 31240 3.92449
6463042 31240 3.92449
6463042 31240 3.92449
6463042 31240 3.92449
6463042 31240 3.92449
6463042 31240 3.92449
6463042 31240 3.92449
6452793 32078.4 4.45048
