6463322 31339.4 3.60382
6463322 31339.4 3.60382
6463699 31318.4 3.60382
6463699 31318.4 3.60382
6463699 31318.4 3.60382
6463699 31318.4 3.60382
6463699 31318.4 3.60382
6451288 30878.9 3.62715
6451540 30864.4 3.62715
6451288 30878.9 3.62715
6451288 30878.9 3.62715
6451288 30878.9 3.62715
6451288 30878.9 3.62715
6451540 30864.4 3.62715
6451540 30864.4 3.62715
6451540 30864.4 3.62715
6451540 30864.4 3.62715
6451540 30864.4 3.62715
6451540 30864.4 3.62715
6451288 30878.9 3.62715
6451288 30878.9 3.62715
6451288 30878.9 3.62715
6451288 30878.9 3.62715
6451288 30878.9 3.62715
6451288 30878.9 3.62715
6451288 30878.9 3.62715
6451288 30878.9 3.62715
6451288 30878.9 3.62715
6451288 30878.9 3.62715
6448859 31007.9 3.62715
6451666 30857.9 3.62715
6451666 30857.9 3.62715
6451666 30857.9 3.62715
6451666 30857.9 3.62715
6451666 30857.9 3.62715
6451666 30857.9 3.62715
6451666 30857.9 3.62715
6451666 30857.9 3.62715
6451666 30857.9 3.62715
6451666 30857.9 3.62715
6451666 30857.9 3.62715
6451666 30857.9 3.62715
6451666 30857.9 3.62715
6451666 30857.9 3.62715
6451666 30857.9 3.62715
6451918 30843.4 3.62715
6451666 30857.9 3.62715
6451666 30857.9 3.62715
6451666 30857.9 3.62715
6451666 30857.9 3.62715
6451666 30857.9 3.62715
6451666 30857.9 3.62715
6451666 30857.9 3.62715
6451666 30857.9 3.62715
6451666 30857.9 3.62715
6451540 30864.4 3.62715
6451540 30864.4 3.62715
6451540 30864.4 3.62715
6451540 30864.4 3.62715
6451918 30843.4 3.62715
6451918 30843.4 3.62715
6451918 30843.4 3.62715
6451918 30843.4 3.62715
6451918 30843.4 3.62715
6451918 30843.4 3.62715
6451918 30843.4 3.62715
6451918 30843.4 3.62715
6451918 30843.4 3.62715
6451918 30843.4 3.62715
6451918 30843.4 3.62715
6451918 30843.4 3.62715
6451918 30843.4 3.62715
6451918 30843.4 3.62715
6451918 30843.4 3.62715
6451918 30843.4 3.62715
6451918 30843.4 3.62715
6451918 30843.4 3.62715
6451918 30843.4 3.62715
6451918 30843.4 3.62715
6451592 30883.5 3.71876
