6451666 30857.9 3.62715
6451540 30864.4 3.62715
6451540 30864.4 3.62715
6451540 30864.4 3.62715
6451540 30864.4 3.62715
6451540 30864.4 3.62715
6451540 30864.4 3.62715
6451666 30857.9 3.62715
6451666 30857.9 3.62715
6451666 30857.9 3.62715
6451540 30864.4 3.62715
6451666 30857.9 3.62715
6451666 30857.9 3.62715
6451666 30857.9 3.62715
6451666 30857.9 3.62715
6451666 30857.9 3.62715
6451666 30857.9 3.62715
6451666 30857.9 3.62715
6451666 30857.9 3.62715
6451666 30857.9 3.62715
6451288 30878.9 3.62715
6451288 30878.9 3.62715
6451288 30878.9 3.62715
6451288 30878.9 3.62715
6451288 30878.9 3.62715
6451288 30878.9 3.62715
6451288 30878.9 3.62715
6451288 30878.9 3.62715
6451288 30878.9 3.62715
6451288 30878.9 3.62715
6451666 30857.9 3.62715
6451288 30878.9 3.62715
6451288 30878.9 3.62715
6451288 30878.9 3.62715
6451288 30878.9 3.62715
6451288 30878.9 3.62715
6451540 30864.4 3.62715
6451540 30864.4 3.62715
6451540 30864.4 3.62715
6451540 30864.4 3.62715
6451666 30857.9 3.62715
6451666 30857.9 3.62715
6451666 30857.9 3.62715
6451666 30857.9 3.62715
6451666 30857.9 3.62715
6451666 30857.9 3.62715
6451666 30857.9 3.62715
6451666 30857.9 3.62715
6451666 30857.9 3.62715
6451666 30857.9 3.62715
6451666 30857.9 3.62715
6451666 30857.9 3.62715
6451666 30857.9 3.62715
6451666 30857.9 3.62715
6451666 30857.9 3.62715
6451666 30857.9 3.62715
6451666 30857.9 3.62715
6451666 30857.9 3.62715
6451666 30857.9 3.62715
6451666 30857.9 3.62715
6451666 30857.9 3.62715
6451918 30843.4 3.62715
6451666 30857.9 3.62715
6451666 30857.9 3.62715
6451666 30857.9 3.62715
6451666 30857.9 3.62715
6451666 30857.9 3.62715
6451666 30857.9 3.62715
6451666 30857.9 3.62715
6451666 30857.9 3.62715
6451666 30857.9 3.62715
6451666 30857.9 3.62715
6451666 30857.9 3.62715
6451666 30857.9 3.62715
6451666 30857.9 3.62715
6451666 30857.9 3.62715
6451666 30857.9 3.62715
6451666 30857.9 3.62715
6451666 30857.9 3.62715
6451896 30853.4 3.71472
