50
119456 10480.3 3.51721
142390 11255.1 3.54721
158825 10712.9 3.535
140711 10895 3.41789
151294 10543.7 3.6035
151268 10678.6 3.40797
152618 11510.8 3.85472
146121 11049.3 3.65667
138432 11029 3.49252
165502 11725 4.00594
115056 10106.6 3.17282
159745 12044.2 3.98409
125647 9402.35 3.41711
159902 11498.7 3.88827
144622 11516.6 3.72896
125147 10403.1 3.44481
161863 10614.2 4.27386
146685 11013.4 4.20161
154180 11775.1 3.7337
140154 10625.9 3.79332
123740 9223.27 3.06039
98303.4 9680.95 3.15872
140944 10791.1 3.9276
161565 10741 3.8225
142140 10152.5 3.51901
155133 11887 3.76556
131099 9775.42 2.99568
173726 10963.7 4.39032
141883 11868 4.48806
151781 10716.8 3.40539
163014 11352.4 3.91859
160987 11117.2 4.04733
152133 10993.2 3.51436
146928 11780.1 3.61954
124141 10741.8 3.41
167497 12173.5 4.01
163794 11059.2 3.63635
169664 10950.8 3.91326
194205 12574.3 4.11382
127315 10606.5 3.42526
166349 11816.6 3.9066
150841 10899.2 3.50667
139744 10971 3.57408
135698 11430.7 4.2014
156839 12052.8 4.13
147101 10245.1 2.44463
142482 10406.9 3.17817
142224 11038.1 3.53077
144825 11553.6 3.72458
158191 11749.2 4.72663
