598747.19 9215.30 0.62
597597.75 9802.09 0.83
597597.75 9802.09 0.83
597597.75 9802.09 0.83
597597.75 9802.09 0.83
597597.75 9802.09 0.83
597597.75 9802.09 0.83
597597.75 9802.09 0.83
597597.75 9802.09 0.83
597597.75 9802.09 0.83
597597.75 9802.09 0.83
597597.75 9802.09 0.83
597597.75 9802.09 0.83
597597.75 9802.09 0.83
597597.75 9802.09 0.83
597597.75 9802.09 0.83
597597.75 9802.09 0.83
597597.75 9802.09 0.83
597597.75 9802.09 0.83
597597.75 9802.09 0.83
597597.75 9802.09 0.83
597597.75 9802.09 0.83
597436.56 9405.77 0.84
597436.56 9405.77 0.84
590914.56 9907.56 0.89
590914.56 9907.56 0.89
590914.56 9907.56 0.89
590914.56 9907.56 0.89
590914.56 9907.56 0.89
596074.00 9270.35 0.90
591441.12 9375.35 0.90
591441.12 9375.35 0.90
591441.12 9375.35 0.90
591441.12 9375.35 0.90
591441.12 9375.35 0.90
591441.12 9375.35 0.90
591441.12 9375.35 0.90
591441.12 9375.35 0.90
596074.00 9270.35 0.90
596074.00 9270.35 0.90
588675.12 9429.41 0.95
588675.12 9429.41 0.95
588675.12 9429.41 0.95
588675.12 9429.41 0.95
588675.12 9429.41 0.95
588675.12 9429.41 0.95
588675.12 9429.41 0.95
593237.69 9324.41 0.95
584547.00 9969.98 1.03
584154.19 10085.89 1.04
584154.19 10085.89 1.04
584154.19 10085.89 1.04
584943.00 9480.82 1.12
582175.06 9534.88 1.17
577463.88 10191.36 1.26
577463.88 10191.36 1.26
574068.12 9050.30 1.26
585154.81 9045.30 1.26
574068.12 9050.30 1.26
574068.12 9050.30 1.26
574068.12 9050.30 1.26
574068.12 9050.30 1.26
574068.12 9050.30 1.26
574068.12 9050.30 1.26
574068.12 9050.30 1.26
574068.12 9050.30 1.26
574068.12 9050.30 1.26
574068.12 9050.30 1.26
574068.12 9050.30 1.26
574068.12 9050.30 1.26
574068.12 9050.30 1.26
574068.12 9050.30 1.26
569996.50 9498.02 1.26
569996.50 9498.02 1.26
565223.88 9509.51 1.26
565223.88 9509.51 1.26
565223.88 9509.51 1.26
565223.88 9509.51 1.26
565223.88 9509.51 1.26
565223.88 9509.51 1.26
597097.00 9241.93 0.62
597097.00 9241.93 0.62
597097.00 9241.93 0.62
597097.00 9241.93 0.62
597097.00 9241.93 0.62
597097.00 9241.93 0.62
597097.00 9241.93 0.62
597097.00 9241.93 0.62
597097.00 9241.93 0.62
597097.00 9241.93 0.62
597097.00 9241.93 0.62
597097.00 9241.93 0.62
597097.00 9241.93 0.62
597097.00 9241.93 0.62
594369.56 8935.30 0.62
594369.56 8935.30 0.62
594369.56 8935.30 0.62
594369.56 8935.30 0.62
594369.56 8935.30 0.62
594369.56 8935.30 0.62
594369.56 8935.30 0.62
594369.56 8935.30 0.62
594369.56 8935.30 0.62
594369.56 8935.30 0.62
594369.56 8935.30 0.62
594369.56 8935.30 0.62
594369.56 8935.30 0.62
594369.56 8935.30 0.62
594369.56 8935.30 0.62
594369.56 8935.30 0.62
594369.56 8935.30 0.62
594369.56 8935.30 0.62
594369.56 8935.30 0.62
594369.56 8935.30 0.62
594369.56 8935.30 0.62
594369.56 8935.30 0.62
594369.56 8935.30 0.62
594369.56 8935.30 0.62
594369.56 8935.30 0.62
594369.56 8935.30 0.62
594369.56 8935.30 0.62
594369.56 8935.30 0.62
594369.56 8935.30 0.62
594369.56 8935.30 0.62
594369.56 8935.30 0.62
594369.56 8935.30 0.62
594369.56 8935.30 0.62
594369.56 8935.30 0.62
594369.56 8935.30 0.62
594369.56 8935.30 0.62
594369.56 8935.30 0.62
594369.56 8935.30 0.62
594369.56 8935.30 0.62
594369.56 8935.30 0.62
594369.56 8935.30 0.62
594369.56 8935.30 0.62
594369.56 8935.30 0.62
594369.56 8935.30 0.62
594369.56 8935.30 0.62
594369.56 8935.30 0.62
594369.56 8935.30 0.62
594369.56 8935.30 0.62
594369.56 8935.30 0.62
594369.56 8935.30 0.62
594369.56 8935.30 0.62
594369.56 8935.30 0.62
594369.56 8935.30 0.62
594369.56 8935.30 0.62
594369.56 8935.30 0.62
591536.75 8989.37 0.67
591536.75 8989.37 0.67
591536.75 8989.37 0.67
591536.75 8989.37 0.67
591536.75 8989.37 0.67
591536.75 8989.37 0.67
591536.75 8989.37 0.67
591536.75 8989.37 0.67
591536.75 8989.37 0.67
591536.75 8989.37 0.67
591536.75 8989.37 0.67
643965.88 10849.86 0.90
634098.12 10804.86 0.94
634098.12 10804.86 0.94
634098.12 10804.86 0.94
634098.12 10804.86 0.94
634098.12 10804.86 0.94
634098.12 10804.86 0.94
634098.12 10804.86 0.94
634098.12 10804.86 0.94
634098.12 10804.86 0.94
634098.12 10804.86 0.94
634098.12 10804.86 0.94
634098.12 10804.86 0.94
634098.12 10804.86 0.94
634098.12 10804.86 0.94
634098.12 10804.86 0.94
634098.12 10804.86 0.94
634098.12 10804.86 0.94
634098.12 10804.86 0.94
634098.12 10804.86 0.94
634098.12 10804.86 0.94
634098.12 10804.86 0.94
634098.12 10804.86 0.94
634098.12 10804.86 0.94
634098.12 10804.86 0.94
634098.12 10804.86 0.94
634098.12 10804.86 0.94
634098.12 10804.86 0.94
634098.12 10804.86 0.94
634098.12 10804.86 0.94
634098.12 10804.86 0.94
634098.12 10804.86 0.94
634098.12 10804.86 0.94
634098.12 10804.86 0.94
634098.12 10804.86 0.94
634098.12 10804.86 0.94
634098.12 10804.86 0.94
634098.12 10804.86 0.94
634098.12 10804.86 0.94
634098.12 10804.86 0.94
634098.12 10804.86 0.94
634098.12 10804.86 0.94
634098.12 10804.86 0.94
634098.12 10804.86 0.94
634098.12 10804.86 0.94
634098.12 10804.86 0.94
634098.12 10804.86 0.94
634098.12 10804.86 0.94
634098.12 10804.86 0.94
634098.12 10804.86 0.94
634098.12 10804.86 0.94
634098.12 10804.86 0.94
634098.12 10804.86 0.94
634098.12 10804.86 0.94
634098.12 10804.86 0.94
634098.12 10804.86 0.94
634098.12 10804.86 0.94
634098.12 10804.86 0.94
634098.12 10804.86 0.94
634098.12 10804.86 0.94
634098.12 10804.86 0.94
634098.12 10804.86 0.94
634098.12 10804.86 0.94
634098.12 10804.86 0.94
634098.12 10804.86 0.94
634098.12 10804.86 0.94
634098.12 10804.86 0.94
634098.12 10804.86 0.94
634098.12 10804.86 0.94
634098.12 10804.86 0.94
634098.12 10804.86 0.94
634098.12 10804.86 0.94
627031.19 10994.74 0.98
627031.19 10994.74 0.98
627031.19 10994.74 0.98
627031.19 10994.74 0.98
627031.19 10994.74 0.98
627031.19 10994.74 0.98
627031.19 10994.74 0.98
627031.19 10994.74 0.98
664531.94 10321.93 0.62
664611.38 10286.93 0.62
664755.44 9990.30 0.64
608043.06 9245.30 0.65
608043.06 9245.30 0.65
608043.06 9245.30 0.65
608043.06 9245.30 0.65
605219.44 9299.37 0.67
605219.44 9299.37 0.67
605219.44 9299.37 0.67
597743.06 9319.37 0.73
600500.00 9265.30 0.73
600500.00 9265.30 0.73
600500.00 9265.30 0.73
600500.00 9265.30 0.73
600500.00 9265.30 0.73
600500.00 9265.30 0.73
597743.06 9319.37 0.73
597743.06 9319.37 0.73
597743.06 9319.37 0.73
597743.06 9319.37 0.73
600500.00 9265.30 0.73
597743.06 9319.37 0.73
597743.06 9319.37 0.73
597743.06 9319.37 0.73
597743.06 9319.37 0.73
597743.06 9319.37 0.73
597743.06 9319.37 0.73
597743.06 9319.37 0.73
597743.06 9319.37 0.73
597743.06 9319.37 0.73
600500.00 9265.30 0.73
600500.00 9265.30 0.73
600500.00 9265.30 0.73
600500.00 9265.30 0.73
600500.00 9265.30 0.73
600500.00 9265.30 0.73
600500.00 9265.30 0.73
600500.00 9265.30 0.73
600500.00 9265.30 0.73
600500.00 9265.30 0.73
600500.00 9265.30 0.73
600500.00 9265.30 0.73
600500.00 9265.30 0.73
600500.00 9265.30 0.73
600500.00 9265.30 0.73
600500.00 9265.30 0.73
600500.00 9265.30 0.73
600500.00 9265.30 0.73
600500.00 9265.30 0.73
600500.00 9265.30 0.73
600500.00 9265.30 0.73
600500.00 9265.30 0.73
600500.00 9265.30 0.73
600500.00 9265.30 0.73
600500.00 9265.30 0.73
600500.00 9265.30 0.73
590663.62 9586.68 0.77
592793.88 9284.27 0.80
585596.38 9304.27 0.80
585596.38 9304.27 0.80
585596.38 9304.27 0.80
585596.38 9304.27 0.80
592793.88 9284.27 0.80
592793.88 9284.27 0.80
592793.88 9284.27 0.80
592793.88 9284.27 0.80
592793.88 9284.27 0.80
592793.88 9284.27 0.80
592793.88 9284.27 0.80
585596.38 9304.27 0.80
585596.38 9304.27 0.80
585596.38 9304.27 0.80
585596.38 9304.27 0.80
585596.38 9304.27 0.80
585596.38 9304.27 0.80
585596.38 9304.27 0.80
585596.38 9304.27 0.80
585596.38 9304.27 0.80
585596.38 9304.27 0.80
608474.19 9436.93 0.62
599093.75 9060.30 0.62
599093.75 9060.30 0.62
599093.75 9060.30 0.62
599093.75 9060.30 0.62
599093.75 9060.30 0.62
599093.75 9060.30 0.62
599093.75 9060.30 0.62
599093.75 9060.30 0.62
599093.75 9060.30 0.62
599093.75 9060.30 0.62
599093.75 9060.30 0.62
599093.75 9060.30 0.62
599093.75 9060.30 0.62
599093.75 9060.30 0.62
599093.75 9060.30 0.62
599093.75 9060.30 0.62
599093.75 9060.30 0.62
599093.75 9060.30 0.62
599093.75 9060.30 0.62
599093.75 9060.30 0.62
599093.75 9060.30 0.62
599093.75 9060.30 0.62
599093.75 9060.30 0.62
599093.75 9060.30 0.62
599093.75 9060.30 0.62
599093.75 9060.30 0.62
599093.75 9060.30 0.62
599093.75 9060.30 0.62
599093.75 9060.30 0.62
599093.75 9060.30 0.62
599093.75 9060.30 0.62
599093.75 9060.30 0.62
599093.75 9060.30 0.62
599093.75 9060.30 0.62
599093.75 9060.30 0.62
599093.75 9060.30 0.62
599093.75 9060.30 0.62
599093.75 9060.30 0.62
599093.75 9060.30 0.62
599093.75 9060.30 0.62
599093.75 9060.30 0.62
599093.75 9060.30 0.62
599093.75 9060.30 0.62
599093.75 9060.30 0.62
599093.75 9060.30 0.62
599093.75 9060.30 0.62
599093.75 9060.30 0.62
599093.75 9060.30 0.62
599093.75 9060.30 0.62
599093.75 9060.30 0.62
599093.75 9060.30 0.62
599093.75 9060.30 0.62
593478.12 9588.86 0.76
593478.12 9588.86 0.76
593478.12 9588.86 0.76
593478.12 9588.86 0.76
593478.12 9588.86 0.76
593478.12 9588.86 0.76
595389.69 9528.62 0.76
595389.69 9528.62 0.76
573600.06 9446.78 0.79
573600.06 9446.78 0.79
573600.06 9446.78 0.79
583808.69 9099.27 0.80
583808.69 9099.27 0.80
583808.69 9099.27 0.80
583808.69 9099.27 0.80
583808.69 9099.27 0.80
583808.69 9099.27 0.80
583808.69 9099.27 0.80
583808.69 9099.27 0.80
583808.69 9099.27 0.80
583808.69 9099.27 0.80
583808.69 9099.27 0.80
583808.69 9099.27 0.80
583808.69 9099.27 0.80
583808.69 9099.27 0.80
583808.69 9099.27 0.80
557292.38 9437.25 1.01
819472.00 11681.19 0.85
687645.12 10429.44 0.89
664201.81 10278.82 1.03
560924.19 8988.71 1.05
539870.81 8876.42 1.07
532492.06 8781.42 1.07
526154.38 8741.42 1.10
526154.38 8741.42 1.10
526154.38 8741.42 1.10
526154.38 8741.42 1.10
526154.38 8741.42 1.10
526154.38 8741.42 1.10
526154.38 8741.42 1.10
526154.38 8741.42 1.10
526154.38 8741.42 1.10
526154.38 8741.42 1.10
526154.38 8741.42 1.10
526154.38 8741.42 1.10
523085.41 8736.42 1.18
523085.41 8736.42 1.18
523085.41 8736.42 1.18
523085.41 8736.42 1.18
523085.41 8736.42 1.18
523085.41 8736.42 1.18
523085.41 8736.42 1.18
523085.41 8736.42 1.18
523085.41 8736.42 1.18
523085.41 8736.42 1.18
523085.41 8736.42 1.18
523085.41 8736.42 1.18
523085.41 8736.42 1.18
523085.41 8736.42 1.18
523085.41 8736.42 1.18
523085.41 8736.42 1.18
523085.41 8736.42 1.18
523085.41 8736.42 1.18
523085.41 8736.42 1.18
523085.41 8736.42 1.18
523085.41 8736.42 1.18
523085.41 8736.42 1.18
523085.41 8736.42 1.18
523085.41 8736.42 1.18
523085.41 8736.42 1.18
523085.41 8736.42 1.18
523085.41 8736.42 1.18
523085.41 8736.42 1.18
523085.41 8736.42 1.18
523085.41 8736.42 1.18
523085.41 8736.42 1.18
523085.41 8736.42 1.18
523085.41 8736.42 1.18
523085.41 8736.42 1.18
523085.41 8736.42 1.18
523085.41 8736.42 1.18
523085.41 8736.42 1.18
523085.41 8736.42 1.18
523085.41 8736.42 1.18
523085.41 8736.42 1.18
523085.41 8736.42 1.18
523085.41 8736.42 1.18
523085.41 8736.42 1.18
523085.41 8736.42 1.18
523085.41 8736.42 1.18
523085.41 8736.42 1.18
523085.41 8736.42 1.18
523085.41 8736.42 1.18
523085.41 8736.42 1.18
523085.41 8736.42 1.18
523085.41 8736.42 1.18
523085.41 8736.42 1.18
523085.41 8736.42 1.18
521917.47 8701.42 1.20
521917.47 8701.42 1.20
521917.47 8701.42 1.20
521917.47 8701.42 1.20
521917.47 8701.42 1.20
521917.47 8701.42 1.20
521917.47 8701.42 1.20
521917.47 8701.42 1.20
521917.47 8701.42 1.20
655129.00 9826.93 0.62
655129.00 9826.93 0.62
655129.00 9826.93 0.62
655129.00 9826.93 0.62
655129.00 9826.93 0.62
655129.00 9826.93 0.62
655129.00 9826.93 0.62
655129.00 9826.93 0.62
655129.00 9826.93 0.62
655129.00 9826.93 0.62
655129.00 9826.93 0.62
655129.00 9826.93 0.62
655129.00 9826.93 0.62
655129.00 9826.93 0.62
655129.00 9826.93 0.62
655129.00 9826.93 0.62
655129.00 9826.93 0.62
655129.00 9826.93 0.62
655129.00 9826.93 0.62
655129.00 9826.93 0.62
655129.00 9826.93 0.62
655129.00 9826.93 0.62
655129.00 9826.93 0.62
655129.00 9826.93 0.62
655129.00 9826.93 0.62
655129.00 9826.93 0.62
655129.00 9826.93 0.62
655129.00 9826.93 0.62
655129.00 9826.93 0.62
655129.00 9826.93 0.62
655129.00 9826.93 0.62
655129.00 9826.93 0.62
655129.00 9826.93 0.62
655129.00 9826.93 0.62
655129.00 9826.93 0.62
655129.00 9826.93 0.62
655129.00 9826.93 0.62
655129.00 9826.93 0.62
655129.00 9826.93 0.62
655129.00 9826.93 0.62
653463.06 9863.82 0.65
653463.06 9863.82 0.65
653463.06 9863.82 0.65
653463.06 9863.82 0.65
653463.06 9863.82 0.65
653463.06 9863.82 0.65
653463.06 9863.82 0.65
653463.06 9863.82 0.65
653463.06 9863.82 0.65
653463.06 9863.82 0.65
653463.06 9863.82 0.65
653463.06 9863.82 0.65
653463.06 9863.82 0.65
653463.06 9863.82 0.65
653463.06 9863.82 0.65
653463.06 9863.82 0.65
653463.06 9863.82 0.65
653463.06 9863.82 0.65
653463.06 9863.82 0.65
653463.06 9863.82 0.65
653463.06 9863.82 0.65
653463.06 9863.82 0.65
653463.06 9863.82 0.65
653463.06 9863.82 0.65
653463.06 9863.82 0.65
653463.06 9863.82 0.65
653463.06 9863.82 0.65
653463.06 9863.82 0.65
653463.06 9863.82 0.65
653463.06 9863.82 0.65
653463.06 9863.82 0.65
653463.06 9863.82 0.65
653463.06 9863.82 0.65
653463.06 9863.82 0.65
653463.06 9863.82 0.65
653463.06 9863.82 0.65
653463.06 9863.82 0.65
653463.06 9863.82 0.65
653463.06 9863.82 0.65
653463.06 9863.82 0.65
603940.00 9854.36 0.95
603940.00 9854.36 0.95
603940.00 9854.36 0.95
603940.00 9854.36 0.95
603940.00 9854.36 0.95
603940.00 9854.36 0.95
576584.88 9523.47 0.96
576584.88 9523.47 0.96
576584.88 9523.47 0.96
576584.88 9523.47 0.96
576584.88 9523.47 0.96
576584.88 9523.47 0.96
576584.88 9523.47 0.96
576584.88 9523.47 0.96
576584.88 9523.47 0.96
576584.88 9523.47 0.96
576584.88 9523.47 0.96
576584.88 9523.47 0.96
576584.88 9523.47 0.96
576584.88 9523.47 0.96
576584.88 9523.47 0.96
576584.88 9523.47 0.96
576584.88 9523.47 0.96
576584.88 9523.47 0.96
576584.88 9523.47 0.96
576584.88 9523.47 0.96
576584.88 9523.47 0.96
576584.88 9523.47 0.96
575494.38 9488.47 0.98
575494.38 9488.47 0.98
575494.38 9488.47 0.98
575494.38 9488.47 0.98
575494.38 9488.47 0.98
575494.38 9488.47 0.98
575494.38 9488.47 0.98
575494.38 9488.47 0.98
575494.38 9488.47 0.98
575494.38 9488.47 0.98
575494.38 9488.47 0.98
575494.38 9488.47 0.98
575494.38 9488.47 0.98
575494.38 9488.47 0.98
552909.44 9148.47 1.05
550731.75 9351.24 1.08
545528.75 8988.47 1.08
545528.75 8988.47 1.08
545528.75 8988.47 1.08
545528.75 8988.47 1.08
545528.75 8988.47 1.08
545528.75 8988.47 1.08
545528.75 8988.47 1.08
545528.75 8988.47 1.08
545528.75 8988.47 1.08
541141.69 9296.24 1.09
541141.69 9296.24 1.09
541141.69 9296.24 1.09
541141.69 9296.24 1.09
541141.69 9296.24 1.09
541141.69 9296.24 1.09
541141.69 9296.24 1.09
541141.69 9296.24 1.09
541141.69 9296.24 1.09
541141.69 9296.24 1.09
541141.69 9296.24 1.09
541141.69 9296.24 1.09
541141.69 9296.24 1.09
541141.69 9296.24 1.09
541141.69 9296.24 1.09
541141.69 9296.24 1.09
541141.69 9296.24 1.09
541141.69 9296.24 1.09
541141.69 9296.24 1.09
541141.69 9296.24 1.09
541141.69 9296.24 1.09
541141.69 9296.24 1.09
541141.69 9296.24 1.09
541141.69 9296.24 1.09
540668.12 9069.62 1.13
540668.12 9069.62 1.13
540668.12 9069.62 1.13
750391.00 11077.60 0.88
750391.00 11077.60 0.88
733777.44 11473.34 0.99
729803.94 11098.34 1.00
689554.19 10567.60 1.01
685075.94 10457.60 1.05
668639.25 10262.60 1.11
648630.75 10525.49 1.29
629243.56 11282.50 1.35
608986.69 10947.50 1.37
608986.69 10947.50 1.37
608986.69 10947.50 1.37
608986.69 10947.50 1.37
604107.38 10757.10 1.38
590960.25 11174.10 1.45
590960.25 11174.10 1.45
590960.25 11174.10 1.45
590960.25 11174.10 1.45
590960.25 11174.10 1.45
590960.25 11174.10 1.45
590960.25 11174.10 1.45
590960.25 11174.10 1.45
590960.25 11174.10 1.45
590960.25 11174.10 1.45
590960.25 11174.10 1.45
595261.44 11064.46 1.46
595261.44 11064.46 1.46
595261.44 11064.46 1.46
595261.44 11064.46 1.46
595261.44 11064.46 1.46
595261.44 11064.46 1.46
595261.44 11064.46 1.46
595261.44 11064.46 1.46
595261.44 11064.46 1.46
595261.44 11064.46 1.46
595261.44 11064.46 1.46
595261.44 11064.46 1.46
595261.44 11064.46 1.46
595261.44 11064.46 1.46
588428.81 11100.68 1.46
595261.44 11064.46 1.46
595261.44 11064.46 1.46
595261.44 11064.46 1.46
595261.44 11064.46 1.46
595261.44 11064.46 1.46
595261.44 11064.46 1.46
595261.44 11064.46 1.46
595261.44 11064.46 1.46
595261.44 11064.46 1.46
595261.44 11064.46 1.46
595261.44 11064.46 1.46
595261.44 11064.46 1.46
595261.44 11064.46 1.46
595261.44 11064.46 1.46
595261.44 11064.46 1.46
595261.44 11064.46 1.46
595261.44 11064.46 1.46
595261.44 11064.46 1.46
595261.44 11064.46 1.46
595261.44 11064.46 1.46
595261.44 11064.46 1.46
595261.44 11064.46 1.46
595261.44 11064.46 1.46
595261.44 11064.46 1.46
595261.44 11064.46 1.46
595261.44 11064.46 1.46
595261.44 11064.46 1.46
596138.12 10941.80 1.55
578111.69 11192.14 1.56
578111.69 11192.14 1.56
578111.69 11192.14 1.56
578111.69 11192.14 1.56
582412.88 11082.49 1.56
582412.88 11082.49 1.56
582412.88 11082.49 1.56
582412.88 11082.49 1.56
582412.88 11082.49 1.56
582412.88 11082.49 1.56
582412.88 11082.49 1.56
582412.88 11082.49 1.56
808695.12 11506.19 0.95
778540.19 11310.65 1.01
634978.25 9843.71 1.02
569328.69 9123.71 1.05
569328.69 9123.71 1.05
544109.50 8951.96 1.10
544109.50 8951.96 1.10
544109.50 8951.96 1.10
544109.50 8951.96 1.10
544109.50 8951.96 1.10
544109.50 8951.96 1.10
544109.50 8951.96 1.10
544109.50 8951.96 1.10
544109.50 8951.96 1.10
544109.50 8951.96 1.10
544109.50 8951.96 1.10
544109.50 8951.96 1.10
544109.50 8951.96 1.10
544109.50 8951.96 1.10
544109.50 8951.96 1.10
544109.50 8951.96 1.10
544109.50 8951.96 1.10
544109.50 8951.96 1.10
544109.50 8951.96 1.10
544109.50 8951.96 1.10
544109.50 8951.96 1.10
544109.50 8951.96 1.10
544109.50 8951.96 1.10
544109.50 8951.96 1.10
544109.50 8951.96 1.10
544109.50 8951.96 1.10
544109.50 8951.96 1.10
544109.50 8951.96 1.10
544109.50 8951.96 1.10
544109.50 8951.96 1.10
539414.31 9738.15 1.25
539414.31 9738.15 1.25
539414.31 9738.15 1.25
539414.31 9738.15 1.25
539414.31 9738.15 1.25
539414.31 9738.15 1.25
539414.31 9738.15 1.25
539414.31 9738.15 1.25
539414.31 9738.15 1.25
539414.31 9738.15 1.25
539414.31 9738.15 1.25
539414.31 9738.15 1.25
539414.31 9738.15 1.25
539414.31 9738.15 1.25
539414.31 9738.15 1.25
539414.31 9738.15 1.25
539414.31 9738.15 1.25
539414.31 9738.15 1.25
539414.31 9738.15 1.25
539414.31 9738.15 1.25
539414.31 9738.15 1.25
539414.31 9738.15 1.25
539414.31 9738.15 1.25
539414.31 9738.15 1.25
539414.31 9738.15 1.25
539414.31 9738.15 1.25
539414.31 9738.15 1.25
539414.31 9738.15 1.25
539414.31 9738.15 1.25
539414.31 9738.15 1.25
539414.31 9738.15 1.25
539414.31 9738.15 1.25
539414.31 9738.15 1.25
539414.31 9738.15 1.25
539414.31 9738.15 1.25
539414.31 9738.15 1.25
539414.31 9738.15 1.25
539414.31 9738.15 1.25
539414.31 9738.15 1.25
539414.31 9738.15 1.25
539414.31 9738.15 1.25
539414.31 9738.15 1.25
539414.31 9738.15 1.25
539414.31 9738.15 1.25
539414.31 9738.15 1.25
795114.31 11431.19 0.95
580804.81 9397.73 0.98
580852.31 9348.76 0.98
585675.19 9148.71 0.98
560561.88 8943.71 1.02
560561.88 8943.71 1.02
546716.00 9001.79 1.05
546716.00 9001.79 1.05
547769.75 8876.96 1.05
539508.44 8831.42 1.07
532129.69 8736.42 1.07
532129.69 8736.42 1.07
532129.69 8736.42 1.07
532129.69 8736.42 1.07
532129.69 8736.42 1.07
532129.69 8736.42 1.07
532129.69 8736.42 1.07
532129.69 8736.42 1.07
532129.69 8736.42 1.07
532129.69 8736.42 1.07
532129.69 8736.42 1.07
532129.69 8736.42 1.07
532129.69 8736.42 1.07
532129.69 8736.42 1.07
532129.69 8736.42 1.07
532129.69 8736.42 1.07
532129.69 8736.42 1.07
532129.69 8736.42 1.07
532129.69 8736.42 1.07
532129.69 8736.42 1.07
532129.69 8736.42 1.07
532129.69 8736.42 1.07
532129.69 8736.42 1.07
532129.69 8736.42 1.07
532129.69 8736.42 1.07
532129.69 8736.42 1.07
532129.69 8736.42 1.07
532129.69 8736.42 1.07
532129.69 8736.42 1.07
532129.69 8736.42 1.07
532129.69 8736.42 1.07
532129.69 8736.42 1.07
532129.69 8736.42 1.07
532129.69 8736.42 1.07
532129.69 8736.42 1.07
532129.69 8736.42 1.07
532129.69 8736.42 1.07
532129.69 8736.42 1.07
532129.69 8736.42 1.07
532129.69 8736.42 1.07
532129.69 8736.42 1.07
532129.69 8736.42 1.07
532129.69 8736.42 1.07
532129.69 8736.42 1.07
532129.69 8736.42 1.07
532129.69 8736.42 1.07
532129.69 8736.42 1.07
532129.69 8736.42 1.07
532129.69 8736.42 1.07
532129.69 8736.42 1.07
532129.69 8736.42 1.07
532129.69 8736.42 1.07
532129.69 8736.42 1.07
532129.69 8736.42 1.07
532129.69 8736.42 1.07
532129.69 8736.42 1.07
532129.69 8736.42 1.07
532129.69 8736.42 1.07
532129.69 8736.42 1.07
532129.69 8736.42 1.07
532129.69 8736.42 1.07
532129.69 8736.42 1.07
532129.69 8736.42 1.07
532129.69 8736.42 1.07
532129.69 8736.42 1.07
532129.69 8736.42 1.07
532129.69 8736.42 1.07
532129.69 8736.42 1.07
532129.69 8736.42 1.07
522607.09 8799.46 1.24
579900.88 9391.93 0.62
579900.88 9391.93 0.62
579900.88 9391.93 0.62
579900.88 9391.93 0.62
579900.88 9391.93 0.62
579900.88 9391.93 0.62
579900.88 9391.93 0.62
579900.88 9391.93 0.62
579900.88 9391.93 0.62
570586.88 9005.30 0.62
570586.88 9005.30 0.62
570586.88 9005.30 0.62
570586.88 9005.30 0.62
570586.88 9005.30 0.62
570586.88 9005.30 0.62
570586.88 9005.30 0.62
570586.88 9005.30 0.62
570586.88 9005.30 0.62
570586.88 9005.30 0.62
570586.88 9005.30 0.62
570586.88 9005.30 0.62
570586.88 9005.30 0.62
570586.88 9005.30 0.62
570586.88 9005.30 0.62
570586.88 9005.30 0.62
570586.88 9005.30 0.62
570586.88 9005.30 0.62
570586.88 9005.30 0.62
570586.88 9005.30 0.62
570586.88 9005.30 0.62
570586.88 9005.30 0.62
570586.88 9005.30 0.62
570586.88 9005.30 0.62
570586.88 9005.30 0.62
570586.88 9005.30 0.62
570586.88 9005.30 0.62
570586.88 9005.30 0.62
570586.88 9005.30 0.62
570586.88 9005.30 0.62
570586.88 9005.30 0.62
570586.88 9005.30 0.62
570586.88 9005.30 0.62
570586.88 9005.30 0.62
570586.88 9005.30 0.62
570586.88 9005.30 0.62
570586.88 9005.30 0.62
570586.88 9005.30 0.62
570586.88 9005.30 0.62
567755.81 9059.37 0.67
567755.81 9059.37 0.67
567755.81 9059.37 0.67
567755.81 9059.37 0.67
567755.81 9059.37 0.67
567755.81 9059.37 0.67
567755.81 9059.37 0.67
567755.81 9059.37 0.67
567755.81 9059.37 0.67
567755.81 9059.37 0.67
567755.81 9059.37 0.67
567755.81 9059.37 0.67
567755.81 9059.37 0.67
567755.81 9059.37 0.67
567755.81 9059.37 0.67
567755.81 9059.37 0.67
567755.81 9059.37 0.67
567755.81 9059.37 0.67
567755.81 9059.37 0.67
567755.81 9059.37 0.67
567755.81 9059.37 0.67
567755.81 9059.37 0.67
567755.81 9059.37 0.67
567755.81 9059.37 0.67
567755.81 9059.37 0.67
567755.81 9059.37 0.67
567755.81 9059.37 0.67
567755.81 9059.37 0.67
567755.81 9059.37 0.67
567755.81 9059.37 0.67
567755.81 9059.37 0.67
567755.81 9059.37 0.67
605138.44 9791.24 0.81
613987.81 9586.24 0.81
613987.81 9586.24 0.81
613987.81 9586.24 0.81
613987.81 9586.24 0.81
613987.81 9586.24 0.81
613987.81 9586.24 0.81
613987.81 9586.24 0.81
613987.81 9586.24 0.81
613987.81 9586.24 0.81
613987.81 9586.24 0.81
613987.81 9586.24 0.81
613987.81 9586.24 0.81
613987.81 9586.24 0.81
613987.81 9586.24 0.81
614117.25 9286.19 0.81
613987.81 9586.24 0.81
613987.81 9586.24 0.81
605138.44 9791.24 0.81
604136.69 9331.19 0.86
604136.69 9331.19 0.86
604136.69 9331.19 0.86
575266.94 9370.21 0.92
575266.94 9370.21 0.92
575266.94 9370.21 0.92
575266.94 9370.21 0.92
575266.94 9370.21 0.92
575266.94 9370.21 0.92
575266.94 9370.21 0.92
575266.94 9370.21 0.92
575266.94 9370.21 0.92
575266.94 9370.21 0.92
575266.94 9370.21 0.92
575266.94 9370.21 0.92
575266.94 9370.21 0.92
575266.94 9370.21 0.92
575266.94 9370.21 0.92
575266.94 9370.21 0.92
575266.94 9370.21 0.92
575266.94 9370.21 0.92
575266.94 9370.21 0.92
575266.94 9370.21 0.92
575266.94 9370.21 0.92
575266.94 9370.21 0.92
575266.94 9370.21 0.92
575266.94 9370.21 0.92
575019.12 9370.21 0.92
575019.12 9370.21 0.92
575019.12 9370.21 0.92
575019.12 9370.21 0.92
575019.12 9370.21 0.92
575019.12 9370.21 0.92
575019.12 9370.21 0.92
575019.12 9370.21 0.92
575019.12 9370.21 0.92
575019.12 9370.21 0.92
575019.12 9370.21 0.92
575019.12 9370.21 0.92
575019.12 9370.21 0.92
575019.12 9370.21 0.92
575019.12 9370.21 0.92
575019.12 9370.21 0.92
575019.12 9370.21 0.92
575019.12 9370.21 0.92
575019.12 9370.21 0.92
575019.12 9370.21 0.92
575019.12 9370.21 0.92
575019.12 9370.21 0.92
575019.12 9370.21 0.92
575019.12 9370.21 0.92
575019.12 9370.21 0.92
575019.12 9370.21 0.92
575019.12 9370.21 0.92
575019.12 9370.21 0.92
575019.12 9370.21 0.92
575019.12 9370.21 0.92
575019.12 9370.21 0.92
581296.94 9121.19 0.93
581296.94 9121.19 0.93
581296.94 9121.19 0.93
641582.69 9710.30 0.62
630583.31 10000.27 0.91
630583.31 10000.27 0.91
617472.00 9880.37 0.93
624570.88 9850.37 0.93
623148.38 9759.77 0.97
623148.38 9759.77 0.97
615946.25 9559.77 0.99
609566.00 9589.77 0.99
609566.00 9589.77 0.99
609566.00 9589.77 0.99
580121.25 9662.79 0.99
568871.06 9115.30 1.00
568871.06 9115.30 1.00
568871.06 9115.30 1.00
568871.06 9115.30 1.00
568871.06 9115.30 1.00
568871.06 9115.30 1.00
568871.06 9115.30 1.00
568871.06 9115.30 1.00
551512.94 9254.10 1.00
551512.94 9254.10 1.00
551512.94 9254.10 1.00
551512.94 9254.10 1.00
551512.94 9254.10 1.00
551512.94 9254.10 1.00
551512.94 9254.10 1.00
551512.94 9254.10 1.00
551512.94 9254.10 1.00
551512.94 9254.10 1.00
551512.94 9254.10 1.00
551512.94 9254.10 1.00
551512.94 9254.10 1.00
551512.94 9254.10 1.00
551512.94 9254.10 1.00
551512.94 9254.10 1.00
568871.06 9115.30 1.00
568871.06 9115.30 1.00
568871.06 9115.30 1.00
568871.06 9115.30 1.00
568871.06 9115.30 1.00
568871.06 9115.30 1.00
568871.06 9115.30 1.00
568871.06 9115.30 1.00
568871.06 9115.30 1.00
568871.06 9115.30 1.00
568871.06 9115.30 1.00
568871.06 9115.30 1.00
568871.06 9115.30 1.00
568871.06 9115.30 1.00
568871.06 9115.30 1.00
568871.06 9115.30 1.00
568871.06 9115.30 1.00
568871.06 9115.30 1.00
568871.06 9115.30 1.00
568871.06 9115.30 1.00
568871.06 9115.30 1.00
568871.06 9115.30 1.00
568871.06 9115.30 1.00
568871.06 9115.30 1.00
568871.06 9115.30 1.00
568871.06 9115.30 1.00
568871.06 9115.30 1.00
568871.06 9115.30 1.00
568871.06 9115.30 1.00
568871.06 9115.30 1.00
568871.06 9115.30 1.00
568871.06 9115.30 1.00
568871.06 9115.30 1.00
568871.06 9115.30 1.00
568871.06 9115.30 1.00
547178.06 9201.11 1.27
547178.06 9201.11 1.27
547178.06 9201.11 1.27
544165.88 9194.10 1.30
544165.88 9194.10 1.30
544165.88 9194.10 1.30
544165.88 9194.10 1.30
544165.88 9194.10 1.30
544165.88 9194.10 1.30
620911.81 10290.27 0.95
620911.81 10290.27 0.95
620911.81 10290.27 0.95
620911.81 10290.27 0.95
620911.81 10290.27 0.95
620911.81 10290.27 0.95
620911.81 10290.27 0.95
620911.81 10290.27 0.95
620911.81 10290.27 0.95
620911.81 10290.27 0.95
620911.81 10290.27 0.95
620911.81 10290.27 0.95
620911.81 10290.27 0.95
620911.81 10290.27 0.95
620911.81 10290.27 0.95
620911.81 10290.27 0.95
620911.81 10290.27 0.95
620911.81 10290.27 0.95
620911.81 10290.27 0.95
620911.81 10290.27 0.95
620911.81 10290.27 0.95
620911.81 10290.27 0.95
617486.81 10310.27 0.95
617486.81 10310.27 0.95
617486.81 10310.27 0.95
617486.81 10310.27 0.95
617486.81 10310.27 0.95
620911.81 10290.27 0.95
620911.81 10290.27 0.95
620911.81 10290.27 0.95
620911.81 10290.27 0.95
620911.81 10290.27 0.95
620911.81 10290.27 0.95
620911.81 10290.27 0.95
620911.81 10290.27 0.95
620911.81 10290.27 0.95
620911.81 10290.27 0.95
620911.81 10290.27 0.95
620911.81 10290.27 0.95
620911.81 10290.27 0.95
620911.81 10290.27 0.95
620911.81 10290.27 0.95
620911.81 10290.27 0.95
620911.81 10290.27 0.95
620911.81 10290.27 0.95
620911.81 10290.27 0.95
620911.81 10290.27 0.95
630393.25 10159.36 0.95
599661.44 10019.38 0.96
609117.25 9888.47 0.96
599661.44 10019.38 0.96
599661.44 10019.38 0.96
599661.44 10019.38 0.96
599661.44 10019.38 0.96
599661.44 10019.38 0.96
599661.44 10019.38 0.96
599661.44 10019.38 0.96
599661.44 10019.38 0.96
599661.44 10019.38 0.96
599661.44 10019.38 0.96
599661.44 10019.38 0.96
599661.44 10019.38 0.96
599661.44 10019.38 0.96
599661.44 10019.38 0.96
599661.44 10019.38 0.96
599661.44 10019.38 0.96
599661.44 10019.38 0.96
599661.44 10019.38 0.96
599661.44 10019.38 0.96
599661.44 10019.38 0.96
599661.44 10019.38 0.96
599661.44 10019.38 0.96
599661.44 10019.38 0.96
599661.44 10019.38 0.96
599661.44 10019.38 0.96
599661.44 10019.38 0.96
599661.44 10019.38 0.96
599661.44 10019.38 0.96
599661.44 10019.38 0.96
599661.44 10019.38 0.96