714435.81 11600.20 0.73
698193.56 11451.47 0.93
698193.56 11451.47 0.93
698193.56 11451.47 0.93
691893.12 11860.80 0.94
691893.12 11860.80 0.94
691965.38 11830.80 0.94
685584.06 12236.55 0.96
685660.06 12206.55 0.96
685660.06 12206.55 0.96
685660.06 12206.55 0.96
685660.06 12206.55 0.96
686827.00 11767.22 0.96
683314.19 11556.69 1.05
681060.38 11629.92 1.06
681060.38 11629.92 1.06
678078.69 11771.86 1.10
678078.69 11771.86 1.10
678078.69 11771.86 1.10
678078.69 11771.86 1.10
678078.69 11771.86 1.10
678078.69 11771.86 1.10
680147.62 11750.42 1.25
680147.62 11750.42 1.25
680147.62 11750.42 1.25
680147.62 11750.42 1.25
717456.31 11371.61 2.76
684269.50 11296.02 2.78
679041.00 11511.18 2.81
679041.00 11511.18 2.81
679912.50 11377.61 2.82
679912.50 11377.61 2.82
679912.50 11377.61 2.82
683072.00 11143.86 2.84
663633.06 11918.41 2.86
663633.06 11918.41 2.86
663633.06 11918.41 2.86
663633.06 11918.41 2.86
665754.12 11896.97 2.86
686102.94 11092.06 2.86
686102.94 11092.06 2.86
677843.50 11359.03 2.87
663550.62 11948.41 2.88
708920.62 11013.72 3.31
730068.44 10951.43 3.31
730065.25 10974.17 3.37
697093.19 11087.06 3.47
701243.44 11087.06 3.47
701243.44 11087.06 3.47
697093.19 11087.06 3.47
701243.44 11087.06 3.47
701243.44 11087.06 3.47
689359.12 11010.24 3.47
685629.19 11020.24 3.48
664595.00 11657.73 3.52
664595.00 11657.73 3.52
665483.81 11524.16 3.53
665401.44 11554.16 3.53
714660.62 10811.74 3.60
663059.25 10474.20 1.83
663059.25 10474.20 1.83
663059.25 10474.20 1.83
663059.25 10474.20 1.83
663059.25 10474.20 1.83
663059.25 10474.20 1.83
663059.25 10474.20 1.83
663059.25 10474.20 1.83
663059.25 10474.20 1.83
663059.25 10474.20 1.83
663059.25 10474.20 1.83
663059.25 10474.20 1.83
663059.25 10474.20 1.83
663059.25 10474.20 1.83
663059.25 10474.20 1.83
663059.25 10474.20 1.83
663059.25 10474.20 1.83
663059.25 10474.20 1.83
663059.25 10474.20 1.83
663059.25 10474.20 1.83
663059.25 10474.20 1.83
638864.62 10576.75 1.83
663059.25 10474.20 1.83
663059.25 10474.20 1.83
663059.25 10474.20 1.83
663059.25 10474.20 1.83
663059.25 10474.20 1.83
663059.25 10474.20 1.83
663059.25 10474.20 1.83
663059.25 10474.20 1.83
663059.25 10474.20 1.83
663059.25 10474.20 1.83
663059.25 10474.20 1.83
663059.25 10474.20 1.83
663059.25 10474.20 1.83
663059.25 10474.20 1.83
663059.25 10474.20 1.83
663059.25 10474.20 1.83
663059.25 10474.20 1.83
663059.25 10474.20 1.83
666271.75 10341.09 1.83
666271.75 10341.09 1.83
666271.75 10341.09 1.83
666271.75 10341.09 1.83
666271.75 10341.09 1.83
666271.75 10341.09 1.83
666271.75 10341.09 1.83
666271.75 10341.09 1.83
666271.75 10341.09 1.83
666271.75 10341.09 1.83
666271.75 10341.09 1.83
666271.75 10341.09 1.83
666271.75 10341.09 1.83
666271.75 10341.09 1.83
666271.75 10341.09 1.83
666271.75 10341.09 1.83
667214.88 10334.35 1.83
667214.88 10334.35 1.83
667214.88 10334.35 1.83
667214.88 10334.35 1.83
663059.25 10474.20 1.83
663059.25 10474.20 1.83
663059.25 10474.20 1.83
663059.25 10474.20 1.83
663059.25 10474.20 1.83
663059.25 10474.20 1.83
663059.25 10474.20 1.83
663059.25 10474.20 1.83
663059.25 10474.20 1.83
663059.25 10474.20 1.83
667214.88 10334.35 1.83
663059.25 10474.20 1.83
663059.25 10474.20 1.83
663059.25 10474.20 1.83
663059.25 10474.20 1.83
663059.25 10474.20 1.83
663059.25 10474.20 1.83
663059.25 10474.20 1.83
663059.25 10474.20 1.83
666271.75 10341.09 1.83
609536.00 10248.49 1.92
593818.00 10033.49 1.94
593818.00 10033.49 1.94
593818.00 10033.49 1.94
593818.00 10033.49 1.94
593818.00 10033.49 1.94
610383.94 9955.13 1.94
593818.00 10033.49 1.94
593818.00 10033.49 1.94
593818.00 10033.49 1.94
593818.00 10033.49 1.94
593818.00 10033.49 1.94
593818.00 10033.49 1.94
583264.31 10459.16 1.94
583264.31 10459.16 1.94
583264.31 10459.16 1.94
583264.31 10459.16 1.94
591594.56 9973.49 2.02
580750.25 10399.16 2.02
580750.25 10399.16 2.02
591594.56 9973.49 2.02
608769.06 9915.13 2.02
608769.06 9915.13 2.02
608769.06 9915.13 2.02
608769.06 9915.13 2.02
608769.06 9915.13 2.02
608769.06 9915.13 2.02
608769.06 9915.13 2.02
608769.06 9915.13 2.02
608709.31 9915.13 2.02
608709.31 9915.13 2.02
608709.31 9915.13 2.02
608709.31 9915.13 2.02
591594.56 9973.49 2.02
591594.56 9973.49 2.02
591594.56 9973.49 2.02
582764.31 10369.16 2.19
587884.25 9878.49 2.19
604730.81 9820.13 2.19
624859.75 9627.97 3.64
646137.31 10808.88 2.11
646137.31 10808.88 2.11
646137.31 10808.88 2.11
646137.31 10808.88 2.11
646137.31 10808.88 2.11
646137.31 10808.88 2.11
646137.31 10808.88 2.11
646137.31 10808.88 2.11
646137.31 10808.88 2.11
646137.31 10808.88 2.11
646137.31 10808.88 2.11
646137.31 10808.88 2.11
646137.31 10808.88 2.11
646137.31 10808.88 2.11
646137.31 10808.88 2.11
646137.31 10808.88 2.11
646137.31 10808.88 2.11
646137.31 10808.88 2.11
646137.31 10808.88 2.11
646137.31 10808.88 2.11
646137.31 10808.88 2.11
646137.31 10808.88 2.11
646137.31 10808.88 2.11
646137.31 10808.88 2.11
646137.31 10808.88 2.11
646137.31 10808.88 2.11
646137.31 10808.88 2.11
646137.31 10808.88 2.11
646137.31 10808.88 2.11
646137.31 10808.88 2.11
646137.31 10808.88 2.11
646137.31 10808.88 2.11
646137.31 10808.88 2.11
646137.31 10808.88 2.11
646137.31 10808.88 2.11
646137.31 10808.88 2.11
646137.31 10808.88 2.11
646137.31 10808.88 2.11
646137.31 10808.88 2.11
646137.31 10808.88 2.11
646320.94 10798.88 2.11
646320.94 10798.88 2.11
646320.94 10798.88 2.11
646320.94 10798.88 2.11
646320.94 10798.88 2.11
646320.94 10798.88 2.11
646320.94 10798.88 2.11
646320.94 10798.88 2.11
646320.94 10798.88 2.11
646320.94 10798.88 2.11
646320.94 10798.88 2.11
646320.94 10798.88 2.11
646320.94 10798.88 2.11
646320.94 10798.88 2.11
646320.94 10798.88 2.11
646320.94 10798.88 2.11
646320.94 10798.88 2.11
650974.75 10399.69 2.11
656464.06 10389.69 2.11
656464.06 10389.69 2.11
646137.31 10808.88 2.11
646137.31 10808.88 2.11
646137.31 10808.88 2.11
646137.31 10808.88 2.11
646137.31 10808.88 2.11
646137.31 10808.88 2.11
646137.31 10808.88 2.11
646137.31 10808.88 2.11
646137.31 10808.88 2.11
646137.31 10808.88 2.11
656464.06 10389.69 2.11
646137.31 10808.88 2.11
646137.31 10808.88 2.11
646137.31 10808.88 2.11
646137.31 10808.88 2.11
646137.31 10808.88 2.11
646137.31 10808.88 2.11
646137.31 10808.88 2.11
646320.94 10798.88 2.11
646320.94 10798.88 2.11
630644.81 10636.64 1.75
653872.12 10597.89 1.75
669443.56 10439.70 1.75
642785.00 10636.16 1.76
642785.00 10636.16 1.76
642410.38 10262.76 1.78
642410.38 10262.76 1.78
642410.38 10262.76 1.78
642410.38 10262.76 1.78
642410.38 10262.76 1.78
642410.38 10262.76 1.78
642410.38 10262.76 1.78
642410.38 10262.76 1.78
642410.38 10262.76 1.78
642410.38 10262.76 1.78
642410.38 10262.76 1.78
642410.38 10262.76 1.78
642410.38 10262.76 1.78
642410.38 10262.76 1.78
642410.38 10262.76 1.78
642410.38 10262.76 1.78
642410.38 10262.76 1.78
642410.38 10262.76 1.78
642410.38 10262.76 1.78
642410.38 10262.76 1.78
642410.38 10262.76 1.78
642410.38 10262.76 1.78
642410.38 10262.76 1.78
642410.38 10262.76 1.78
642410.38 10262.76 1.78
642410.38 10262.76 1.78
642410.38 10262.76 1.78
642410.38 10262.76 1.78
642410.38 10262.76 1.78
639998.06 10611.16 1.78
639998.06 10611.16 1.78
639998.06 10611.16 1.78
639998.06 10611.16 1.78
639998.06 10611.16 1.78
639998.06 10611.16 1.78
639998.06 10611.16 1.78
639998.06 10611.16 1.78
639998.06 10611.16 1.78
639998.06 10611.16 1.78
639998.06 10611.16 1.78
639998.06 10611.16 1.78
639998.06 10611.16 1.78
639998.06 10611.16 1.78
639998.06 10611.16 1.78
639998.06 10611.16 1.78
639998.06 10611.16 1.78
639998.06 10611.16 1.78
639998.06 10611.16 1.78
639998.06 10611.16 1.78
639998.06 10611.16 1.78
639998.06 10611.16 1.78
639998.06 10611.16 1.78
639998.06 10611.16 1.78
639998.06 10611.16 1.78
639998.06 10611.16 1.78
639998.06 10611.16 1.78
639998.06 10611.16 1.78
639998.06 10611.16 1.78
639998.06 10611.16 1.78
639998.06 10611.16 1.78
639998.06 10611.16 1.78
639998.06 10611.16 1.78
639998.06 10611.16 1.78
639998.06 10611.16 1.78
639998.06 10611.16 1.78
639998.06 10611.16 1.78
624394.75 10441.16 1.78
624394.75 10441.16 1.78
624394.75 10441.16 1.78
624394.75 10441.16 1.78
624394.75 10441.16 1.78
648496.31 10224.70 1.78
639781.69 10374.76 1.79
639781.69 10374.76 1.79
639781.69 10374.76 1.79
617838.75 10308.20 0.73
598821.31 10293.20 0.73
598821.31 10293.20 0.73
600108.44 10073.20 0.73
600108.44 10073.20 0.73
600108.44 10073.20 0.73
597689.69 10341.45 1.02
583085.50 10197.86 1.07
567595.25 10007.86 1.09
567595.25 10007.86 1.09
567595.25 10007.86 1.09
567595.25 10007.86 1.09
567595.25 10007.86 1.09
567595.25 10007.86 1.09
567595.25 10007.86 1.09
567595.25 10007.86 1.09
567595.25 10007.86 1.09
567595.25 10007.86 1.09
567595.25 10007.86 1.09
567595.25 10007.86 1.09
567595.25 10007.86 1.09
567595.25 10007.86 1.09
567595.25 10007.86 1.09
567595.25 10007.86 1.09
567595.25 10007.86 1.09
567595.25 10007.86 1.09
567595.25 10007.86 1.09
567595.25 10007.86 1.09
567595.25 10007.86 1.09
567595.25 10007.86 1.09
567595.25 10007.86 1.09
567595.25 10007.86 1.09
567595.25 10007.86 1.09
567595.25 10007.86 1.09
567595.25 10007.86 1.09
567595.25 10007.86 1.09
567595.25 10007.86 1.09
567595.25 10007.86 1.09
567595.25 10007.86 1.09
567595.25 10007.86 1.09
567595.25 10007.86 1.09
567595.25 10007.86 1.09
567595.25 10007.86 1.09
567595.25 10007.86 1.09
567595.25 10007.86 1.09
567595.25 10007.86 1.09
567595.25 10007.86 1.09
567595.25 10007.86 1.09
567595.25 10007.86 1.09
567595.25 10007.86 1.09
567595.25 10007.86 1.09
567595.25 10007.86 1.09
567595.25 10007.86 1.09
567595.25 10007.86 1.09
567595.25 10007.86 1.09
567595.25 10007.86 1.09
567595.25 10007.86 1.09
567595.25 10007.86 1.09
567595.25 10007.86 1.09
567595.25 10007.86 1.09
567595.25 10007.86 1.09
567595.25 10007.86 1.09
567595.25 10007.86 1.09
567595.25 10007.86 1.09
567595.25 10007.86 1.09
567595.25 10007.86 1.09
567595.25 10007.86 1.09
567595.25 10007.86 1.09
567595.25 10007.86 1.09
567595.25 10007.86 1.09
567595.25 10007.86 1.09
567595.25 10007.86 1.09
567595.25 10007.86 1.09
609069.69 9826.88 2.04
603796.75 9996.88 2.04
603796.75 9996.88 2.04
567595.25 9940.82 2.28
567595.25 9940.82 2.28
567595.25 9940.82 2.28
567595.25 9940.82 2.28
849878.69 13195.59 0.79
850777.19 13140.59 0.79
685653.06 11482.45 0.81
637804.06 11049.50 1.00
662229.94 10872.08 2.18
662229.94 10872.08 2.18
645228.31 10957.88 2.18
645228.31 10957.88 2.18
648918.31 10351.62 2.21
616049.62 11410.29 2.50
616049.62 11410.29 2.50
639393.88 10592.65 2.50
616661.25 10702.27 2.50
616044.38 10202.10 2.55
603452.06 11462.42 2.55
604063.69 10754.40 2.55
604063.69 10754.40 2.55
605995.50 10611.28 2.55
604063.69 10754.40 2.55
612030.81 10172.10 2.60
595364.19 11317.42 2.73
595973.94 10609.40 2.73
611853.56 10535.72 2.79
623605.38 10042.06 2.88
643671.75 10009.34 2.88
646443.75 9955.62 2.88
646443.75 9955.62 2.88
609468.38 10165.73 2.88
606376.75 10130.73 2.89
629533.31 9990.01 2.91
623605.38 9950.99 2.95
646503.44 9864.56 2.95
606651.00 10039.67 2.96
623663.19 9838.95 2.98
641082.38 9799.56 3.00
604063.69 10568.85 3.46
609128.31 10447.49 0.83
594087.75 10163.78 0.91
594087.75 10163.78 0.91
594087.75 10163.78 0.91
594087.75 10163.78 0.91
594087.75 10163.78 0.91
594087.75 10163.78 0.91
594087.75 10163.78 0.91
594087.75 10163.78 0.91
594087.75 10163.78 0.91
594087.75 10163.78 0.91
594087.75 10163.78 0.91
594087.75 10163.78 0.91
594087.75 10163.78 0.91
594087.75 10163.78 0.91
594087.75 10163.78 0.91
594087.75 10163.78 0.91
594087.75 10163.78 0.91
594087.75 10163.78 0.91
594087.75 10163.78 0.91
594087.75 10163.78 0.91
586979.44 10271.89 0.91
586979.44 10271.89 0.91
586979.44 10271.89 0.91
586979.44 10271.89 0.91
586979.44 10271.89 0.91
586979.44 10271.89 0.91
586979.44 10271.89 0.91
586979.44 10271.89 0.91
586979.44 10271.89 0.91
586979.44 10271.89 0.91
594087.75 10163.78 0.91
586979.44 10271.89 0.91
586979.44 10271.89 0.91
586979.44 10271.89 0.91
586979.44 10271.89 0.91
594087.75 10163.78 0.91
594087.75 10163.78 0.91
594087.75 10163.78 0.91
594087.75 10163.78 0.91
594087.75 10163.78 0.91
594087.75 10163.78 0.91
594087.75 10163.78 0.91
594087.75 10163.78 0.91
594087.75 10163.78 0.91
594087.75 10163.78 0.91
594087.75 10163.78 0.91
594087.75 10163.78 0.91
594087.75 10163.78 0.91
594087.75 10163.78 0.91
594087.75 10163.78 0.91
594087.75 10163.78 0.91
594087.75 10163.78 0.91
594087.75 10163.78 0.91
594087.75 10163.78 0.91
594087.75 10163.78 0.91
594087.75 10163.78 0.91
594087.75 10163.78 0.91
594087.75 10163.78 0.91
594087.75 10163.78 0.91
594087.75 10163.78 0.91
594087.75 10163.78 0.91
594087.75 10163.78 0.91
594087.75 10163.78 0.91
594087.75 10163.78 0.91
594087.75 10163.78 0.91
594087.75 10163.78 0.91
594087.75 10163.78 0.91
594087.75 10163.78 0.91
594087.75 10163.78 0.91
594087.75 10163.78 0.91
594087.75 10163.78 0.91
594087.75 10163.78 0.91
594087.75 10163.78 0.91
594087.75 10163.78 0.91
594087.75 10163.78 0.91
594087.75 10163.78 0.91
594087.75 10163.78 0.91
594087.75 10163.78 0.91
594087.75 10163.78 0.91
613847.44 10419.57 0.65
613847.44 10419.57 0.65
613847.44 10419.57 0.65
613847.44 10419.57 0.65
613847.44 10419.57 0.65
613847.44 10419.57 0.65
613847.44 10419.57 0.65
613847.44 10419.57 0.65
613847.44 10419.57 0.65
613847.44 10419.57 0.65
613847.44 10419.57 0.65
613847.44 10419.57 0.65
613847.44 10419.57 0.65
613847.44 10419.57 0.65
613847.44 10419.57 0.65
613847.44 10419.57 0.65
613847.44 10419.57 0.65
613847.44 10419.57 0.65
613847.44 10419.57 0.65
613847.44 10419.57 0.65
613847.44 10419.57 0.65
613847.44 10419.57 0.65
613847.44 10419.57 0.65
613847.44 10419.57 0.65
613847.44 10419.57 0.65
613847.44 10419.57 0.65
613847.44 10419.57 0.65
613847.44 10419.57 0.65
613847.44 10419.57 0.65
613847.44 10419.57 0.65
613847.44 10419.57 0.65
613847.44 10419.57 0.65
613847.44 10419.57 0.65
613847.44 10419.57 0.65
613847.44 10419.57 0.65
613847.44 10419.57 0.65
613847.44 10419.57 0.65
613847.44 10419.57 0.65
613847.44 10419.57 0.65
613847.44 10419.57 0.65
613847.44 10419.57 0.65
613847.44 10419.57 0.65
613847.44 10419.57 0.65
613847.44 10419.57 0.65
613847.44 10419.57 0.65
613847.44 10419.57 0.65
613847.44 10419.57 0.65
613847.44 10419.57 0.65
613847.44 10419.57 0.65
613847.44 10419.57 0.65
613847.44 10419.57 0.65
613847.44 10419.57 0.65
613847.44 10419.57 0.65
613847.44 10419.57 0.65
613847.44 10419.57 0.65
613847.44 10419.57 0.65
613761.69 10474.74 0.79
604565.75 10508.75 0.81
604565.75 10508.75 0.81
604565.75 10508.75 0.81
601231.06 10477.93 0.82
601231.06 10477.93 0.82
601231.06 10477.93 0.82
601231.06 10477.93 0.82
601231.06 10477.93 0.82
601231.06 10477.93 0.82
601231.06 10477.93 0.82
601231.06 10477.93 0.82
601231.06 10477.93 0.82
601231.06 10477.93 0.82
601231.06 10477.93 0.82
601231.06 10477.93 0.82
601231.06 10477.93 0.82
601231.06 10477.93 0.82
601231.06 10477.93 0.82
601231.06 10477.93 0.82
601231.06 10477.93 0.82
601231.06 10477.93 0.82
601231.06 10477.93 0.82
601231.06 10477.93 0.82
611202.94 9839.66 2.02
599293.69 9964.82 2.02
585213.62 10525.39 2.04
613440.06 9678.56 2.04
601527.19 9803.73 2.04
601527.19 9803.73 2.04
601527.19 9803.73 2.04
594009.69 10073.57 2.04
594009.69 10073.57 2.04
594009.69 10073.57 2.04
594009.69 10073.57 2.04
588928.56 9948.57 2.07
588928.56 9948.57 2.07
588928.56 9948.57 2.07
588928.56 9948.57 2.07
588928.56 9948.57 2.07
588928.56 9948.57 2.07
588928.56 9948.57 2.07
588928.56 9948.57 2.07
596471.25 9678.73 2.07
596471.25 9678.73 2.07
596471.25 9678.73 2.07
596471.25 9678.73 2.07
596471.25 9678.73 2.07
588928.56 9948.57 2.07
588928.56 9948.57 2.07
588928.56 9948.57 2.07
588928.56 9948.57 2.07
588928.56 9948.57 2.07
588928.56 9948.57 2.07
588928.56 9948.57 2.07
588928.56 9948.57 2.07
588928.56 9948.57 2.07
588928.56 9948.57 2.07
588928.56 9948.57 2.07
588928.56 9948.57 2.07
588928.56 9948.57 2.07
588928.56 9948.57 2.07
588928.56 9948.57 2.07
588928.56 9948.57 2.07
588928.56 9948.57 2.07
608465.06 9553.56 2.07
596471.25 9678.73 2.07
596471.25 9678.73 2.07
596471.25 9678.73 2.07
596471.25 9678.73 2.07
608465.06 9553.56 2.07
608465.06 9553.56 2.07
608465.06 9553.56 2.07
608465.06 9553.56 2.07
608465.06 9553.56 2.07
596471.25 9678.73 2.07
608465.06 9553.56 2.07
608465.06 9553.56 2.07
608465.06 9553.56 2.07
608465.06 9553.56 2.07
608465.06 9553.56 2.07
608465.06 9553.56 2.07
608465.06 9553.56 2.07
608465.06 9553.56 2.07
608465.06 9553.56 2.07
596471.25 9678.73 2.07
596471.25 9678.73 2.07
596471.25 9678.73 2.07
596471.25 9678.73 2.07
596471.25 9678.73 2.07
596471.25 9678.73 2.07
596471.25 9678.73 2.07
596471.25 9678.73 2.07
596471.25 9678.73 2.07
596471.25 9678.73 2.07
608465.06 9553.56 2.07
596471.25 9678.73 2.07
596471.25 9678.73 2.07
596471.25 9678.73 2.07
596471.25 9678.73 2.07
596471.25 9678.73 2.07
596471.25 9678.73 2.07
596471.25 9678.73 2.07
596471.25 9678.73 2.07
689677.06 11604.21 0.79
715476.06 11446.43 0.79
705514.12 11516.33 0.85
663128.19 11120.32 0.86
663128.19 11120.32 0.86
663128.19 11120.32 0.86
663128.19 11120.32 0.86
663128.19 11120.32 0.86
663128.19 11120.32 0.86
663128.19 11120.32 0.86
663128.19 11120.32 0.86
663128.19 11120.32 0.86
663735.50 11120.32 0.86
663735.50 11120.32 0.86
663735.50 11120.32 0.86
663735.50 11120.32 0.86
663735.50 11120.32 0.86
663735.50 11120.32 0.86
654276.50 11220.46 0.91
653669.19 11220.46 0.91
653669.19 11220.46 0.91
653669.19 11220.46 0.91
653669.19 11220.46 0.91
653669.19 11220.46 0.91
653669.19 11220.46 0.91
653669.19 11220.46 0.91
653669.19 11220.46 0.91
653669.19 11220.46 0.91
653669.19 11220.46 0.91
654276.50 11220.46 0.91
654276.50 11220.46 0.91
654276.50 11220.46 0.91
654276.50 11220.46 0.91
654276.50 11220.46 0.91
637047.56 11019.87 0.91
637047.56 11019.87 0.91
632859.75 11059.53 0.99
632859.75 11059.53 0.99
632859.75 11059.53 0.99
632859.75 11059.53 0.99
632859.75 11059.53 0.99
632859.75 11059.53 0.99
633467.06 11059.53 0.99
633467.06 11059.53 0.99
633467.06 11059.53 0.99
633467.06 11059.53 0.99
665773.69 10966.17 2.54
673821.00 10956.48 2.55
665193.19 10956.48 2.55
665193.19 10956.48 2.55
665193.19 10956.48 2.55
665193.19 10956.48 2.55
665193.19 10956.48 2.55
665193.19 10956.48 2.55
665193.19 10956.48 2.55
665193.19 10956.48 2.55
665193.19 10956.48 2.55
665193.19 10956.48 2.55
665193.19 10956.48 2.55
665193.19 10956.48 2.55
665193.19 10956.48 2.55
665193.19 10956.48 2.55
665193.19 10956.48 2.55
665193.19 10956.48 2.55
665193.19 10956.48 2.55
665193.19 10956.48 2.55
665193.19 10956.48 2.55
665193.19 10956.48 2.55
665193.19 10956.48 2.55
665193.19 10956.48 2.55
665193.19 10956.48 2.55
665193.19 10956.48 2.55
665193.19 10956.48 2.55
665193.19 10956.48 2.55
661103.69 10996.14 2.55
708544.62 10939.74 2.84
708544.62 10939.74 2.84
708544.62 10939.74 2.84
708544.62 10939.74 2.84
643505.06 10879.77 3.27
622237.88 10439.79 0.65
615319.38 10423.07 0.68
615319.38 10423.07 0.68
615319.38 10423.07 0.68
615319.38 10423.07 0.68
615319.38 10423.07 0.68
615319.38 10423.07 0.68
615306.12 10503.38 0.71
615306.12 10503.38 0.71
615306.12 10503.38 0.71
615306.12 10503.38 0.71
614257.44 10413.07 0.73
614257.44 10413.07 0.73
614257.44 10413.07 0.73
614257.44 10413.07 0.73
614257.44 10413.07 0.73
614257.44 10413.07 0.73
614257.44 10413.07 0.73
614257.44 10413.07 0.73
614257.44 10413.07 0.73
614257.44 10413.07 0.73
609662.88 10766.50 1.03
609662.88 10766.50 1.03
609649.62 10846.81 1.06
608600.94 10756.50 1.09
608600.94 10756.50 1.09
608600.94 10756.50 1.09
608600.94 10756.50 1.09
568172.75 9926.14 1.74
568172.75 9926.14 1.74
575414.31 9446.74 1.74
572258.56 9836.95 1.82
619565.62 9928.71 1.76
619565.62 9928.71 1.76
619565.62 9928.71 1.76
619565.62 9928.71 1.76
619565.62 9928.71 1.76
619565.62 9928.71 1.76
619565.62 9928.71 1.76
619565.62 9928.71 1.76
619565.62 9928.71 1.76
619565.62 9928.71 1.76
619565.62 9928.71 1.76
619565.62 9928.71 1.76
619565.62 9928.71 1.76
619565.62 9928.71 1.76
619565.62 9928.71 1.76
619565.62 9928.71 1.76
619565.62 9928.71 1.76
619565.62 9928.71 1.76
599578.50 10129.01 1.76
603705.75 9973.91 1.76
619565.62 9928.71 1.76
619565.62 9928.71 1.76
619565.62 9928.71 1.76
619565.62 9928.71 1.76
619565.62 9928.71 1.76
619565.62 9928.71 1.76
619565.62 9928.71 1.76
619565.62 9928.71 1.76
619565.62 9928.71 1.76
619565.62 9928.71 1.76
597482.06 10475.65 1.78
597482.06 10475.65 1.78
597482.06 10475.65 1.78
597482.06 10475.65 1.78
601019.56 10028.72 1.80
601019.56 10028.72 1.80
601019.56 10028.72 1.80
601019.56 10028.72 1.80
601019.56 10028.72 1.80
601019.56 10028.72 1.80
601019.56 10028.72 1.80
601019.56 10028.72 1.80
601019.56 10028.72 1.80
601019.56 10028.72 1.80
601019.56 10028.72 1.80
601019.56 10028.72 1.80
601019.56 10028.72 1.80
601019.56 10028.72 1.80
601019.56 10028.72 1.80
601019.56 10028.72 1.80
601019.56 10028.72 1.80
601019.56 10028.72 1.80
605134.25 9873.62 1.80
605134.25 9873.62 1.80
605134.25 9873.62 1.80
605134.25 9873.62 1.80
605134.25 9873.62 1.80
605134.25 9873.62 1.80
605134.25 9873.62 1.80
605134.25 9873.62 1.80
605134.25 9873.62 1.80
605134.25 9873.62 1.80
605134.25 9873.62 1.80
605134.25 9873.62 1.80
605134.25 9873.62 1.80
605134.25 9873.62 1.80
605134.25 9873.62 1.80
605134.25 9873.62 1.80
605134.25 9873.62 1.80
605134.25 9873.62 1.80
605134.25 9873.62 1.80
605134.25 9873.62 1.80
605134.25 9873.62 1.80
605134.25 9873.62 1.80
605134.25 9873.62 1.80
605134.25 9873.62 1.80
605134.25 9873.62 1.80
601019.56 10028.72 1.80
601019.56 10028.72 1.80
601019.56 10028.72 1.80
709934.62 11832.51 0.80
712653.62 11206.61 0.82
699911.88 11765.20 0.82
699432.94 11411.88 0.90
698036.81 11474.26 1.01
698036.81 11474.26 1.01
684816.12 11679.53 1.01
662195.12 11692.85 1.01
681470.50 11062.62 1.05
680536.81 11485.27 1.11
680536.81 11485.27 1.11
680536.81 11485.27 1.11
680536.81 11485.27 1.11
680536.81 11485.27 1.11
680536.81 11485.27 1.11
680536.81 11485.27 1.11
680536.81 11485.27 1.11
680536.81 11485.27 1.11
680536.81 11485.27 1.11
680536.81 11485.27 1.11
680536.81 11485.27 1.11
680536.81 11485.27 1.11
680536.81 11485.27 1.11
680536.81 11485.27 1.11
680536.81 11485.27 1.11
680536.81 11485.27 1.11
680536.81 11485.27 1.11
680536.81 11485.27 1.11
680536.81 11485.27 1.11
680536.81 11485.27 1.11
680536.81 11485.27 1.11
680536.81 11485.27 1.11
680536.81 11485.27 1.11
680536.81 11485.27 1.11
680536.81 11485.27 1.11
680536.81 11485.27 1.11
680536.81 11485.27 1.11
680536.81 11485.27 1.11
680536.81 11485.27 1.11
680536.81 11485.27 1.11
680536.81 11485.27 1.11
680536.81 11485.27 1.11
680536.81 11485.27 1.11
680536.81 11485.27 1.11
680536.81 11485.27 1.11
680536.81 11485.27 1.11
680536.81 11485.27 1.11
712132.06 10972.22 2.88
694632.00 10983.23 2.88
694632.00 10983.23 2.88
694632.00 10983.23 2.88
712132.06 10972.22 2.88
680536.81 11263.80 2.93
680536.81 11263.80 2.93