662142.38 9632.08 0.43
662142.38 9632.08 0.43
662142.38 9632.08 0.43
662142.38 9632.08 0.43
662142.38 9632.08 0.43
662142.38 9632.08 0.43
662142.38 9632.08 0.43
662142.38 9632.08 0.43
662142.38 9632.08 0.43
662142.38 9632.08 0.43
662142.38 9632.08 0.43
662142.38 9632.08 0.43
662142.38 9632.08 0.43
662142.38 9632.08 0.43
662142.38 9632.08 0.43
662142.38 9632.08 0.43
662142.38 9632.08 0.43
662142.38 9632.08 0.43
662142.38 9632.08 0.43
662142.38 9632.08 0.43
661414.06 9657.08 0.43
661414.06 9657.08 0.43
661414.06 9657.08 0.43
661414.06 9657.08 0.43
661414.06 9657.08 0.43
661414.06 9657.08 0.43
661414.06 9657.08 0.43
661414.06 9657.08 0.43
661414.06 9657.08 0.43
661414.06 9657.08 0.43
662142.38 9632.08 0.43
661414.06 9657.08 0.43
661414.06 9657.08 0.43
661414.06 9657.08 0.43
662142.38 9632.08 0.43
662142.38 9632.08 0.43
662142.38 9632.08 0.43
662142.38 9632.08 0.43
662142.38 9632.08 0.43
662142.38 9632.08 0.43
662142.38 9632.08 0.43
662142.38 9632.08 0.43
662142.38 9632.08 0.43
662142.38 9632.08 0.43
662142.38 9632.08 0.43
662142.38 9632.08 0.43
662142.38 9632.08 0.43
662142.38 9632.08 0.43
662142.38 9632.08 0.43
662142.38 9632.08 0.43
662142.38 9632.08 0.43
662142.38 9632.08 0.43
662142.38 9632.08 0.43
662142.38 9632.08 0.43
662142.38 9632.08 0.43
662142.38 9632.08 0.43
662142.38 9632.08 0.43
662142.38 9632.08 0.43
662142.38 9632.08 0.43
662142.38 9632.08 0.43
662142.38 9632.08 0.43
662142.38 9632.08 0.43
662142.38 9632.08 0.43
662142.38 9632.08 0.43
662142.38 9632.08 0.43
662142.38 9632.08 0.43
662142.38 9632.08 0.43
662142.38 9632.08 0.43
662142.38 9632.08 0.43
662142.38 9632.08 0.43
662142.38 9632.08 0.43
662142.38 9632.08 0.43
662142.38 9632.08 0.43
662142.38 9632.08 0.43
662142.38 9632.08 0.43
662142.38 9632.08 0.43
662142.38 9632.08 0.43
662142.38 9632.08 0.43
662142.38 9632.08 0.43
660598.00 9779.71 0.56
655528.31 9995.55 0.64
667140.94 9990.55 0.64
617040.06 9394.07 0.65
617040.06 9394.07 0.65
617040.06 9394.07 0.65
617040.06 9394.07 0.65
617040.06 9394.07 0.65
617040.06 9394.07 0.65
617040.06 9394.07 0.65
617040.06 9394.07 0.65
617040.06 9394.07 0.65
617040.06 9394.07 0.65
617040.06 9394.07 0.65
617040.06 9394.07 0.65
617040.06 9394.07 0.65
617040.06 9394.07 0.65
617040.06 9394.07 0.65
617040.06 9394.07 0.65
617040.06 9394.07 0.65
617040.06 9394.07 0.65
617040.06 9394.07 0.65
617040.06 9394.07 0.65
617040.06 9394.07 0.65
617040.06 9394.07 0.65
617040.06 9394.07 0.65
617040.06 9394.07 0.65
617040.06 9394.07 0.65
617040.06 9394.07 0.65
617040.06 9394.07 0.65
617040.06 9394.07 0.65
617040.06 9394.07 0.65
617040.06 9394.07 0.65
617040.06 9394.07 0.65
617040.06 9394.07 0.65
617040.06 9394.07 0.65
617040.06 9394.07 0.65
617040.06 9394.07 0.65
595958.94 9285.76 0.80
595958.94 9285.76 0.80
595958.94 9285.76 0.80
595958.94 9285.76 0.80
595958.94 9285.76 0.80
595958.94 9285.76 0.80
595958.94 9285.76 0.80
595958.94 9285.76 0.80
595958.94 9285.76 0.80
595958.94 9285.76 0.80
595958.94 9285.76 0.80
595958.94 9285.76 0.80
595958.94 9285.76 0.80
595958.94 9285.76 0.80
595958.94 9285.76 0.80
595958.94 9285.76 0.80
595958.94 9285.76 0.80
595958.94 9285.76 0.80
595958.94 9285.76 0.80
595958.94 9285.76 0.80
575529.25 9296.82 0.98
575529.25 9296.82 0.98
575529.25 9296.82 0.98
575529.25 9296.82 0.98
575529.25 9296.82 0.98
575529.25 9296.82 0.98
575529.25 9296.82 0.98
575529.25 9296.82 0.98
575529.25 9296.82 0.98
549886.62 8807.90 1.02
549886.62 8807.90 1.02
549886.62 8807.90 1.02
549886.62 8807.90 1.02
549886.62 8807.90 1.02
549886.62 8807.90 1.02
549886.62 8807.90 1.02
549886.62 8807.90 1.02
549886.62 8807.90 1.02
549886.62 8807.90 1.02
549886.62 8807.90 1.02
549886.62 8807.90 1.02
549886.62 8807.90 1.02
549886.62 8807.90 1.02
657487.88 10211.90 0.74
657487.88 10211.90 0.74
657487.88 10211.90 0.74
657487.88 10211.90 0.74
657487.88 10211.90 0.74
657487.88 10211.90 0.74
657487.88 10211.90 0.74
657487.88 10211.90 0.74
657487.88 10211.90 0.74
657487.88 10211.90 0.74
657487.88 10211.90 0.74
657487.88 10211.90 0.74
657487.88 10211.90 0.74
657487.88 10211.90 0.74
657487.88 10211.90 0.74
657487.88 10211.90 0.74
657487.88 10211.90 0.74
657487.88 10211.90 0.74
657487.88 10211.90 0.74
657487.88 10211.90 0.74
657487.88 10211.90 0.74
657487.88 10211.90 0.74
657487.88 10211.90 0.74
657487.88 10211.90 0.74
657487.88 10211.90 0.74
657487.88 10211.90 0.74
657487.88 10211.90 0.74
657487.88 10211.90 0.74
657487.88 10211.90 0.74
657487.88 10211.90 0.74
657487.88 10211.90 0.74
657487.88 10211.90 0.74
657487.88 10211.90 0.74
657487.88 10211.90 0.74
657487.88 10211.90 0.74
657487.88 10211.90 0.74
657487.88 10211.90 0.74
657487.88 10211.90 0.74
657487.88 10211.90 0.74
657487.88 10211.90 0.74
663854.69 10186.90 0.74
657487.88 10211.90 0.74
657487.88 10211.90 0.74
657487.88 10211.90 0.74
657487.88 10211.90 0.74
657487.88 10211.90 0.74
657487.88 10211.90 0.74
657487.88 10211.90 0.74
657487.88 10211.90 0.74
657487.88 10211.90 0.74
657487.88 10211.90 0.74
663854.69 10186.90 0.74
663854.69 10186.90 0.74
663854.69 10186.90 0.74
663854.69 10186.90 0.74
663854.69 10186.90 0.74
669477.94 10116.90 0.74
669477.94 10116.90 0.74
669477.94 10116.90 0.74
675769.88 10091.90 0.74
657487.88 10211.90 0.74
657487.88 10211.90 0.74
657487.88 10211.90 0.74
657487.88 10211.90 0.74
657487.88 10211.90 0.74
657487.88 10211.90 0.74
657487.88 10211.90 0.74
657487.88 10211.90 0.74
657487.88 10211.90 0.74
657487.88 10211.90 0.74
675769.88 10091.90 0.74
657487.88 10211.90 0.74
657487.88 10211.90 0.74
657487.88 10211.90 0.74
657487.88 10211.90 0.74
657487.88 10211.90 0.74
657487.88 10211.90 0.74
657487.88 10211.90 0.74
657487.88 10211.90 0.74
657487.88 10211.90 0.74
630979.50 9635.55 0.64
630979.50 9635.55 0.64
630979.50 9635.55 0.64
601342.75 9129.07 0.65
601342.75 9129.07 0.65
601342.75 9129.07 0.65
601342.75 9129.07 0.65
601342.75 9129.07 0.65
601342.75 9129.07 0.65
601342.75 9129.07 0.65
601342.75 9129.07 0.65
601342.75 9129.07 0.65
601342.75 9129.07 0.65
601342.75 9129.07 0.65
601342.75 9129.07 0.65
601342.75 9129.07 0.65
601342.75 9129.07 0.65
601342.75 9129.07 0.65
601342.75 9129.07 0.65
601342.75 9129.07 0.65
601342.75 9129.07 0.65
601342.75 9129.07 0.65
601342.75 9129.07 0.65
601342.75 9129.07 0.65
601342.75 9129.07 0.65
601342.75 9129.07 0.65
601342.75 9129.07 0.65
601342.75 9129.07 0.65
601342.75 9129.07 0.65
601342.75 9129.07 0.65
601342.75 9129.07 0.65
601342.75 9129.07 0.65
601342.75 9129.07 0.65
601342.75 9129.07 0.65
601342.75 9129.07 0.65
601342.75 9129.07 0.65
601342.75 9129.07 0.65
601342.75 9129.07 0.65
601342.75 9129.07 0.65
601342.75 9129.07 0.65
601342.75 9129.07 0.65
601342.75 9129.07 0.65
601342.75 9129.07 0.65
601342.75 9129.07 0.65
601342.75 9129.07 0.65
601342.75 9129.07 0.65
601342.75 9129.07 0.65
601342.75 9129.07 0.65
601342.75 9129.07 0.65
601342.75 9129.07 0.65
601342.75 9129.07 0.65
601342.75 9129.07 0.65
601342.75 9129.07 0.65
601342.75 9129.07 0.65
601342.75 9129.07 0.65
601342.75 9129.07 0.65
601342.75 9129.07 0.65
601342.75 9129.07 0.65
601342.75 9129.07 0.65
601342.75 9129.07 0.65
601342.75 9129.07 0.65
601342.75 9129.07 0.65
601342.75 9129.07 0.65
601342.75 9129.07 0.65
601342.75 9129.07 0.65
601342.75 9129.07 0.65
601342.75 9129.07 0.65
601342.75 9129.07 0.65
601342.75 9129.07 0.65
601342.75 9129.07 0.65
601342.75 9129.07 0.65
601342.75 9129.07 0.65
601342.75 9129.07 0.65
601342.75 9129.07 0.65
601342.75 9129.07 0.65
601342.75 9129.07 0.65
601342.75 9129.07 0.65
601342.75 9129.07 0.65
601342.75 9129.07 0.65
593226.19 9181.30 0.80
604279.00 9325.55 0.64
604279.00 9325.55 0.64
587615.12 9034.07 0.65
587615.12 9034.07 0.65
587615.12 9034.07 0.65
587615.12 9034.07 0.65
587615.12 9034.07 0.65
587615.12 9034.07 0.65
587615.12 9034.07 0.65
587615.12 9034.07 0.65
587615.12 9034.07 0.65
587615.12 9034.07 0.65
587615.12 9034.07 0.65
587615.12 9034.07 0.65
587615.12 9034.07 0.65
587615.12 9034.07 0.65
587615.12 9034.07 0.65
605408.00 9019.07 0.65
587615.12 9034.07 0.65
587615.12 9034.07 0.65
587615.12 9034.07 0.65
587615.12 9034.07 0.65
587615.12 9034.07 0.65
587615.12 9034.07 0.65
587615.12 9034.07 0.65
587615.12 9034.07 0.65
587615.12 9034.07 0.65
587615.12 9034.07 0.65
587615.12 9034.07 0.65
587615.12 9034.07 0.65
587615.12 9034.07 0.65
587615.12 9034.07 0.65
587615.12 9034.07 0.65
587615.12 9034.07 0.65
587615.12 9034.07 0.65
587615.12 9034.07 0.65
587615.12 9034.07 0.65
587615.12 9034.07 0.65
587615.12 9034.07 0.65
587615.12 9034.07 0.65
587615.12 9034.07 0.65
587615.12 9034.07 0.65
587615.12 9034.07 0.65
587615.12 9034.07 0.65
587615.12 9034.07 0.65
587615.12 9034.07 0.65
587615.12 9034.07 0.65
587615.12 9034.07 0.65
587615.12 9034.07 0.65
587615.12 9034.07 0.65
587615.12 9034.07 0.65
587615.12 9034.07 0.65
587615.12 9034.07 0.65
587615.12 9034.07 0.65
587615.12 9034.07 0.65
587615.12 9034.07 0.65
587615.12 9034.07 0.65
587615.12 9034.07 0.65
587615.12 9034.07 0.65
587615.12 9034.07 0.65
587615.12 9034.07 0.65
587615.12 9034.07 0.65
587615.12 9034.07 0.65
587615.12 9034.07 0.65
587615.12 9034.07 0.65
587615.12 9034.07 0.65
587615.12 9034.07 0.65
587615.12 9034.07 0.65
587615.12 9034.07 0.65
587615.12 9034.07 0.65
587615.12 9034.07 0.65
587615.12 9034.07 0.65
587615.12 9034.07 0.65
587615.12 9034.07 0.65
586438.19 9130.66 0.78
586438.19 9130.66 0.78
586438.19 9130.66 0.78
586438.19 9130.66 0.78
586438.19 9130.66 0.78
586438.19 9130.66 0.78
661056.19 10115.55 0.64
661056.19 10115.55 0.64
661056.19 10115.55 0.64
661056.19 10115.55 0.64
661056.19 10115.55 0.64
661056.19 10115.55 0.64
661056.19 10115.55 0.64
661056.19 10115.55 0.64
661056.19 10115.55 0.64
661056.19 10115.55 0.64
661056.19 10115.55 0.64
661056.19 10115.55 0.64
661056.19 10115.55 0.64
661056.19 10115.55 0.64
661056.19 10115.55 0.64
661056.19 10115.55 0.64
661056.19 10115.55 0.64
661056.19 10115.55 0.64
661056.19 10115.55 0.64
661056.19 10115.55 0.64
661056.19 10115.55 0.64
661056.19 10115.55 0.64
661056.19 10115.55 0.64
661056.19 10115.55 0.64
661056.19 10115.55 0.64
661056.19 10115.55 0.64
661056.19 10115.55 0.64
662307.75 10074.07 0.65
662307.75 10074.07 0.65
628138.44 9816.94 0.86
628138.44 9816.94 0.86
628138.44 9816.94 0.86
628138.44 9816.94 0.86
628138.44 9816.94 0.86
628138.44 9816.94 0.86
628138.44 9816.94 0.86
628138.44 9816.94 0.86
628138.44 9816.94 0.86
628138.44 9816.94 0.86
628138.44 9816.94 0.86
628138.44 9816.94 0.86
628138.44 9816.94 0.86
628138.44 9816.94 0.86
628138.44 9816.94 0.86
628138.44 9816.94 0.86
628138.44 9816.94 0.86
628138.44 9816.94 0.86
628138.44 9816.94 0.86
628138.44 9816.94 0.86
628138.44 9816.94 0.86
628138.44 9816.94 0.86
628138.44 9816.94 0.86
628138.44 9816.94 0.86
628138.44 9816.94 0.86
628138.44 9816.94 0.86
628138.44 9816.94 0.86
628138.44 9816.94 0.86
628138.44 9816.94 0.86
628138.44 9816.94 0.86
628138.44 9816.94 0.86
628138.44 9816.94 0.86
628138.44 9816.94 0.86
628138.44 9816.94 0.86
628138.44 9816.94 0.86
628138.44 9816.94 0.86
628138.44 9816.94 0.86
628138.44 9816.94 0.86
628138.44 9816.94 0.86
628138.44 9816.94 0.86
628138.44 9816.94 0.86
628138.44 9816.94 0.86
628138.44 9816.94 0.86
628138.44 9816.94 0.86
628138.44 9816.94 0.86
628138.44 9816.94 0.86
628138.44 9816.94 0.86
628138.44 9816.94 0.86
628138.44 9816.94 0.86
628138.44 9816.94 0.86
628138.44 9816.94 0.86
624317.88 9645.55 0.64
600104.50 9229.07 0.65
600104.50 9229.07 0.65
600104.50 9229.07 0.65
600104.50 9229.07 0.65
600104.50 9229.07 0.65
600104.50 9229.07 0.65
600104.50 9229.07 0.65
600104.50 9229.07 0.65
600104.50 9229.07 0.65
600104.50 9229.07 0.65
600104.50 9229.07 0.65
600104.50 9229.07 0.65
600104.50 9229.07 0.65
600104.50 9229.07 0.65
600104.50 9229.07 0.65
600104.50 9229.07 0.65
600104.50 9229.07 0.65
600104.50 9229.07 0.65
600104.50 9229.07 0.65
600104.50 9229.07 0.65
600104.50 9229.07 0.65
600104.50 9229.07 0.65
600104.50 9229.07 0.65
600104.50 9229.07 0.65
600104.50 9229.07 0.65
600104.50 9229.07 0.65
600104.50 9229.07 0.65
600104.50 9229.07 0.65
600104.50 9229.07 0.65
600104.50 9229.07 0.65
600104.50 9229.07 0.65
600104.50 9229.07 0.65
600104.50 9229.07 0.65
600104.50 9229.07 0.65
600104.50 9229.07 0.65
600104.50 9229.07 0.65
600104.50 9229.07 0.65
600104.50 9229.07 0.65
600104.50 9229.07 0.65
600104.50 9229.07 0.65
600104.50 9229.07 0.65
600104.50 9229.07 0.65
600104.50 9229.07 0.65
600104.50 9229.07 0.65
600104.50 9229.07 0.65
600104.50 9229.07 0.65
600104.50 9229.07 0.65
600104.50 9229.07 0.65
600104.50 9229.07 0.65
600104.50 9229.07 0.65
600104.50 9229.07 0.65
600104.50 9229.07 0.65
600104.50 9229.07 0.65
600104.50 9229.07 0.65
600104.50 9229.07 0.65
598697.00 9376.71 0.78
598697.00 9376.71 0.78
598697.00 9376.71 0.78
596298.62 9290.66 0.78
596298.62 9290.66 0.78
596298.62 9290.66 0.78
596298.62 9290.66 0.78
596298.62 9290.66 0.78
596298.62 9290.66 0.78
596298.62 9290.66 0.78
596298.62 9290.66 0.78
596298.62 9290.66 0.78
596298.62 9290.66 0.78
596298.62 9290.66 0.78
596298.62 9290.66 0.78
596298.62 9290.66 0.78
596298.62 9290.66 0.78
596298.62 9290.66 0.78
596298.62 9290.66 0.78
596298.62 9290.66 0.78
596298.62 9290.66 0.78
596298.62 9290.66 0.78
596298.62 9290.66 0.78
596298.62 9290.66 0.78
623645.50 9630.55 0.64
623645.50 9630.55 0.64
623645.50 9630.55 0.64
623645.50 9630.55 0.64
623645.50 9630.55 0.64
623645.50 9630.55 0.64
623645.50 9630.55 0.64
623645.50 9630.55 0.64
623645.50 9630.55 0.64
623645.50 9630.55 0.64
623645.50 9630.55 0.64
623645.50 9630.55 0.64
623645.50 9630.55 0.64
623645.50 9630.55 0.64
623645.50 9630.55 0.64
623645.50 9630.55 0.64
623645.50 9630.55 0.64
623645.50 9630.55 0.64
623645.50 9630.55 0.64
623645.50 9630.55 0.64
623645.50 9630.55 0.64
623645.50 9630.55 0.64
623645.50 9630.55 0.64
623645.50 9630.55 0.64
623645.50 9630.55 0.64
623645.50 9630.55 0.64
623645.50 9630.55 0.64
623645.50 9630.55 0.64
623645.50 9630.55 0.64
638756.00 9520.55 0.64
623645.50 9630.55 0.64
623645.50 9630.55 0.64
623645.50 9630.55 0.64
623645.50 9630.55 0.64
623645.50 9630.55 0.64
623645.50 9630.55 0.64
623645.50 9630.55 0.64
623645.50 9630.55 0.64
624370.81 9595.55 0.64
623645.50 9630.55 0.64
623645.50 9630.55 0.64
623645.50 9630.55 0.64
623645.50 9630.55 0.64
623645.50 9630.55 0.64
623645.50 9630.55 0.64
623645.50 9630.55 0.64
623645.50 9630.55 0.64
624370.81 9595.55 0.64
623645.50 9630.55 0.64
624370.81 9595.55 0.64
624370.81 9595.55 0.64
624370.81 9595.55 0.64
624370.81 9595.55 0.64
624370.81 9595.55 0.64
624370.81 9595.55 0.64
624370.81 9595.55 0.64
638756.00 9520.55 0.64
623645.50 9630.55 0.64
623645.50 9630.55 0.64
623645.50 9630.55 0.64
623645.50 9630.55 0.64
623645.50 9630.55 0.64
623645.50 9630.55 0.64
623645.50 9630.55 0.64
623645.50 9630.55 0.64
623645.50 9630.55 0.64
623645.50 9630.55 0.64
623645.50 9630.55 0.64
623645.50 9630.55 0.64
623645.50 9630.55 0.64
623645.50 9630.55 0.64
623645.50 9630.55 0.64
623645.50 9630.55 0.64
623645.50 9630.55 0.64
623645.50 9630.55 0.64
618713.62 9544.07 0.65
618668.88 9714.53 0.80
618668.88 9714.53 0.80
618668.88 9714.53 0.80
618668.88 9714.53 0.80
692729.44 10276.60 0.59
692729.44 10276.60 0.59
692729.44 10276.60 0.59
692729.44 10276.60 0.59
692729.44 10276.60 0.59
692729.44 10276.60 0.59
692729.44 10276.60 0.59
692729.44 10276.60 0.59
692729.44 10276.60 0.59
692729.44 10276.60 0.59
692729.44 10276.60 0.59
692729.44 10276.60 0.59
692729.44 10276.60 0.59
692729.44 10276.60 0.59
692729.44 10276.60 0.59
692729.44 10276.60 0.59
692729.44 10276.60 0.59
692729.44 10276.60 0.59
692729.44 10276.60 0.59
692729.44 10276.60 0.59
692729.44 10276.60 0.59
692729.44 10276.60 0.59
692729.44 10276.60 0.59
692729.44 10276.60 0.59
692729.44 10276.60 0.59
692729.44 10276.60 0.59
692729.44 10276.60 0.59
692729.44 10276.60 0.59
692729.44 10276.60 0.59
692729.44 10276.60 0.59
692729.44 10276.60 0.59
692729.44 10276.60 0.59
692729.44 10276.60 0.59
692729.44 10276.60 0.59
692729.44 10276.60 0.59
692729.44 10276.60 0.59
692729.44 10276.60 0.59
692729.44 10276.60 0.59
692729.44 10276.60 0.59
692729.44 10276.60 0.59
692729.44 10276.60 0.59
692729.44 10276.60 0.59
692729.44 10276.60 0.59
692729.44 10276.60 0.59
692729.44 10276.60 0.59
692729.44 10276.60 0.59
692729.44 10276.60 0.59
692729.44 10276.60 0.59
692729.44 10276.60 0.59
692729.44 10276.60 0.59
692729.44 10276.60 0.59
692729.44 10276.60 0.59
692729.44 10276.60 0.59
692729.44 10276.60 0.59
692729.44 10276.60 0.59
692729.44 10276.60 0.59
692729.44 10276.60 0.59
692729.44 10276.60 0.59
692729.44 10276.60 0.59
692729.44 10276.60 0.59
692729.44 10276.60 0.59
692729.44 10276.60 0.59
692729.44 10276.60 0.59
692729.44 10276.60 0.59
692729.44 10276.60 0.59
692729.44 10276.60 0.59
692729.44 10276.60 0.59
692729.44 10276.60 0.59
692729.44 10276.60 0.59
692729.44 10276.60 0.59
692729.44 10276.60 0.59
692729.44 10276.60 0.59
688725.56 10216.46 0.60
688725.56 10216.46 0.60
688725.56 10216.46 0.60
688725.56 10216.46 0.60
688725.56 10216.46 0.60
688725.56 10216.46 0.60
688725.56 10216.46 0.60
647061.31 9951.14 0.69
682774.88 9769.85 0.57
624813.81 9410.55 0.64
624813.81 9410.55 0.64
624813.81 9410.55 0.64
600612.44 8994.07 0.65
600612.44 8994.07 0.65
600612.44 8994.07 0.65
600612.44 8994.07 0.65
600612.44 8994.07 0.65
600612.44 8994.07 0.65
600612.44 8994.07 0.65
600612.44 8994.07 0.65
600612.44 8994.07 0.65
600612.44 8994.07 0.65
600612.44 8994.07 0.65
600612.44 8994.07 0.65
600612.44 8994.07 0.65
600612.44 8994.07 0.65
600612.44 8994.07 0.65
600612.44 8994.07 0.65
600612.44 8994.07 0.65
600612.44 8994.07 0.65
600612.44 8994.07 0.65
600612.44 8994.07 0.65
600612.44 8994.07 0.65
600612.44 8994.07 0.65
600612.44 8994.07 0.65
600612.44 8994.07 0.65
600612.44 8994.07 0.65
600612.44 8994.07 0.65
600612.44 8994.07 0.65
600612.44 8994.07 0.65
600612.44 8994.07 0.65
600612.44 8994.07 0.65
600612.44 8994.07 0.65
600612.44 8994.07 0.65
600612.44 8994.07 0.65
600612.44 8994.07 0.65
600612.44 8994.07 0.65
600612.44 8994.07 0.65
600612.44 8994.07 0.65
600612.44 8994.07 0.65
600612.44 8994.07 0.65
600612.44 8994.07 0.65
600612.44 8994.07 0.65
600612.44 8994.07 0.65
600612.44 8994.07 0.65
600612.44 8994.07 0.65
600612.44 8994.07 0.65
600612.44 8994.07 0.65
600612.44 8994.07 0.65
600612.44 8994.07 0.65
600612.44 8994.07 0.65
600612.44 8994.07 0.65
600612.44 8994.07 0.65
600612.44 8994.07 0.65
600612.44 8994.07 0.65
600612.44 8994.07 0.65
600612.44 8994.07 0.65
600612.44 8994.07 0.65
600612.44 8994.07 0.65
600612.44 8994.07 0.65
600612.44 8994.07 0.65
600612.44 8994.07 0.65
600612.44 8994.07 0.65
600612.44 8994.07 0.65
600612.44 8994.07 0.65
600612.44 8994.07 0.65
600612.44 8994.07 0.65
600612.44 8994.07 0.65
600612.44 8994.07 0.65
600612.44 8994.07 0.65
600612.44 8994.07 0.65
600612.44 8994.07 0.65
600612.44 8994.07 0.65
600612.44 8994.07 0.65
600612.44 8994.07 0.65
600612.44 8994.07 0.65
600612.44 8994.07 0.65
599077.00 9141.71 0.78
633588.81 9450.55 0.64
633588.81 9450.55 0.64
633588.81 9450.55 0.64
633588.81 9450.55 0.64
633588.81 9450.55 0.64
633588.81 9450.55 0.64
633588.81 9450.55 0.64
633588.81 9450.55 0.64
633588.81 9450.55 0.64
633588.81 9450.55 0.64
633588.81 9450.55 0.64
633588.81 9450.55 0.64
633588.81 9450.55 0.64
633588.81 9450.55 0.64
634129.12 9425.55 0.64
634129.12 9425.55 0.64
634129.12 9425.55 0.64
634129.12 9425.55 0.64
634129.12 9425.55 0.64
634129.12 9425.55 0.64
633588.81 9450.55 0.64
633588.81 9450.55 0.64
633588.81 9450.55 0.64
633588.81 9450.55 0.64
633588.81 9450.55 0.64
633588.81 9450.55 0.64
633588.81 9450.55 0.64
633588.81 9450.55 0.64
633588.81 9450.55 0.64
633588.81 9450.55 0.64
634129.12 9425.55 0.64
633588.81 9450.55 0.64
633588.81 9450.55 0.64
633588.81 9450.55 0.64
633588.81 9450.55 0.64
633588.81 9450.55 0.64
633588.81 9450.55 0.64
633588.81 9450.55 0.64
633588.81 9450.55 0.64
633588.81 9450.55 0.64
634129.12 9425.55 0.64
634129.12 9425.55 0.64
634129.12 9425.55 0.64
634129.12 9425.55 0.64
634129.12 9425.55 0.64
634129.12 9425.55 0.64
634129.12 9425.55 0.64
634129.12 9425.55 0.64
634129.12 9425.55 0.64
634129.12 9425.55 0.64
634129.12 9425.55 0.64
634129.12 9425.55 0.64
634129.12 9425.55 0.64
634129.12 9425.55 0.64
634129.12 9425.55 0.64
634129.12 9425.55 0.64
634129.12 9425.55 0.64
634129.12 9425.55 0.64
634129.12 9425.55 0.64
634129.12 9425.55 0.64
634129.12 9425.55 0.64
634129.12 9425.55 0.64
634129.12 9425.55 0.64
634129.12 9425.55 0.64
634129.12 9425.55 0.64
634129.12 9425.55 0.64
634129.12 9425.55 0.64
634129.12 9425.55 0.64
634129.12 9425.55 0.64
634129.12 9425.55 0.64
634129.12 9425.55 0.64
634129.12 9425.55 0.64
634129.12 9425.55 0.64
634129.12 9425.55 0.64
634129.12 9425.55 0.64
634129.12 9425.55 0.64
634129.12 9425.55 0.64
634129.12 9425.55 0.64
622582.69 9219.07 0.65
622041.12 9244.07 0.65
758181.75 11678.15 0.71
710496.56 11040.08 0.82
627740.62 9894.83 0.95
623792.75 9684.83 1.00
623792.75 9684.83 1.00
619139.06 9744.83 1.00
619139.06 9744.83 1.00
619139.06 9744.83 1.00
619139.06 9744.83 1.00
612384.75 9734.83 1.02
612618.00 9729.83 1.02
612618.00 9729.83 1.02
622040.88 9684.83 1.02
602730.00 9619.83 1.10
602730.00 9619.83 1.10
602730.00 9619.83 1.10
602730.00 9619.83 1.10
602730.00 9619.83 1.10
602730.00 9619.83 1.10
602730.00 9619.83 1.10
602730.00 9619.83 1.10
602730.00 9619.83 1.10
602730.00 9619.83 1.10
602730.00 9619.83 1.10
602730.00 9619.83 1.10
602730.00 9619.83 1.10
602730.00 9619.83 1.10
602730.00 9619.83 1.10
602730.00 9619.83 1.10
602730.00 9619.83 1.10
602730.00 9619.83 1.10
602730.00 9619.83 1.10
602730.00 9619.83 1.10
602730.00 9619.83 1.10
602730.00 9619.83 1.10
602730.00 9619.83 1.10
602730.00 9619.83 1.10
602730.00 9619.83 1.10
602730.00 9619.83 1.10
602730.00 9619.83 1.10
607383.69 9559.83 1.10
607383.69 9559.83 1.10
607383.69 9559.83 1.10
607383.69 9559.83 1.10
607383.69 9559.83 1.10
607383.69 9559.83 1.10
607383.69 9559.83 1.10
607383.69 9559.83 1.10
607383.69 9559.83 1.10
607383.69 9559.83 1.10
607383.69 9559.83 1.10
607383.69 9559.83 1.10
607383.69 9559.83 1.10
607383.69 9559.83 1.10
607383.69 9559.83 1.10
607383.69 9559.83 1.10
607383.69 9559.83 1.10
607383.69 9559.83 1.10
607383.69 9559.83 1.10
607383.69 9559.83 1.10
602730.00 9619.83 1.10
602730.00 9619.83 1.10
602730.00 9619.83 1.10
602730.00 9619.83 1.10
602730.00 9619.83 1.10
602730.00 9619.83 1.10
602730.00 9619.83 1.10
602730.00 9619.83 1.10
602730.00 9619.83 1.10
602730.00 9619.83 1.10
607383.69 9559.83 1.10
602730.00 9619.83 1.10
602730.00 9619.83 1.10
602730.00 9619.83 1.10
602730.00 9619.83 1.10
602730.00 9619.83 1.10
602730.00 9619.83 1.10
602730.00 9619.83 1.10
602730.00 9619.83 1.10
602730.00 9619.83 1.10
627310.06 9265.55 0.64
627310.06 9265.55 0.64
627310.06 9265.55 0.64
627310.06 9265.55 0.64
627310.06 9265.55 0.64
627310.06 9265.55 0.64
627310.06 9265.55 0.64
627310.06 9265.55 0.64
627310.06 9265.55 0.64
627310.06 9265.55 0.64
627310.06 9265.55 0.64
627310.06 9265.55 0.64
627310.06 9265.55 0.64
614824.88 9019.07 0.65
614824.88 9019.07 0.65
614824.88 9019.07 0.65
614824.88 9019.07 0.65
614824.88 9019.07 0.65
614824.88 9019.07 0.65
614824.88 9019.07 0.65
614824.88 9019.07 0.65
614824.88 9019.07 0.65
614824.88 9019.07 0.65
614824.88 9019.07 0.65
614824.88 9019.07 0.65
614824.88 9019.07 0.65
614824.88 9019.07 0.65
614824.88 9019.07 0.65
614824.88 9019.07 0.65
614824.88 9019.07 0.65
614824.88 9019.07 0.65
614824.88 9019.07 0.65
614824.88 9019.07 0.65
614824.88 9019.07 0.65
614824.88 9019.07 0.65
614824.88 9019.07 0.65
614824.88 9019.07 0.65
614824.88 9019.07 0.65
614824.88 9019.07 0.65
614824.88 9019.07 0.65
614824.88 9019.07 0.65
614824.88 9019.07 0.65
614824.88 9019.07 0.65
614824.88 9019.07 0.65
614824.88 9019.07 0.65
614824.88 9019.07 0.65
614824.88 9019.07 0.65
614824.88 9019.07 0.65
614824.88 9019.07 0.65
614824.88 9019.07 0.65
614824.88 9019.07 0.65
614824.88 9019.07 0.65
614824.88 9019.07 0.65
614824.88 9019.07 0.65
614824.88 9019.07 0.65
614824.88 9019.07 0.65
614824.88 9019.07 0.65
614824.88 9019.07 0.65
614824.88 9019.07 0.65
614824.88 9019.07 0.65
614824.88 9019.07 0.65
614824.88 9019.07 0.65
614824.88 9019.07 0.65
614824.88 9019.07 0.65
614824.88 9019.07 0.65
614824.88 9019.07 0.65
614824.88 9019.07 0.65
614824.88 9019.07 0.65
610087.56 9238.52 0.91
610087.56 9238.52 0.91
610087.56 9238.52 0.91
601238.75 9109.06 0.95
601238.75 9109.06 0.95
601238.75 9109.06 0.95
601238.75 9109.06 0.95
601238.75 9109.06 0.95
601238.75 9109.06 0.95
601238.75 9109.06 0.95
601238.75 9109.06 0.95
601238.75 9109.06 0.95
660304.06 9615.55 0.64
660304.06 9615.55 0.64
660304.06 9615.55 0.64
660304.06 9615.55 0.64
660304.06 9615.55 0.64
660304.06 9615.55 0.64
660304.06 9615.55 0.64
660304.06 9615.55 0.64
660304.06 9615.55 0.64
660304.06 9615.55 0.64
660304.06 9615.55 0.64
660304.06 9615.55 0.64
660304.06 9615.55 0.64
660304.06 9615.55 0.64
660304.06 9615.55 0.64
660304.06 9615.55 0.64
660304.06 9615.55 0.64
660304.06 9615.55 0.64
660304.06 9615.55 0.64
660304.06 9615.55 0.64
660304.06 9615.55 0.64
660304.06 9615.55 0.64
660304.06 9615.55 0.64
660304.06 9615.55 0.64
660304.06 9615.55 0.64
660304.06 9615.55 0.64
660304.06 9615.55 0.64
669633.56 9530.55 0.64
660304.06 9615.55 0.64
660304.06 9615.55 0.64
660304.06 9615.55 0.64
660304.06 9615.55 0.64
660304.06 9615.55 0.64
660304.06 9615.55 0.64
660304.06 9615.55 0.64
660304.06 9615.55 0.64
660304.06 9615.55 0.64
660304.06 9615.55 0.64
660304.06 9615.55 0.64
660304.06 9615.55 0.64
660304.06 9615.55 0.64
660304.06 9615.55 0.64
660304.06 9615.55 0.64
660304.06 9615.55 0.64
660304.06 9615.55 0.64
660304.06 9615.55 0.64
660304.06 9615.55 0.64
660304.06 9615.55 0.64
660304.06 9615.55 0.64
660304.06 9615.55 0.64
660304.06 9615.55 0.64
669633.56 9530.55 0.64
660304.06 9615.55 0.64
660304.06 9615.55 0.64
660304.06 9615.55 0.64
660304.06 9615.55 0.64
660304.06 9615.55 0.64
660304.06 9615.55 0.64
660304.06 9615.55 0.64
660304.06 9615.55 0.64
660304.06 9615.55 0.64
660304.06 9615.55 0.64
660304.06 9615.55 0.64
660304.06 9615.55 0.64
660304.06 9615.55 0.64
660304.06 9615.55 0.64
660304.06 9615.55 0.64
660304.06 9615.55 0.64
660304.06 9615.55 0.64
650598.31 9444.07 0.65
647810.38 9617.24 0.79
647810.38 9617.24 0.79
647810.38 9617.24 0.79
647810.38 9617.24 0.79
647810.38 9617.24 0.79
647810.38 9617.24 0.79
647810.38 9617.24 0.79
647810.38 9617.24 0.79
647810.38 9617.24 0.79
647810.38 9617.24 0.79
623069.31 9415.55 0.64
623069.31 9415.55 0.64
623069.31 9415.55 0.64
623069.31 9415.55 0.64
623069.31 9415.55 0.64
623069.31 9415.55 0.64
623069.31 9415.55 0.64
623069.31 9415.55 0.64
623069.31 9415.55 0.64
623069.31 9415.55 0.64
623069.31 9415.55 0.64
623069.31 9415.55 0.64
623069.31 9415.55 0.64
623069.31 9415.55 0.64
623069.31 9415.55 0.64
623069.31 9415.55 0.64
623069.31 9415.55 0.64
623069.31 9415.55 0.64
623069.31 9415.55 0.64
623069.31 9415.55 0.64
623069.31 9415.55 0.64
623069.31 9415.55 0.64
623069.31 9415.55 0.64
623069.31 9415.55 0.64
623069.31 9415.55 0.64
623069.31 9415.55 0.64
623069.31 9415.55 0.64
623069.31 9415.55 0.64
623069.31 9415.55 0.64
623069.31 9415.55 0.64
623069.31 9415.55 0.64
623069.31 9415.55 0.64
623069.31 9415.55 0.64
623069.31 9415.55 0.64
623069.31 9415.55 0.64
623069.31 9415.55 0.64
623069.31 9415.55 0.64
623069.31 9415.55 0.64
623069.31 9415.55 0.64
623069.31 9415.55 0.64
659078.75 9385.55 0.64
659078.75 9385.55 0.64
659078.75 9385.55 0.64
659078.75 9385.55 0.64
659078.75 9385.55 0.64
659078.75 9385.55 0.64
659078.75 9385.55 0.64
659078.75 9385.55 0.64
659078.75 9385.55 0.64
659078.75 9385.55 0.64
636728.81 9415.55 0.64
659078.75 9385.55 0.64
659078.75 9385.55 0.64
659078.75 9385.55 0.64
659078.75 9385.55 0.64
659078.75 9385.55 0.64
659078.75 9385.55 0.64
659078.75 9385.55 0.64
659078.75 9385.55 0.64
659078.75 9385.55 0.64
623069.31 9415.55 0.64
623069.31 9415.55 0.64
623069.31 9415.55 0.64
623069.31 9415.55 0.64
623069.31 9415.55 0.64
623069.31 9415.55 0.64
623069.31 9415.55 0.64
623069.31 9415.55 0.64
623069.31 9415.55 0.64
623069.31 9415.55 0.64
659078.75 9385.55 0.64
623069.31 9415.55 0.64
636728.81 9415.55 0.64
636728.81 9415.55 0.64
636728.81 9415.55 0.64
636728.81 9415.55 0.64
636728.81 9415.55 0.64
636728.81 9415.55 0.64
636728.81 9415.55 0.64
636728.81 9415.55 0.64