581317.06 9223.73 0.64
581317.06 9223.73 0.64
581317.06 9223.73 0.64
581317.06 9223.73 0.64
581317.06 9223.73 0.64
581317.06 9223.73 0.64
581317.06 9223.73 0.64
581317.06 9223.73 0.64
581317.06 9223.73 0.64
581317.06 9223.73 0.64
581317.06 9223.73 0.64
581317.06 9223.73 0.64
581317.06 9223.73 0.64
581317.06 9223.73 0.64
581317.06 9223.73 0.64
581317.06 9223.73 0.64
581317.06 9223.73 0.64
581317.06 9223.73 0.64
581317.06 9223.73 0.64
581317.06 9223.73 0.64
581317.06 9223.73 0.64
581317.06 9223.73 0.64
581317.06 9223.73 0.64
581317.06 9223.73 0.64
581317.06 9223.73 0.64
581317.06 9223.73 0.64
581317.06 9223.73 0.64
581317.06 9223.73 0.64
581317.06 9223.73 0.64
581317.06 9223.73 0.64
581317.06 9223.73 0.64
581317.06 9223.73 0.64
581317.06 9223.73 0.64
581317.06 9223.73 0.64
581317.06 9223.73 0.64
581317.06 9223.73 0.64
581317.06 9223.73 0.64
581317.06 9223.73 0.64
581317.06 9223.73 0.64
581317.06 9223.73 0.64
581317.06 9223.73 0.64
581317.06 9223.73 0.64
581317.06 9223.73 0.64
581317.06 9223.73 0.64
581317.06 9223.73 0.64
581317.06 9223.73 0.64
581317.06 9223.73 0.64
581317.06 9223.73 0.64
581317.06 9223.73 0.64
581317.06 9223.73 0.64
581317.06 9223.73 0.64
581317.06 9223.73 0.64
581317.06 9223.73 0.64
581317.06 9223.73 0.64
581317.06 9223.73 0.64
581317.06 9223.73 0.64
581317.06 9223.73 0.64
581317.06 9223.73 0.64
581317.06 9223.73 0.64
581317.06 9223.73 0.64
581317.06 9223.73 0.64
581317.06 9223.73 0.64
581317.06 9223.73 0.64
581317.06 9223.73 0.64
581317.06 9223.73 0.64
581317.06 9223.73 0.64
581317.06 9223.73 0.64
581317.06 9223.73 0.64
581317.06 9223.73 0.64
581317.06 9223.73 0.64
581317.06 9223.73 0.64
581317.06 9223.73 0.64
581317.06 9223.73 0.64
581317.06 9223.73 0.64
581317.06 9223.73 0.64
581317.06 9223.73 0.64
581317.06 9223.73 0.64
581317.06 9223.73 0.64
581317.06 9223.73 0.64
581317.06 9223.73 0.64
681382.06 10296.58 0.79
675084.06 10746.91 0.80
675084.06 10746.91 0.80
675084.06 10746.91 0.80
675084.06 10746.91 0.80
675084.06 10746.91 0.80
675084.06 10746.91 0.80
675084.06 10746.91 0.80
675084.06 10746.91 0.80
675084.06 10746.91 0.80
678294.19 10178.90 0.80
668467.88 10134.16 0.84
667741.25 10402.36 0.90
667741.25 10402.36 0.90
667741.25 10402.36 0.90
667741.25 10402.36 0.90
667741.25 10402.36 0.90
648455.44 10700.37 0.90
648455.44 10700.37 0.90
663748.06 10028.71 1.00
645181.25 9668.71 1.00
599212.88 9258.71 1.02
571230.50 9081.96 1.05
571230.50 9081.96 1.05
565483.88 9001.96 1.08
565483.88 9001.96 1.08
565483.88 9001.96 1.08
565483.88 9001.96 1.08
565483.88 9001.96 1.08
565483.88 9001.96 1.08
565483.88 9001.96 1.08
565483.88 9001.96 1.08
565483.88 9001.96 1.08
565483.88 9001.96 1.08
565483.88 9001.96 1.08
565483.88 9001.96 1.08
565483.88 9001.96 1.08
565483.88 9001.96 1.08
565483.88 9001.96 1.08
548361.62 8886.96 1.10
547741.06 9069.10 1.27
539822.88 9154.50 1.53
534430.25 9274.88 1.56
534430.25 9274.88 1.56
532952.69 9223.81 1.71
532952.69 9223.81 1.71
532952.69 9223.81 1.71
532952.69 9223.81 1.71
527551.19 9344.18 1.74
527551.19 9344.18 1.74
527458.44 9364.77 1.93
523996.56 9484.65 1.96
523996.56 9484.65 1.96
523996.56 9484.65 1.96
523996.56 9484.65 1.96
523996.56 9484.65 1.96
520079.03 9774.59 2.23
523635.88 9676.04 2.62
519209.78 9780.12 2.82
518302.38 9959.67 3.12
518302.38 9959.67 3.12
518302.38 9959.67 3.12
518302.38 9959.67 3.12
518302.38 9959.67 3.12
518302.38 9959.67 3.12
518302.38 9959.67 3.12
518302.38 9959.67 3.12
514492.12 10334.25 3.25
523391.12 9585.10 3.28
523391.12 9585.10 3.28
515363.81 10129.20 3.29
515363.81 10129.20 3.29
514341.88 10381.38 3.30
526941.81 9444.63 3.30
512671.03 10417.01 3.33
525993.38 9351.58 3.34
525993.38 9351.58 3.34
525993.38 9351.58 3.34
525993.38 9351.58 3.34
525993.38 9351.58 3.34
768085.38 11488.73 0.64
768085.38 11488.73 0.64
708555.12 11238.01 0.80
704535.00 10941.02 0.80
686200.69 10722.11 0.81
699913.38 10712.11 0.81
699913.38 10712.11 0.81
660768.62 10317.11 0.86
660768.62 10317.11 0.86
647722.38 9878.35 0.87
647722.38 9878.35 0.87
647722.38 9878.35 0.87
647722.38 9878.35 0.87
647722.38 9878.35 0.87
609290.88 9473.71 1.02
609290.88 9473.71 1.02
607654.06 9668.15 1.05
586234.62 9226.96 1.05
586234.62 9226.96 1.05
586234.62 9226.96 1.05
586234.62 9226.96 1.05
586234.62 9226.96 1.05
586234.62 9226.96 1.05
586234.62 9226.96 1.05
586234.62 9226.96 1.05
586234.62 9226.96 1.05
586234.62 9226.96 1.05
586234.62 9226.96 1.05
586234.62 9226.96 1.05
586234.62 9226.96 1.05
586234.62 9226.96 1.05
586234.62 9226.96 1.05
586234.62 9226.96 1.05
586234.62 9226.96 1.05
586234.62 9226.96 1.05
586234.62 9226.96 1.05
576717.62 9216.96 1.08
576717.62 9216.96 1.08
576717.62 9216.96 1.08
576717.62 9216.96 1.08
576717.62 9216.96 1.08
576717.62 9216.96 1.08
576717.62 9216.96 1.08
576717.62 9216.96 1.08
576717.62 9216.96 1.08
576717.62 9216.96 1.08
576717.62 9216.96 1.08
576717.62 9216.96 1.08
576717.62 9216.96 1.08
576717.62 9216.96 1.08
576717.62 9216.96 1.08
576717.62 9216.96 1.08
576717.62 9216.96 1.08
576717.62 9216.96 1.08
576717.62 9216.96 1.08
576717.62 9216.96 1.08
576717.62 9216.96 1.08
576717.62 9216.96 1.08
576717.62 9216.96 1.08
576717.62 9216.96 1.08
576717.62 9216.96 1.08
576717.62 9216.96 1.08
576717.62 9216.96 1.08
576717.62 9216.96 1.08
576717.62 9216.96 1.08
576717.62 9216.96 1.08
576717.62 9216.96 1.08
576717.62 9216.96 1.08
576717.62 9216.96 1.08
576717.62 9216.96 1.08
576717.62 9216.96 1.08
576717.62 9216.96 1.08
576717.62 9216.96 1.08
576717.62 9216.96 1.08
576717.62 9216.96 1.08
576717.62 9216.96 1.08
576717.62 9216.96 1.08
576717.62 9216.96 1.08
576717.62 9216.96 1.08
576717.62 9216.96 1.08
818699.56 11996.19 0.81
610845.38 10960.00 0.85
610845.38 10960.00 0.85
610845.38 10960.00 0.85
610845.38 10960.00 0.85
610845.38 10960.00 0.85
610845.38 10960.00 0.85
605658.25 10750.36 0.87
575907.06 11022.65 1.22
579317.62 10782.27 1.22
626712.38 10368.14 4.33
588262.56 10840.74 0.88
575907.06 11022.65 1.22
588262.56 10840.74 0.88
575907.06 11022.65 1.22
567044.81 11636.71 1.78
567044.81 11636.71 1.78
611917.81 9889.20 4.46
624965.75 10268.90 0.80
624965.75 10268.90 0.80
624965.75 10268.90 0.80
624965.75 10268.90 0.80
624965.75 10268.90 0.80
624965.75 10268.90 0.80
592558.00 9771.73 0.84
590603.81 9866.03 1.02
590603.81 9866.03 1.02
590603.81 9866.03 1.02
590603.81 9866.03 1.02
590603.81 9866.03 1.02
590603.81 9866.03 1.02
590603.81 9866.03 1.02
590603.81 9866.03 1.02
590603.81 9866.03 1.02
590603.81 9866.03 1.02
590603.81 9866.03 1.02
590603.81 9866.03 1.02
589919.94 10166.08 1.02
588363.75 9962.27 1.04
594893.94 9713.26 1.04
590072.69 9872.20 1.06
563762.56 9752.27 1.09
563762.56 9752.27 1.09
563762.56 9752.27 1.09
563762.56 9752.27 1.09
563762.56 9752.27 1.09
563762.56 9752.27 1.09
563762.56 9752.27 1.09
563762.56 9752.27 1.09
563762.56 9752.27 1.09
563762.56 9752.27 1.09
563762.56 9752.27 1.09
563762.56 9752.27 1.09
563762.56 9752.27 1.09
563762.56 9752.27 1.09
563762.56 9752.27 1.09
570292.75 9503.26 1.09
569534.19 9733.30 1.09
570292.75 9503.26 1.09
570292.75 9503.26 1.09
570292.75 9503.26 1.09
570292.75 9503.26 1.09
570292.75 9503.26 1.09
570292.75 9503.26 1.09
570292.75 9503.26 1.09
570292.75 9503.26 1.09
570292.75 9503.26 1.09
570292.75 9503.26 1.09
570292.75 9503.26 1.09
570292.75 9503.26 1.09
566307.69 9592.56 1.27
566307.69 9592.56 1.27
566307.69 9592.56 1.27
566307.69 9592.56 1.27
566307.69 9592.56 1.27
566307.69 9592.56 1.27
566307.69 9592.56 1.27
566307.69 9592.56 1.27
566307.69 9592.56 1.27
566307.69 9592.56 1.27
566307.69 9592.56 1.27
556717.50 9717.60 1.27
566307.69 9592.56 1.27
566307.69 9592.56 1.27
566307.69 9592.56 1.27
566307.69 9592.56 1.27
566307.69 9592.56 1.27
566307.69 9592.56 1.27
566307.69 9592.56 1.27
566307.69 9592.56 1.27
566307.69 9592.56 1.27
566307.69 9592.56 1.27
561771.62 9568.60 1.29
550471.06 9742.74 1.31
540165.69 10250.58 1.74
536207.31 10211.45 3.19
532297.88 10160.91 3.19
538828.06 9911.89 3.19
612291.12 9505.30 0.69
612291.12 9505.30 0.69
612291.12 9505.30 0.69
612291.12 9505.30 0.69
612291.12 9505.30 0.69
612291.12 9505.30 0.69
612291.12 9505.30 0.69
612291.12 9505.30 0.69
612291.12 9505.30 0.69
612291.12 9505.30 0.69
612291.12 9505.30 0.69
612291.12 9505.30 0.69
612291.12 9505.30 0.69
612291.12 9505.30 0.69
612291.12 9505.30 0.69
612291.12 9505.30 0.69
612291.12 9505.30 0.69
612291.12 9505.30 0.69
612291.12 9505.30 0.69
612291.12 9505.30 0.69
612291.12 9505.30 0.69
612291.12 9505.30 0.69
612291.12 9505.30 0.69
612291.12 9505.30 0.69
612291.12 9505.30 0.69
612291.12 9505.30 0.69
612291.12 9505.30 0.69
612291.12 9505.30 0.69
612291.12 9505.30 0.69
612291.12 9505.30 0.69
618672.12 9475.30 0.69
612291.12 9505.30 0.69
612291.12 9505.30 0.69
612291.12 9505.30 0.69
612291.12 9505.30 0.69
612291.12 9505.30 0.69
612291.12 9505.30 0.69
612291.12 9505.30 0.69
612291.12 9505.30 0.69
612291.12 9505.30 0.69
612291.12 9505.30 0.69
612291.12 9505.30 0.69
612291.12 9505.30 0.69
612291.12 9505.30 0.69
612291.12 9505.30 0.69
612291.12 9505.30 0.69
612291.12 9505.30 0.69
612291.12 9505.30 0.69
612291.12 9505.30 0.69
612291.12 9505.30 0.69
612291.12 9505.30 0.69
612291.12 9505.30 0.69
612291.12 9505.30 0.69
612291.12 9505.30 0.69
612291.12 9505.30 0.69
612291.12 9505.30 0.69
618672.12 9475.30 0.69
618672.12 9475.30 0.69
618672.12 9475.30 0.69
612291.12 9505.30 0.69
612291.12 9505.30 0.69
612291.12 9505.30 0.69
612291.12 9505.30 0.69
612291.12 9505.30 0.69
612291.12 9505.30 0.69
612291.12 9505.30 0.69
612291.12 9505.30 0.69
612291.12 9505.30 0.69
612291.12 9505.30 0.69
612291.12 9505.30 0.69
612291.12 9505.30 0.69
612291.12 9505.30 0.69
612291.12 9505.30 0.69
612291.12 9505.30 0.69
612291.12 9505.30 0.69
612291.12 9505.30 0.69
612291.12 9505.30 0.69
612291.12 9505.30 0.69
609245.12 9645.77 0.84
609245.12 9645.77 0.84
603198.19 9366.93 0.62
601592.56 9431.93 0.62
601592.56 9431.93 0.62
601592.56 9431.93 0.62
601592.56 9431.93 0.62
601592.56 9431.93 0.62
601592.56 9431.93 0.62
601592.56 9431.93 0.62
603198.19 9366.93 0.62
603198.19 9366.93 0.62
603198.19 9366.93 0.62
601592.56 9431.93 0.62
603198.19 9366.93 0.62
603198.19 9366.93 0.62
603198.19 9366.93 0.62
603198.19 9366.93 0.62
603198.19 9366.93 0.62
603198.19 9366.93 0.62
603198.19 9366.93 0.62
603198.19 9366.93 0.62
603198.19 9366.93 0.62
603198.19 9366.93 0.62
601592.56 9431.93 0.62
601592.56 9431.93 0.62
601592.56 9431.93 0.62
601592.56 9431.93 0.62
601592.56 9431.93 0.62
601592.56 9431.93 0.62
601592.56 9431.93 0.62
601592.56 9431.93 0.62
601592.56 9431.93 0.62
601592.56 9431.93 0.62
601592.56 9431.93 0.62
603198.19 9366.93 0.62
601592.56 9431.93 0.62
601592.56 9431.93 0.62
601592.56 9431.93 0.62
601592.56 9431.93 0.62
601592.56 9431.93 0.62
601592.56 9431.93 0.62
601592.56 9431.93 0.62
601592.56 9431.93 0.62
601592.56 9431.93 0.62
601592.56 9431.93 0.62
603198.19 9366.93 0.62
603198.19 9366.93 0.62
603198.19 9366.93 0.62
603198.19 9366.93 0.62
603198.19 9366.93 0.62
603198.19 9366.93 0.62
603198.19 9366.93 0.62
603198.19 9366.93 0.62
603198.19 9366.93 0.62
603198.19 9366.93 0.62
603198.19 9366.93 0.62
603198.19 9366.93 0.62
603198.19 9366.93 0.62
603198.19 9366.93 0.62
603198.19 9366.93 0.62
603198.19 9366.93 0.62
603198.19 9366.93 0.62
603198.19 9366.93 0.62
603198.19 9366.93 0.62
593819.50 8990.30 0.62
593819.50 8990.30 0.62
593819.50 8990.30 0.62
593819.50 8990.30 0.62
593819.50 8990.30 0.62
593819.50 8990.30 0.62
593819.50 8990.30 0.62
593819.50 8990.30 0.62
593819.50 8990.30 0.62
593819.50 8990.30 0.62
593819.50 8990.30 0.62
593819.50 8990.30 0.62
593819.50 8990.30 0.62
592212.19 9055.30 0.62
592212.19 9055.30 0.62
592212.19 9055.30 0.62
592212.19 9055.30 0.62
614160.56 9491.93 0.62
614160.56 9491.93 0.62
614160.56 9491.93 0.62
614160.56 9491.93 0.62
606582.75 9300.30 0.64
593666.94 9559.04 0.75
593666.94 9559.04 0.75
593666.94 9559.04 0.75
593666.94 9559.04 0.75
593666.94 9559.04 0.75
593666.94 9559.04 0.75
593666.94 9559.04 0.75
593666.94 9559.04 0.75
593666.94 9559.04 0.75
593666.94 9559.04 0.75
593666.94 9559.04 0.75
593666.94 9559.04 0.75
593666.94 9559.04 0.75
593666.94 9559.04 0.75
593666.94 9559.04 0.75
593666.94 9559.04 0.75
593666.94 9559.04 0.75
593666.94 9559.04 0.75
593666.94 9559.04 0.75
593666.94 9559.04 0.75
593666.94 9559.04 0.75
593666.94 9559.04 0.75
593666.94 9559.04 0.75
593666.94 9559.04 0.75
593666.94 9559.04 0.75
593666.94 9559.04 0.75
593666.94 9559.04 0.75
593666.94 9559.04 0.75
593666.94 9559.04 0.75
593666.94 9559.04 0.75
593666.94 9559.04 0.75
593666.94 9559.04 0.75
593666.94 9559.04 0.75
593666.94 9559.04 0.75
593666.94 9559.04 0.75
593666.94 9559.04 0.75
593666.94 9559.04 0.75
593666.94 9559.04 0.75
598217.38 9444.04 0.75
598217.38 9444.04 0.75
598217.38 9444.04 0.75
598217.38 9444.04 0.75
598217.38 9444.04 0.75
598217.38 9444.04 0.75
598217.38 9444.04 0.75
598217.38 9444.04 0.75
598217.38 9444.04 0.75
598217.38 9444.04 0.75
593666.94 9559.04 0.75
598217.38 9444.04 0.75
598217.38 9444.04 0.75
598217.38 9444.04 0.75
598217.38 9444.04 0.75
598217.38 9444.04 0.75
598217.38 9444.04 0.75
598217.38 9444.04 0.75
598217.38 9444.04 0.75
598217.38 9444.04 0.75
593666.94 9559.04 0.75
593666.94 9559.04 0.75
593666.94 9559.04 0.75
593666.94 9559.04 0.75
593666.94 9559.04 0.75
593666.94 9559.04 0.75
593666.94 9559.04 0.75
593666.94 9559.04 0.75
593666.94 9559.04 0.75
593666.94 9559.04 0.75
598217.38 9444.04 0.75
598217.38 9444.04 0.75
598217.38 9444.04 0.75
598217.38 9444.04 0.75
598217.38 9444.04 0.75
598217.38 9444.04 0.75
598217.38 9444.04 0.75
869283.69 12249.66 0.96
848356.38 12010.42 1.03
848356.38 12010.42 1.03
622121.62 10676.51 1.15
614570.75 10743.65 1.32
877556.00 12379.66 0.96
763772.88 12614.70 1.00
636264.25 10761.51 1.14
869283.69 12249.66 0.96
763772.88 12614.70 1.00
734202.75 11975.57 1.05
710166.75 11718.82 1.08
763772.88 12614.70 1.00
734202.75 11975.57 1.05
710166.75 11718.82 1.08
520756.66 9750.82 1.74
537362.94 9806.51 1.56
533160.75 9761.51 1.56
524372.25 10321.88 1.73
520308.50 9779.55 1.73
526396.94 10347.68 1.66
763772.88 12614.70 1.00
529017.12 9880.82 1.73
515768.09 8829.82 2.84
513544.69 10365.71 1.73
528555.06 10202.58 1.56
500149.31 10283.62 1.74
519910.72 8619.77 2.84
487554.38 9565.47 2.02
533160.75 9761.51 1.56
533160.75 9761.51 1.56
505640.12 9745.59 1.74
526396.94 10388.58 1.56
529017.12 9880.82 1.73
529017.12 9880.82 1.73
491113.84 9216.39 2.84
535050.81 10513.58 1.55
541869.38 9886.51 1.55
533160.75 9761.51 1.56
516351.25 8968.86 2.04
535050.81 10513.58 1.55
541869.38 9886.51 1.55
524372.25 10321.88 1.73
541869.38 9886.51 1.55
541869.38 9886.51 1.55
491678.31 9047.65 1.99
702190.38 11431.51 1.14
537224.50 10327.58 1.55
483536.72 9938.57 2.91
528555.06 10202.58 1.56
600688.38 9436.93 0.62
600688.38 9436.93 0.62
600688.38 9436.93 0.62
600688.38 9436.93 0.62
600688.38 9436.93 0.62
600688.38 9436.93 0.62
600688.38 9436.93 0.62
600688.38 9436.93 0.62
600688.38 9436.93 0.62
600688.38 9436.93 0.62
600688.38 9436.93 0.62
600688.38 9436.93 0.62
600688.38 9436.93 0.62
600688.38 9436.93 0.62
600688.38 9436.93 0.62
600688.38 9436.93 0.62
600688.38 9436.93 0.62
600688.38 9436.93 0.62
600688.38 9436.93 0.62
600688.38 9436.93 0.62
600688.38 9436.93 0.62
600688.38 9436.93 0.62
600688.38 9436.93 0.62
600688.38 9436.93 0.62
600688.38 9436.93 0.62
600688.38 9436.93 0.62
600688.38 9436.93 0.62
600688.38 9436.93 0.62
600688.38 9436.93 0.62
600688.38 9436.93 0.62
600688.38 9436.93 0.62
600688.38 9436.93 0.62
600688.38 9436.93 0.62
600688.38 9436.93 0.62
600688.38 9436.93 0.62
600688.38 9436.93 0.62
600688.38 9436.93 0.62
600688.38 9436.93 0.62
600688.38 9436.93 0.62
600688.38 9436.93 0.62
600688.38 9436.93 0.62
603198.19 9366.93 0.62
603198.19 9366.93 0.62
603198.19 9366.93 0.62
603198.19 9366.93 0.62
603198.19 9366.93 0.62
603198.19 9366.93 0.62
603198.19 9366.93 0.62
603198.19 9366.93 0.62
603198.19 9366.93 0.62
603198.19 9366.93 0.62
603198.19 9366.93 0.62
603198.19 9366.93 0.62
603198.19 9366.93 0.62
603198.19 9366.93 0.62
603198.19 9366.93 0.62
603198.19 9366.93 0.62
603198.19 9366.93 0.62
603198.19 9366.93 0.62
603198.19 9366.93 0.62
600688.38 9436.93 0.62
603198.19 9366.93 0.62
600688.38 9436.93 0.62
600688.38 9436.93 0.62
600688.38 9436.93 0.62
600688.38 9436.93 0.62
603198.19 9366.93 0.62
603198.19 9366.93 0.62
603198.19 9366.93 0.62
603198.19 9366.93 0.62
603198.19 9366.93 0.62
603198.19 9366.93 0.62
603198.19 9366.93 0.62
603198.19 9366.93 0.62
603198.19 9366.93 0.62
603198.19 9366.93 0.62
603198.19 9366.93 0.62
603198.19 9366.93 0.62
603198.19 9366.93 0.62
603198.19 9366.93 0.62
597097.00 9241.93 0.62
597097.00 9241.93 0.62
591536.75 8989.37 0.67
591536.75 8989.37 0.67
591536.75 8989.37 0.67
591536.75 8989.37 0.67
540575.69 8973.86 0.76
540575.69 8973.86 0.76
540575.69 8973.86 0.76
540575.69 8973.86 0.76
540575.69 8973.86 0.76
540575.69 8973.86 0.76
540575.69 8973.86 0.76
540575.69 8973.86 0.76
540575.69 8973.86 0.76
540575.69 8973.86 0.76
540575.69 8973.86 0.76
540575.69 8973.86 0.76
540575.69 8973.86 0.76
540575.69 8973.86 0.76
540575.69 8973.86 0.76
540575.69 8973.86 0.76
540575.69 8973.86 0.76
540575.69 8973.86 0.76
540575.69 8973.86 0.76
540575.69 8973.86 0.76
540575.69 8973.86 0.76
540575.69 8973.86 0.76
540575.69 8973.86 0.76
540575.69 8973.86 0.76
540575.69 8973.86 0.76
540575.69 8973.86 0.76
540575.69 8973.86 0.76
540575.69 8973.86 0.76
540575.69 8973.86 0.76
540575.69 8973.86 0.76
540575.69 8973.86 0.76
540575.69 8973.86 0.76
540575.69 8973.86 0.76
540575.69 8973.86 0.76
540575.69 8973.86 0.76
540575.69 8973.86 0.76
540575.69 8973.86 0.76
540575.69 8973.86 0.76
540575.69 8973.86 0.76
540575.69 8973.86 0.76
540575.69 8973.86 0.76
540575.69 8973.86 0.76
540575.69 8973.86 0.76
540575.69 8973.86 0.76
540575.69 8973.86 0.76
540575.69 8973.86 0.76
540575.69 8973.86 0.76
540575.69 8973.86 0.76
540575.69 8973.86 0.76
540575.69 8973.86 0.76
540575.69 8973.86 0.76
540575.69 8973.86 0.76
540575.69 8973.86 0.76
540575.69 8973.86 0.76
540575.69 8973.86 0.76
540575.69 8973.86 0.76
540575.69 8973.86 0.76
540575.69 8973.86 0.76
540575.69 8973.86 0.76
540575.69 8973.86 0.76
540575.69 8973.86 0.76
540575.69 8973.86 0.76
540575.69 8973.86 0.76
540575.69 8973.86 0.76
540575.69 8973.86 0.76
540575.69 8973.86 0.76
540575.69 8973.86 0.76
540575.69 8973.86 0.76
540575.69 8973.86 0.76
540575.69 8973.86 0.76
540575.69 8973.86 0.76
540575.69 8973.86 0.76
540575.69 8973.86 0.76
540575.69 8973.86 0.76
754159.81 11241.93 0.62
681424.62 10494.70 1.00
685163.94 10488.43 1.00
634110.94 9893.71 1.01
618025.94 9418.71 1.03
618025.94 9418.71 1.03
590045.50 9486.96 1.09
590045.50 9486.96 1.09
567055.19 9261.96 1.09
584022.81 9161.96 1.11
584022.81 9161.96 1.11
584022.81 9161.96 1.11
584022.81 9161.96 1.11
584022.81 9161.96 1.11
584022.81 9161.96 1.11
584022.81 9161.96 1.11
584022.81 9161.96 1.11
584022.81 9161.96 1.11
584022.81 9161.96 1.11
584022.81 9161.96 1.11
584022.81 9161.96 1.11
584022.81 9161.96 1.11
584022.81 9161.96 1.11
554800.00 9281.96 1.24
592268.56 8978.71 1.26
592268.56 8978.71 1.26
574516.19 9239.10 1.28
558566.19 8721.96 1.33
558566.19 8721.96 1.33
558566.19 8721.96 1.33
558566.19 8721.96 1.33
558566.19 8721.96 1.33
558566.19 8721.96 1.33
558566.19 8721.96 1.33
558566.19 8721.96 1.33
558566.19 8721.96 1.33
558566.19 8721.96 1.33
558566.19 8721.96 1.33
558566.19 8721.96 1.33
558566.19 8721.96 1.33
558566.19 8721.96 1.33
558566.19 8721.96 1.33
558566.19 8721.96 1.33
558566.19 8721.96 1.33
558566.19 8721.96 1.33
558566.19 8721.96 1.33
558566.19 8721.96 1.33
558566.19 8721.96 1.33
558566.19 8721.96 1.33
558566.19 8721.96 1.33
558566.19 8721.96 1.33
558566.19 8721.96 1.33
558566.19 8721.96 1.33
558566.19 8721.96 1.33
558566.19 8721.96 1.33
558566.19 8721.96 1.33
558566.19 8721.96 1.33
558566.19 8721.96 1.33
558566.19 8721.96 1.33
558566.19 8721.96 1.33
558566.19 8721.96 1.33
558566.19 8721.96 1.33
558566.19 8721.96 1.33
558566.19 8721.96 1.33
558566.19 8721.96 1.33
558566.19 8721.96 1.33
558566.19 8721.96 1.33
558566.19 8721.96 1.33
558566.19 8721.96 1.33
558566.19 8721.96 1.33
558566.19 8721.96 1.33
558566.19 8721.96 1.33
558566.19 8721.96 1.33
558566.19 8721.96 1.33
558566.19 8721.96 1.33
558566.19 8721.96 1.33
558566.19 8721.96 1.33
558566.19 8721.96 1.33
558566.19 8721.96 1.33
558566.19 8721.96 1.33
620538.50 10807.97 0.95
620538.50 10807.97 0.95
620538.50 10807.97 0.95
620538.50 10807.97 0.95
620538.50 10807.97 0.95
620538.50 10807.97 0.95
620538.50 10807.97 0.95
620538.50 10807.97 0.95
620538.50 10807.97 0.95
620538.50 10807.97 0.95
620538.50 10807.97 0.95
620538.50 10807.97 0.95
620538.50 10807.97 0.95
620538.50 10807.97 0.95
620538.50 10807.97 0.95
620538.50 10807.97 0.95
620538.50 10807.97 0.95
620538.50 10807.97 0.95
620538.50 10807.97 0.95
620538.50 10807.97 0.95
620538.50 10807.97 0.95
620538.50 10807.97 0.95
620538.50 10807.97 0.95
620538.50 10807.97 0.95
616369.81 10942.97 0.95
616369.81 10942.97 0.95
616369.81 10942.97 0.95
616369.81 10942.97 0.95
616369.81 10942.97 0.95
616369.81 10942.97 0.95
616369.81 10942.97 0.95
616369.81 10942.97 0.95
620538.50 10807.97 0.95
620538.50 10807.97 0.95
620538.50 10807.97 0.95
620538.50 10807.97 0.95
620538.50 10807.97 0.95
620538.50 10807.97 0.95
620538.50 10807.97 0.95
620538.50 10807.97 0.95
620538.50 10807.97 0.95
620538.50 10807.97 0.95
620538.50 10807.97 0.95
620538.50 10807.97 0.95
620538.50 10807.97 0.95
636143.81 10651.92 0.95
636143.81 10651.92 0.95
636143.81 10651.92 0.95
636143.81 10651.92 0.95
636143.81 10651.92 0.95
636143.81 10651.92 0.95
636143.81 10651.92 0.95
636143.81 10651.92 0.95
636143.81 10651.92 0.95
636143.81 10651.92 0.95
620538.50 10807.97 0.95
636143.81 10651.92 0.95
636143.81 10651.92 0.95
636143.81 10651.92 0.95
636143.81 10651.92 0.95
636143.81 10651.92 0.95
636143.81 10651.92 0.95
636143.81 10651.92 0.95
636143.81 10651.92 0.95
636143.81 10651.92 0.95
636143.81 10651.92 0.95
620538.50 10807.97 0.95
620538.50 10807.97 0.95
620538.50 10807.97 0.95
620538.50 10807.97 0.95
620538.50 10807.97 0.95
620538.50 10807.97 0.95
620538.50 10807.97 0.95
620538.50 10807.97 0.95
620538.50 10807.97 0.95
620538.50 10807.97 0.95
620538.50 10807.97 0.95
620538.50 10807.97 0.95
620538.50 10807.97 0.95
620538.50 10807.97 0.95
653424.88 10645.87 1.01
654960.25 10635.87 1.01
654960.25 10635.87 1.01
608340.88 10105.87 1.05
608340.88 10105.87 1.05
608340.88 10105.87 1.05
608340.88 10105.87 1.05
608340.88 10105.87 1.05
608340.88 10105.87 1.05
608340.88 10105.87 1.05
608340.88 10105.87 1.05
608340.88 10105.87 1.05
608340.88 10105.87 1.05
608340.88 10105.87 1.05
608340.88 10105.87 1.05
608340.88 10105.87 1.05
608340.88 10105.87 1.05
608340.88 10105.87 1.05
608340.88 10105.87 1.05
608340.88 10105.87 1.05
608340.88 10105.87 1.05
608340.88 10105.87 1.05
609903.00 10095.87 1.05
608340.88 10105.87 1.05
608133.25 10125.87 1.05
608133.25 10125.87 1.05
608133.25 10125.87 1.05
608340.88 10105.87 1.05
608340.88 10105.87 1.05
608340.88 10105.87 1.05
608340.88 10105.87 1.05
608340.88 10105.87 1.05
608340.88 10105.87 1.05
608340.88 10105.87 1.05
608340.88 10105.87 1.05
608340.88 10105.87 1.05
608340.88 10105.87 1.05
608340.88 10105.87 1.05
608340.88 10105.87 1.05
608340.88 10105.87 1.05
608340.88 10105.87 1.05
608340.88 10105.87 1.05
609903.00 10095.87 1.05
609903.00 10095.87 1.05
609903.00 10095.87 1.05
609903.00 10095.87 1.05
609903.00 10095.87 1.05
609903.00 10095.87 1.05
609903.00 10095.87 1.05
609903.00 10095.87 1.05
609903.00 10095.87 1.05
609903.00 10095.87 1.05
608340.88 10105.87 1.05
609903.00 10095.87 1.05
609903.00 10095.87 1.05
609903.00 10095.87 1.05
609903.00 10095.87 1.05
609903.00 10095.87 1.05
609903.00 10095.87 1.05
609903.00 10095.87 1.05
609903.00 10095.87 1.05
609903.00 10095.87 1.05
609903.00 10095.87 1.05
608340.88 10105.87 1.05
608340.88 10105.87 1.05
608340.88 10105.87 1.05
608340.88 10105.87 1.05
608340.88 10105.87 1.05
608340.88 10105.87 1.05
608340.88 10105.87 1.05
608340.88 10105.87 1.05
608340.88 10105.87 1.05
608340.88 10105.87 1.05
608340.88 10105.87 1.05
608340.88 10105.87 1.05
608340.88 10105.87 1.05
608340.88 10105.87 1.05
608340.88 10105.87 1.05
608340.88 10105.87 1.05
608340.88 10105.87 1.05
720850.38 11006.93 0.62
712504.69 11547.71 0.81
712504.69 11547.71 0.81
712504.69 11547.71 0.81
716970.38 11272.40 0.84
636432.44 10902.63 0.85
638960.81 10792.63 0.85
629319.38 10833.22 0.92
606488.81 10869.81 0.98
587793.06 10704.81 1.02
600021.31 10553.65 1.02
587793.06 10704.81 1.02
610008.31 10106.10 1.02
598700.44 10241.10 1.02
610008.31 10106.10 1.02
610008.31 10106.10 1.02
610008.31 10106.10 1.02
610008.31 10106.10 1.02
610008.31 10106.10 1.02
626752.94 10004.51 1.02
626752.94 10004.51 1.02
625574.88 9950.05 1.04
625574.88 9950.05 1.04
642319.56 9848.45 1.04
575213.06 10466.55 1.05
575213.06 10466.55 1.05
575213.06 10466.55 1.05
575213.06 10466.55 1.05
575213.06 10466.55 1.05
575213.06 10466.55 1.05
575213.06 10466.55 1.05
575213.06 10466.55 1.05
575213.06 10466.55 1.05
575213.06 10466.55 1.05
575213.06 10466.55 1.05
575213.06 10466.55 1.05
575213.06 10466.55 1.05
575213.06 10466.55 1.05
575213.06 10466.55 1.05
595854.88 9867.84 1.05
575213.06 10466.55 1.05
575213.06 10466.55 1.05
575213.06 10466.55 1.05
575213.06 10466.55 1.05
575213.06 10466.55 1.05
575213.06 10466.55 1.05
611421.50 9711.79 1.05
611421.50 9711.79 1.05
611421.50 9711.79 1.05
611421.50 9711.79 1.05
611421.50 9711.79 1.05
611421.50 9711.79 1.05
611421.50 9711.79 1.05
611421.50 9711.79 1.05
611421.50 9711.79 1.05
611421.50 9711.79 1.05
575213.06 10466.55 1.05
595854.88 9867.84 1.05
595854.88 9867.84 1.05
595854.88 9867.84 1.05
595854.88 9867.84 1.05
595854.88 9867.84 1.05
595854.88 9867.84 1.05
595854.88 9867.84 1.05
595854.88 9867.84 1.05
595854.88 9867.84 1.05
595854.88 9867.84 1.05
595854.88 9867.84 1.05
595854.88 9867.84 1.05
595854.88 9867.84 1.05
595854.88 9867.84 1.05
595854.88 9867.84 1.05
586037.69 10002.84 1.05
575213.06 10466.55 1.05
575213.06 10466.55 1.05
575213.06 10466.55 1.05
611421.50 9711.79 1.05
611421.50 9711.79 1.05
611421.50 9711.79 1.05
611421.50 9711.79 1.05