625564.44 9655.55 0.64
629735.50 9510.55 0.64
598401.06 9194.07 0.65
604356.19 9079.07 0.65
598401.06 9194.07 0.65
604356.19 9079.07 0.65
604356.19 9079.07 0.65
604356.19 9079.07 0.65
604356.19 9079.07 0.65
604356.19 9079.07 0.65
604356.19 9079.07 0.65
604356.19 9079.07 0.65
604356.19 9079.07 0.65
604356.19 9079.07 0.65
604356.19 9079.07 0.65
604356.19 9079.07 0.65
604356.19 9079.07 0.65
604356.19 9079.07 0.65
604356.19 9079.07 0.65
604356.19 9079.07 0.65
604356.19 9079.07 0.65
604356.19 9079.07 0.65
598401.06 9194.07 0.65
598401.06 9194.07 0.65
598401.06 9194.07 0.65
598401.06 9194.07 0.65
598401.06 9194.07 0.65
598401.06 9194.07 0.65
598401.06 9194.07 0.65
598401.06 9194.07 0.65
598401.06 9194.07 0.65
598401.06 9194.07 0.65
598401.06 9194.07 0.65
598401.06 9194.07 0.65
598401.06 9194.07 0.65
598401.06 9194.07 0.65
598401.06 9194.07 0.65
598401.06 9194.07 0.65
598401.06 9194.07 0.65
598401.06 9194.07 0.65
598401.06 9194.07 0.65
604356.19 9079.07 0.65
604356.19 9079.07 0.65
604356.19 9079.07 0.65
604356.19 9079.07 0.65
604356.19 9079.07 0.65
604356.19 9079.07 0.65
604356.19 9079.07 0.65
604356.19 9079.07 0.65
604356.19 9079.07 0.65
604356.19 9079.07 0.65
604356.19 9079.07 0.65
604356.19 9079.07 0.65
604356.19 9079.07 0.65
604356.19 9079.07 0.65
604356.19 9079.07 0.65
604356.19 9079.07 0.65
604356.19 9079.07 0.65
604356.19 9079.07 0.65
604356.19 9079.07 0.65
604356.19 9079.07 0.65
604356.19 9079.07 0.65
604356.19 9079.07 0.65
604356.19 9079.07 0.65
604356.19 9079.07 0.65
604356.19 9079.07 0.65
604356.19 9079.07 0.65
604356.19 9079.07 0.65
604356.19 9079.07 0.65
604356.19 9079.07 0.65
604356.19 9079.07 0.65
604356.19 9079.07 0.65
604356.19 9079.07 0.65
604356.19 9079.07 0.65
604356.19 9079.07 0.65
604356.19 9079.07 0.65
604356.19 9079.07 0.65
604356.19 9079.07 0.65
604356.19 9079.07 0.65
604356.19 9079.07 0.65
642780.06 9535.55 0.64
642780.06 9535.55 0.64
642780.06 9535.55 0.64
642780.06 9535.55 0.64
642780.06 9535.55 0.64
642780.06 9535.55 0.64
642780.06 9535.55 0.64
642780.06 9535.55 0.64
642780.06 9535.55 0.64
642780.06 9535.55 0.64
642780.06 9535.55 0.64
642780.06 9535.55 0.64
642780.06 9535.55 0.64
642780.06 9535.55 0.64
642780.06 9535.55 0.64
642780.06 9535.55 0.64
642780.06 9535.55 0.64
642780.06 9535.55 0.64
642780.06 9535.55 0.64
642780.06 9535.55 0.64
642780.06 9535.55 0.64
642780.06 9535.55 0.64
642780.06 9535.55 0.64
642780.06 9535.55 0.64
642780.06 9535.55 0.64
642780.06 9535.55 0.64
642780.06 9535.55 0.64
642780.06 9535.55 0.64
642780.06 9535.55 0.64
642780.06 9535.55 0.64
642780.06 9535.55 0.64
642780.06 9535.55 0.64
642780.06 9535.55 0.64
642780.06 9535.55 0.64
642780.06 9535.55 0.64
642780.06 9535.55 0.64
642780.06 9535.55 0.64
605769.38 9019.07 0.65
605769.38 9019.07 0.65
605769.38 9019.07 0.65
605769.38 9019.07 0.65
605769.38 9019.07 0.65
605769.38 9019.07 0.65
605769.38 9019.07 0.65
605769.38 9019.07 0.65
605769.38 9019.07 0.65
605769.38 9019.07 0.65
605769.38 9019.07 0.65
605769.38 9019.07 0.65
605769.38 9019.07 0.65
605769.38 9019.07 0.65
605769.38 9019.07 0.65
605769.38 9019.07 0.65
605769.38 9019.07 0.65
605769.38 9019.07 0.65
605769.38 9019.07 0.65
605769.38 9019.07 0.65
605769.38 9019.07 0.65
605769.38 9019.07 0.65
605769.38 9019.07 0.65
605769.38 9019.07 0.65
605769.38 9019.07 0.65
605769.38 9019.07 0.65
605769.38 9019.07 0.65
597094.06 9116.94 0.86
597094.06 9116.94 0.86
597094.06 9116.94 0.86
597094.06 9116.94 0.86
597094.06 9116.94 0.86
597094.06 9116.94 0.86
597094.06 9116.94 0.86
597094.06 9116.94 0.86
597094.06 9116.94 0.86
597094.06 9116.94 0.86
597094.06 9116.94 0.86
597094.06 9116.94 0.86
597094.06 9116.94 0.86
597094.06 9116.94 0.86
597094.06 9116.94 0.86
597094.06 9116.94 0.86
695128.12 9627.08 0.43
695128.12 9627.08 0.43
695128.12 9627.08 0.43
695128.12 9627.08 0.43
695128.12 9627.08 0.43
695128.12 9627.08 0.43
695128.12 9627.08 0.43
695128.12 9627.08 0.43
695128.12 9627.08 0.43
695128.12 9627.08 0.43
695128.12 9627.08 0.43
695128.12 9627.08 0.43
695128.12 9627.08 0.43
695128.12 9627.08 0.43
695128.12 9627.08 0.43
695128.12 9627.08 0.43
695128.12 9627.08 0.43
695128.12 9627.08 0.43
695128.12 9627.08 0.43
695626.06 9527.08 0.43
695626.06 9527.08 0.43
695128.12 9627.08 0.43
695128.12 9627.08 0.43
695128.12 9627.08 0.43
695128.12 9627.08 0.43
695128.12 9627.08 0.43
695128.12 9627.08 0.43
695128.12 9627.08 0.43
695128.12 9627.08 0.43
695128.12 9627.08 0.43
695128.12 9627.08 0.43
695626.06 9527.08 0.43
695128.12 9627.08 0.43
695128.12 9627.08 0.43
695128.12 9627.08 0.43
695128.12 9627.08 0.43
695128.12 9627.08 0.43
695128.12 9627.08 0.43
695128.12 9627.08 0.43
695128.12 9627.08 0.43
695128.12 9627.08 0.43
695626.06 9527.08 0.43
695626.06 9527.08 0.43
695626.06 9527.08 0.43
695626.06 9527.08 0.43
695626.06 9527.08 0.43
695626.06 9527.08 0.43
695626.06 9527.08 0.43
695626.06 9527.08 0.43
695626.06 9527.08 0.43
695626.06 9527.08 0.43
695626.06 9527.08 0.43
695626.06 9527.08 0.43
695626.06 9527.08 0.43
695626.06 9527.08 0.43
695626.06 9527.08 0.43
695626.06 9527.08 0.43
695626.06 9527.08 0.43
695626.06 9527.08 0.43
695626.06 9527.08 0.43
695626.06 9527.08 0.43
695626.06 9527.08 0.43
695626.06 9527.08 0.43
695626.06 9527.08 0.43
695626.06 9527.08 0.43
695626.06 9527.08 0.43
695626.06 9527.08 0.43
695626.06 9527.08 0.43
695626.06 9527.08 0.43
695626.06 9527.08 0.43
695626.06 9527.08 0.43
695626.06 9527.08 0.43
695626.06 9527.08 0.43
695626.06 9527.08 0.43
695626.06 9527.08 0.43
695626.06 9527.08 0.43
695626.06 9527.08 0.43
695626.06 9527.08 0.43
695626.06 9527.08 0.43
695626.06 9527.08 0.43
709406.50 10387.18 0.46
709406.50 10387.18 0.46
709406.50 10387.18 0.46
709406.50 10387.18 0.46
709406.50 10387.18 0.46
709406.50 10387.18 0.46
709406.50 10387.18 0.46
709406.50 10387.18 0.46
709406.50 10387.18 0.46
709406.50 10387.18 0.46
709406.50 10387.18 0.46
709406.50 10387.18 0.46
709406.50 10387.18 0.46
709406.50 10387.18 0.46
709406.50 10387.18 0.46
709406.50 10387.18 0.46
709406.50 10387.18 0.46
709406.50 10387.18 0.46
709406.50 10387.18 0.46
709406.50 10387.18 0.46
709406.50 10387.18 0.46
706738.38 10552.18 0.46
706738.38 10552.18 0.46
706738.38 10552.18 0.46
706738.38 10552.18 0.46
706738.38 10552.18 0.46
706738.38 10552.18 0.46
706738.38 10552.18 0.46
706738.38 10552.18 0.46
706738.38 10552.18 0.46
706738.38 10552.18 0.46
706738.38 10552.18 0.46
710546.94 10357.18 0.46
706738.38 10552.18 0.46
707876.69 10522.18 0.46
707876.69 10522.18 0.46
707876.69 10522.18 0.46
707876.69 10522.18 0.46
707876.69 10522.18 0.46
707876.69 10522.18 0.46
709406.50 10387.18 0.46
709406.50 10387.18 0.46
710546.94 10357.18 0.46
710546.94 10357.18 0.46
710546.94 10357.18 0.46
710546.94 10357.18 0.46
710546.94 10357.18 0.46
710546.94 10357.18 0.46
710546.94 10357.18 0.46
710546.94 10357.18 0.46
710546.94 10357.18 0.46
710546.94 10357.18 0.46
709406.50 10387.18 0.46
710546.94 10357.18 0.46
710546.94 10357.18 0.46
710546.94 10357.18 0.46
710546.94 10357.18 0.46
710546.94 10357.18 0.46
710546.94 10357.18 0.46
710546.94 10357.18 0.46
710546.94 10357.18 0.46
710546.94 10357.18 0.46
709406.50 10387.18 0.46
709406.50 10387.18 0.46
709406.50 10387.18 0.46
709406.50 10387.18 0.46
709406.50 10387.18 0.46
709406.50 10387.18 0.46
709406.50 10387.18 0.46
709406.50 10387.18 0.46
709406.50 10387.18 0.46
709406.50 10387.18 0.46
709406.50 10387.18 0.46
709406.50 10387.18 0.46
709406.50 10387.18 0.46
709406.50 10387.18 0.46
709406.50 10387.18 0.46
709406.50 10387.18 0.46
709406.50 10387.18 0.46
709406.50 10387.18 0.46
660754.62 9760.55 0.64
660754.62 9760.55 0.64
660754.62 9760.55 0.64
660754.62 9760.55 0.64
660754.62 9760.55 0.64
660754.62 9760.55 0.64
660754.62 9760.55 0.64
660754.62 9760.55 0.64
660754.62 9760.55 0.64
660754.62 9760.55 0.64
660754.62 9760.55 0.64
660754.62 9760.55 0.64
660754.62 9760.55 0.64
660754.62 9760.55 0.64
660798.62 9760.55 0.64
660798.62 9760.55 0.64
660798.62 9760.55 0.64
660798.62 9760.55 0.64
660798.62 9760.55 0.64
660798.62 9760.55 0.64
660798.62 9760.55 0.64
660754.62 9760.55 0.64
660754.62 9760.55 0.64
660754.62 9760.55 0.64
660754.62 9760.55 0.64
660754.62 9760.55 0.64
660754.62 9760.55 0.64
660754.62 9760.55 0.64
660754.62 9760.55 0.64
660754.62 9760.55 0.64
660754.62 9760.55 0.64
682745.00 9625.55 0.64
660754.62 9760.55 0.64
660754.62 9760.55 0.64
660754.62 9760.55 0.64
660754.62 9760.55 0.64
660754.62 9760.55 0.64
660754.62 9760.55 0.64
660754.62 9760.55 0.64
660754.62 9760.55 0.64
660754.62 9760.55 0.64
671122.69 9675.55 0.64
671122.69 9675.55 0.64
671122.69 9675.55 0.64
671122.69 9675.55 0.64
671122.69 9675.55 0.64
671122.69 9675.55 0.64
671122.69 9675.55 0.64
671122.69 9675.55 0.64
671122.69 9675.55 0.64
671122.69 9675.55 0.64
660798.62 9760.55 0.64
671122.69 9675.55 0.64
671122.69 9675.55 0.64
682745.00 9625.55 0.64
682745.00 9625.55 0.64
682745.00 9625.55 0.64
682745.00 9625.55 0.64
682745.00 9625.55 0.64
682745.00 9625.55 0.64
682745.00 9625.55 0.64
660798.62 9760.55 0.64
660798.62 9760.55 0.64
660798.62 9760.55 0.64
660798.62 9760.55 0.64
660798.62 9760.55 0.64
660798.62 9760.55 0.64
660798.62 9760.55 0.64
660798.62 9760.55 0.64
660798.62 9760.55 0.64
660798.62 9760.55 0.64
660798.62 9760.55 0.64
660798.62 9760.55 0.64
660798.62 9760.55 0.64
660798.62 9760.55 0.64
660798.62 9760.55 0.64
660798.62 9760.55 0.64
660798.62 9760.55 0.64
660798.62 9760.55 0.64
660798.62 9760.55 0.64
764922.62 10922.18 0.46
745024.75 10910.84 0.51
749388.38 10835.84 0.51
767619.62 10810.84 0.51
696636.19 10450.55 0.64
699160.94 10389.07 0.65
643965.88 9599.98 0.65
643965.88 9599.98 0.65
643965.88 9599.98 0.65
643965.88 9599.98 0.65
643965.88 9599.98 0.65
643965.88 9599.98 0.65
643965.88 9599.98 0.65
643965.88 9599.98 0.65
643965.88 9599.98 0.65
643965.88 9599.98 0.65
643965.88 9599.98 0.65
643965.88 9599.98 0.65
643965.88 9599.98 0.65
643965.88 9599.98 0.65
643965.88 9599.98 0.65
643965.88 9599.98 0.65
643965.88 9599.98 0.65
643965.88 9599.98 0.65
643965.88 9599.98 0.65
643965.88 9599.98 0.65
643965.88 9599.98 0.65
643965.88 9599.98 0.65
643965.88 9599.98 0.65
643965.88 9599.98 0.65
643965.88 9599.98 0.65
643965.88 9599.98 0.65
643965.88 9599.98 0.65
643965.88 9599.98 0.65
643965.88 9599.98 0.65
643965.88 9599.98 0.65
643965.88 9599.98 0.65
643965.88 9599.98 0.65
643965.88 9599.98 0.65
643965.88 9599.98 0.65
643965.88 9599.98 0.65
643965.88 9599.98 0.65
643965.88 9599.98 0.65
643965.88 9599.98 0.65
643965.88 9599.98 0.65
643965.88 9599.98 0.65
643965.88 9599.98 0.65
643965.88 9599.98 0.65
658080.06 9491.67 0.68
634811.19 9661.70 0.75
634811.19 9661.70 0.75
634811.19 9661.70 0.75
634811.19 9661.70 0.75
634811.19 9661.70 0.75
634811.19 9661.70 0.75
632894.88 9577.98 0.76
632894.88 9577.98 0.76
632894.88 9577.98 0.76
632894.88 9577.98 0.76
632894.88 9577.98 0.76
632894.88 9577.98 0.76
632894.88 9577.98 0.76
632894.88 9577.98 0.76
632894.88 9577.98 0.76
632894.88 9577.98 0.76
632894.88 9577.98 0.76
632894.88 9577.98 0.76
632894.88 9577.98 0.76
632894.88 9577.98 0.76
632894.88 9577.98 0.76
632894.88 9577.98 0.76
632894.88 9577.98 0.76
632894.88 9577.98 0.76
632894.88 9577.98 0.76
632894.88 9577.98 0.76
639546.94 9532.83 0.83
639546.94 9532.83 0.83
628865.56 9672.83 0.83
628865.56 9672.83 0.83
628865.56 9672.83 0.83
672076.50 9545.12 0.41
669286.19 9725.75 0.53
669286.19 9725.75 0.53
669286.19 9725.75 0.53
669286.19 9725.75 0.53
669286.19 9725.75 0.53
669286.19 9725.75 0.53
669286.19 9725.75 0.53
669286.19 9725.75 0.53
669286.19 9725.75 0.53
669286.19 9725.75 0.53
669286.19 9725.75 0.53
669286.19 9725.75 0.53
669286.19 9725.75 0.53
641502.38 9480.55 0.64
618595.19 9064.07 0.65
618595.19 9064.07 0.65
618595.19 9064.07 0.65
618595.19 9064.07 0.65
618595.19 9064.07 0.65
618595.19 9064.07 0.65
618595.19 9064.07 0.65
618595.19 9064.07 0.65
618595.19 9064.07 0.65
618595.19 9064.07 0.65
618595.19 9064.07 0.65
618595.19 9064.07 0.65
618595.19 9064.07 0.65
618595.19 9064.07 0.65
618595.19 9064.07 0.65
618595.19 9064.07 0.65
618595.19 9064.07 0.65
618595.19 9064.07 0.65
618595.19 9064.07 0.65
618595.19 9064.07 0.65
618595.19 9064.07 0.65
618595.19 9064.07 0.65
618595.19 9064.07 0.65
618595.19 9064.07 0.65
618595.19 9064.07 0.65
618595.19 9064.07 0.65
618595.19 9064.07 0.65
618595.19 9064.07 0.65
618595.19 9064.07 0.65
618595.19 9064.07 0.65
618595.19 9064.07 0.65
618595.19 9064.07 0.65
618595.19 9064.07 0.65
618595.19 9064.07 0.65
618595.19 9064.07 0.65
618595.19 9064.07 0.65
618595.19 9064.07 0.65
618595.19 9064.07 0.65
618595.19 9064.07 0.65
618595.19 9064.07 0.65
618595.19 9064.07 0.65
618595.19 9064.07 0.65
618595.19 9064.07 0.65
618595.19 9064.07 0.65
618595.19 9064.07 0.65
618595.19 9064.07 0.65
618595.19 9064.07 0.65
618595.19 9064.07 0.65
618595.19 9064.07 0.65
618595.19 9064.07 0.65
618595.19 9064.07 0.65
618595.19 9064.07 0.65
618595.19 9064.07 0.65
618595.19 9064.07 0.65
618595.19 9064.07 0.65
618595.19 9064.07 0.65
618595.19 9064.07 0.65
618595.19 9064.07 0.65
618595.19 9064.07 0.65
618595.19 9064.07 0.65
618595.19 9064.07 0.65
618595.19 9064.07 0.65
618595.19 9064.07 0.65
618595.19 9064.07 0.65
605057.88 9153.95 0.96
656292.69 9565.55 0.64
656292.69 9565.55 0.64
656292.69 9565.55 0.64
656292.69 9565.55 0.64
656292.69 9565.55 0.64
656292.69 9565.55 0.64
656292.69 9565.55 0.64
656292.69 9565.55 0.64
656292.69 9565.55 0.64
656292.69 9565.55 0.64
656292.69 9565.55 0.64
656292.69 9565.55 0.64
656292.69 9565.55 0.64
656292.69 9565.55 0.64
656292.69 9565.55 0.64
656292.69 9565.55 0.64
656292.69 9565.55 0.64
656292.69 9565.55 0.64
656292.69 9565.55 0.64
656292.69 9565.55 0.64
656292.69 9565.55 0.64
656292.69 9565.55 0.64
656292.69 9565.55 0.64
656292.69 9565.55 0.64
656292.69 9565.55 0.64
656292.69 9565.55 0.64
656292.69 9565.55 0.64
656292.69 9565.55 0.64
656292.69 9565.55 0.64
656292.69 9565.55 0.64
656292.69 9565.55 0.64
656292.69 9565.55 0.64
656292.69 9565.55 0.64
656292.69 9565.55 0.64
656292.69 9565.55 0.64
656292.69 9565.55 0.64
656292.69 9565.55 0.64
656292.69 9565.55 0.64
656292.69 9565.55 0.64
656292.69 9565.55 0.64
656292.69 9565.55 0.64
656292.69 9565.55 0.64
656292.69 9565.55 0.64
656292.69 9565.55 0.64
656292.69 9565.55 0.64
656292.69 9565.55 0.64
656292.69 9565.55 0.64
656292.69 9565.55 0.64
656292.69 9565.55 0.64
656292.69 9565.55 0.64
656292.69 9565.55 0.64
656292.69 9565.55 0.64
656292.69 9565.55 0.64
656292.69 9565.55 0.64
656292.69 9565.55 0.64
656292.69 9565.55 0.64
656292.69 9565.55 0.64
656292.69 9565.55 0.64
656292.69 9565.55 0.64
656292.69 9565.55 0.64
656292.69 9565.55 0.64
656292.69 9565.55 0.64
656292.69 9565.55 0.64
656292.69 9565.55 0.64
656292.69 9565.55 0.64
656292.69 9565.55 0.64
656292.69 9565.55 0.64
656292.69 9565.55 0.64
639936.19 9444.07 0.65
639936.19 9444.07 0.65
639936.19 9444.07 0.65
639936.19 9444.07 0.65
639936.19 9444.07 0.65
639936.19 9444.07 0.65
639936.19 9444.07 0.65
639936.19 9444.07 0.65
639936.19 9444.07 0.65
639936.19 9444.07 0.65
625815.88 9316.94 0.86
625815.88 9316.94 0.86
735229.06 10817.18 0.46
735229.06 10817.18 0.46
735229.06 10817.18 0.46
735229.06 10817.18 0.46
735229.06 10817.18 0.46
735229.06 10817.18 0.46
735229.06 10817.18 0.46
735229.06 10817.18 0.46
735229.06 10817.18 0.46
735229.06 10817.18 0.46
735229.06 10817.18 0.46
735229.06 10817.18 0.46
735229.06 10817.18 0.46
735229.06 10817.18 0.46
710133.94 10514.93 0.52
710133.94 10514.93 0.52
627352.50 9250.55 0.64
627352.50 9250.55 0.64
627352.50 9250.55 0.64
627352.50 9250.55 0.64
627352.50 9250.55 0.64
627352.50 9250.55 0.64
627352.50 9250.55 0.64
627352.50 9250.55 0.64
627352.50 9250.55 0.64
627352.50 9250.55 0.64
627352.50 9250.55 0.64
627352.50 9250.55 0.64
627352.50 9250.55 0.64
627352.50 9250.55 0.64
627352.50 9250.55 0.64
627352.50 9250.55 0.64
627352.50 9250.55 0.64
627352.50 9250.55 0.64
627352.50 9250.55 0.64
627352.50 9250.55 0.64
627352.50 9250.55 0.64
627352.50 9250.55 0.64
627352.50 9250.55 0.64
627352.50 9250.55 0.64
627352.50 9250.55 0.64
627352.50 9250.55 0.64
627352.50 9250.55 0.64
627352.50 9250.55 0.64
627352.50 9250.55 0.64
627352.50 9250.55 0.64
627352.50 9250.55 0.64
627352.50 9250.55 0.64
627352.50 9250.55 0.64
627352.50 9250.55 0.64
627352.50 9250.55 0.64
627352.50 9250.55 0.64
627352.50 9250.55 0.64
627352.50 9250.55 0.64
627352.50 9250.55 0.64
627352.50 9250.55 0.64
627352.50 9250.55 0.64
627352.50 9250.55 0.64
627352.50 9250.55 0.64
627352.50 9250.55 0.64
627352.50 9250.55 0.64
627352.50 9250.55 0.64
627352.50 9250.55 0.64
627352.50 9250.55 0.64
627352.50 9250.55 0.64
627352.50 9250.55 0.64
627352.50 9250.55 0.64
627352.50 9250.55 0.64
627352.50 9250.55 0.64
627352.50 9250.55 0.64
627352.50 9250.55 0.64
627352.50 9250.55 0.64
627352.50 9250.55 0.64
627352.50 9250.55 0.64
627352.50 9250.55 0.64
627352.50 9250.55 0.64
627352.50 9250.55 0.64
627352.50 9250.55 0.64
627352.50 9250.55 0.64
627352.50 9250.55 0.64
611215.50 9605.55 0.64
611215.50 9605.55 0.64
611215.50 9605.55 0.64
611215.50 9605.55 0.64
611215.50 9605.55 0.64
611215.50 9605.55 0.64
611215.50 9605.55 0.64
611215.50 9605.55 0.64
611215.50 9605.55 0.64
611215.50 9605.55 0.64
611215.50 9605.55 0.64
611215.50 9605.55 0.64
611215.50 9605.55 0.64
611215.50 9605.55 0.64
611215.50 9605.55 0.64
611215.50 9605.55 0.64
611215.50 9605.55 0.64
611215.50 9605.55 0.64
611215.50 9605.55 0.64
611215.50 9605.55 0.64
611215.50 9605.55 0.64
611215.50 9605.55 0.64
611215.50 9605.55 0.64
611215.50 9605.55 0.64
611215.50 9605.55 0.64
611215.50 9605.55 0.64
611215.50 9605.55 0.64
611215.50 9605.55 0.64
611215.50 9605.55 0.64
611215.50 9605.55 0.64
611215.50 9605.55 0.64
611215.50 9605.55 0.64
611215.50 9605.55 0.64
611215.50 9605.55 0.64
611215.50 9605.55 0.64
611215.50 9605.55 0.64
611630.38 9600.55 0.64
611215.50 9605.55 0.64
611215.50 9605.55 0.64
611215.50 9605.55 0.64
611215.50 9605.55 0.64
611215.50 9605.55 0.64
611215.50 9605.55 0.64
611215.50 9605.55 0.64
611215.50 9605.55 0.64
611215.50 9605.55 0.64
611215.50 9605.55 0.64
611215.50 9605.55 0.64
622729.31 9420.55 0.64
622729.31 9420.55 0.64
622729.31 9420.55 0.64
622729.31 9420.55 0.64
622729.31 9420.55 0.64
622729.31 9420.55 0.64
622729.31 9420.55 0.64
622729.31 9420.55 0.64
622729.31 9420.55 0.64
622729.31 9420.55 0.64
622729.31 9420.55 0.64
622729.31 9420.55 0.64
611630.38 9600.55 0.64
622729.31 9420.55 0.64
622729.31 9420.55 0.64
622729.31 9420.55 0.64
622729.31 9420.55 0.64
622729.31 9420.55 0.64
622729.31 9420.55 0.64
622729.31 9420.55 0.64
622729.31 9420.55 0.64
636582.44 9360.55 0.64
636582.44 9360.55 0.64
622334.00 9425.55 0.64
611630.38 9600.55 0.64
611630.38 9600.55 0.64
611630.38 9600.55 0.64
611630.38 9600.55 0.64
611630.38 9600.55 0.64
611630.38 9600.55 0.64
611630.38 9600.55 0.64
611630.38 9600.55 0.64
668872.38 9750.12 0.41
641545.69 9547.01 0.64
643672.00 9507.01 0.64
641545.69 9547.01 0.64
641545.69 9547.01 0.64
641545.69 9547.01 0.64
641545.69 9547.01 0.64
641545.69 9547.01 0.64
641545.69 9547.01 0.64
641545.69 9547.01 0.64
641545.69 9547.01 0.64
641545.69 9547.01 0.64
641545.69 9547.01 0.64
641545.69 9547.01 0.64
641545.69 9547.01 0.64
641545.69 9547.01 0.64
641545.69 9547.01 0.64
641545.69 9547.01 0.64
643672.00 9507.01 0.64
643672.00 9507.01 0.64
643672.00 9507.01 0.64
641545.69 9547.01 0.64
641545.69 9547.01 0.64
641545.69 9547.01 0.64
641545.69 9547.01 0.64
641545.69 9547.01 0.64
641545.69 9547.01 0.64
641545.69 9547.01 0.64
641545.69 9547.01 0.64
641545.69 9547.01 0.64
641545.69 9547.01 0.64
641545.69 9547.01 0.64
641545.69 9547.01 0.64
641545.69 9547.01 0.64
641545.69 9547.01 0.64
641545.69 9547.01 0.64
641545.69 9547.01 0.64
641545.69 9547.01 0.64
641545.69 9547.01 0.64
641545.69 9547.01 0.64
641545.69 9547.01 0.64
643672.00 9507.01 0.64
643672.00 9507.01 0.64
643672.00 9507.01 0.64
643672.00 9507.01 0.64
643672.00 9507.01 0.64
643672.00 9507.01 0.64
643672.00 9507.01 0.64
643672.00 9507.01 0.64
643672.00 9507.01 0.64
643672.00 9507.01 0.64
643672.00 9507.01 0.64
643672.00 9507.01 0.64
643672.00 9507.01 0.64
643672.00 9507.01 0.64
643672.00 9507.01 0.64
643672.00 9507.01 0.64
643672.00 9507.01 0.64
643672.00 9507.01 0.64
643672.00 9507.01 0.64
643672.00 9507.01 0.64
643672.00 9507.01 0.64
643672.00 9507.01 0.64
643672.00 9507.01 0.64
643672.00 9507.01 0.64
643672.00 9507.01 0.64
643672.00 9507.01 0.64
643672.00 9507.01 0.64
643672.00 9507.01 0.64
643672.00 9507.01 0.64
643672.00 9507.01 0.64
643672.00 9507.01 0.64
643672.00 9507.01 0.64
643672.00 9507.01 0.64
643672.00 9507.01 0.64
643672.00 9507.01 0.64
643672.00 9507.01 0.64
643672.00 9507.01 0.64
643672.00 9507.01 0.64
643672.00 9507.01 0.64
635027.75 9615.55 0.64
634571.62 9620.55 0.64
634571.62 9620.55 0.64
634571.62 9620.55 0.64
634571.62 9620.55 0.64
634571.62 9620.55 0.64
634571.62 9620.55 0.64
635027.75 9615.55 0.64
635027.75 9615.55 0.64
635027.75 9615.55 0.64
635027.75 9615.55 0.64
634571.62 9620.55 0.64
635027.75 9615.55 0.64
635027.75 9615.55 0.64
635027.75 9615.55 0.64
635027.75 9615.55 0.64
635027.75 9615.55 0.64
635027.75 9615.55 0.64
635027.75 9615.55 0.64
635027.75 9615.55 0.64
635027.75 9615.55 0.64
634571.62 9620.55 0.64
630979.19 9635.55 0.64
631434.38 9630.55 0.64
631434.38 9630.55 0.64
631434.38 9630.55 0.64
631434.38 9630.55 0.64
634571.62 9620.55 0.64
634571.62 9620.55 0.64
634571.62 9620.55 0.64
634571.62 9620.55 0.64
634571.62 9620.55 0.64
636209.69 9475.55 0.64
634571.62 9620.55 0.64
634571.62 9620.55 0.64
634571.62 9620.55 0.64
634571.62 9620.55 0.64
634571.62 9620.55 0.64
634571.62 9620.55 0.64
634571.62 9620.55 0.64
634571.62 9620.55 0.64
634571.62 9620.55 0.64
636209.69 9475.55 0.64
636209.69 9475.55 0.64
636209.69 9475.55 0.64
636209.69 9475.55 0.64
636209.69 9475.55 0.64
636209.69 9475.55 0.64
636209.69 9475.55 0.64
636209.69 9475.55 0.64
636209.69 9475.55 0.64
636209.69 9475.55 0.64
635027.75 9615.55 0.64
636209.69 9475.55 0.64
636209.69 9475.55 0.64
636209.69 9475.55 0.64
636209.69 9475.55 0.64
636209.69 9475.55 0.64
636209.69 9475.55 0.64
636209.69 9475.55 0.64
636209.69 9475.55 0.64
636209.69 9475.55 0.64
636209.69 9475.55 0.64
635027.75 9615.55 0.64
635027.75 9615.55 0.64
635027.75 9615.55 0.64
635027.75 9615.55 0.64
635027.75 9615.55 0.64
635027.75 9615.55 0.64
635027.75 9615.55 0.64
635027.75 9615.55 0.64
635027.75 9615.55 0.64
635772.06 9480.55 0.64
636209.69 9475.55 0.64
636209.69 9475.55 0.64
636209.69 9475.55 0.64
636209.69 9475.55 0.64
636209.69 9475.55 0.64
636209.69 9475.55 0.64
635772.06 9480.55 0.64
649376.94 9500.12 0.41
649376.94 9500.12 0.41
649376.94 9500.12 0.41
649376.94 9500.12 0.41
649376.94 9500.12 0.41
649376.94 9500.12 0.41
649376.94 9500.12 0.41
649376.94 9500.12 0.41
649376.94 9500.12 0.41
649376.94 9500.12 0.41
649376.94 9500.12 0.41
649376.94 9500.12 0.41
649376.94 9500.12 0.41
649376.94 9500.12 0.41
649376.94 9500.12 0.41
649376.94 9500.12 0.41
649376.94 9500.12 0.41
649376.94 9500.12 0.41
649376.94 9500.12 0.41
649376.94 9500.12 0.41
649376.94 9500.12 0.41
649376.94 9500.12 0.41
649376.94 9500.12 0.41
649376.94 9500.12 0.41
649376.94 9500.12 0.41
649376.94 9500.12 0.41
649376.94 9500.12 0.41
649376.94 9500.12 0.41
649376.94 9500.12 0.41
649376.94 9500.12 0.41
649376.94 9500.12 0.41
649376.94 9500.12 0.41
649376.94 9500.12 0.41
649376.94 9500.12 0.41
649376.94 9500.12 0.41
649376.94 9500.12 0.41
649376.94 9500.12 0.41
649376.94 9500.12 0.41
649376.94 9500.12 0.41
649376.94 9500.12 0.41
649376.94 9500.12 0.41
649376.94 9500.12 0.41
649376.94 9500.12 0.41
649376.94 9500.12 0.41
649376.94 9500.12 0.41
649376.94 9500.12 0.41
649376.94 9500.12 0.41
649376.94 9500.12 0.41
649376.94 9500.12 0.41
649376.94 9500.12 0.41
649376.94 9500.12 0.41
649376.94 9500.12 0.41
649376.94 9500.12 0.41
649376.94 9500.12 0.41
649376.94 9500.12 0.41
649376.94 9500.12 0.41
649376.94 9500.12 0.41
649376.94 9500.12 0.41
649376.94 9500.12 0.41
649376.94 9500.12 0.41
649376.94 9500.12 0.41
649376.94 9500.12 0.41
649376.94 9500.12 0.41
649376.94 9500.12 0.41
649376.94 9500.12 0.41
649376.94 9500.12 0.41
649376.94 9500.12 0.41
649376.94 9500.12 0.41
649376.94 9500.12 0.41
649376.94 9500.12 0.41
649376.94 9500.12 0.41
649376.94 9500.12 0.41
649376.94 9500.12 0.41
642025.75 9571.81 0.56
642025.75 9571.81 0.56
642025.75 9571.81 0.56
642025.75 9571.81 0.56
642025.75 9571.81 0.56
642025.75 9571.81 0.56
642025.75 9571.81 0.56
606813.25 9402.08 0.43
606813.25 9402.08 0.43
606813.25 9402.08 0.43
606813.25 9402.08 0.43
606813.25 9402.08 0.43
606813.25 9402.08 0.43
606813.25 9402.08 0.43
606813.25 9402.08 0.43
606813.25 9402.08 0.43
606813.25 9402.08 0.43
606813.25 9402.08 0.43
606813.25 9402.08 0.43
602742.00 9508.77 0.58
619980.00 9375.55 0.64
619482.00 9349.07 0.65
619482.00 9349.07 0.65
619482.00 9349.07 0.65
619482.00 9349.07 0.65
619482.00 9349.07 0.65
619482.00 9349.07 0.65
619482.00 9349.07 0.65
589012.00 9318.48 0.65
589012.00 9318.48 0.65
589012.00 9318.48 0.65
589012.00 9318.48 0.65
577028.31 9195.86 0.70
577028.31 9195.86 0.70
577028.31 9195.86 0.70
577028.31 9195.86 0.70
577028.31 9195.86 0.70
577028.31 9195.86 0.70
577028.31 9195.86 0.70
577028.31 9195.86 0.70
577028.31 9195.86 0.70
577028.31 9195.86 0.70
577028.31 9195.86 0.70
577028.31 9195.86 0.70
577028.31 9195.86 0.70
577028.31 9195.86 0.70
577028.31 9195.86 0.70
577028.31 9195.86 0.70
577028.31 9195.86 0.70
577028.31 9195.86 0.70
577028.31 9195.86 0.70
577028.31 9195.86 0.70
577028.31 9195.86 0.70
577028.31 9195.86 0.70
577028.31 9195.86 0.70
577028.31 9195.86 0.70
577028.31 9195.86 0.70
577028.31 9195.86 0.70
577028.31 9195.86 0.70
577028.31 9195.86 0.70
577028.31 9195.86 0.70
577028.31 9195.86 0.70
577028.31 9195.86 0.70
577028.31 9195.86 0.70
577028.31 9195.86 0.70
577028.31 9195.86 0.70
577028.31 9195.86 0.70
577028.31 9195.86 0.70
577028.31 9195.86 0.70
577028.31 9195.86 0.70
577028.31 9195.86 0.70
577028.31 9195.86 0.70
577028.31 9195.86 0.70
577028.31 9195.86 0.70
577028.31 9195.86 0.70
577028.31 9195.86 0.70
577028.31 9195.86 0.70
577028.31 9195.86 0.70
577028.31 9195.86 0.70
577028.31 9195.86 0.70
577028.31 9195.86 0.70
577028.31 9195.86 0.70
577028.31 9195.86 0.70
577028.31 9195.86 0.70
577028.31 9195.86 0.70
577028.31 9195.86 0.70
577028.31 9195.86 0.70
724826.12 11380.55 0.64
722682.31 10499.07 0.65
692674.19 9914.98 0.65
692674.19 9914.98 0.65
692674.19 9914.98 0.65
692674.19 9914.98 0.65
692674.19 9914.98 0.65
692674.19 9914.98 0.65
692674.19 9914.98 0.65
692674.19 9914.98 0.65
692674.19 9914.98 0.65
692674.19 9914.98 0.65
692674.19 9914.98 0.65
692674.19 9914.98 0.65
692674.19 9914.98 0.65
692674.19 9914.98 0.65
692674.19 9914.98 0.65
692674.19 9914.98 0.65
692674.19 9914.98 0.65
692674.19 9914.98 0.65
692674.19 9914.98 0.65
692674.19 9914.98 0.65
692674.19 9914.98 0.65
692674.19 9914.98 0.65
692674.19 9914.98 0.65
692674.19 9914.98 0.65
680871.94 9814.98 0.66
680871.94 9814.98 0.66
680871.94 9814.98 0.66
680871.94 9814.98 0.66
680871.94 9814.98 0.66
680871.94 9814.98 0.66
680871.94 9814.98 0.66
680871.94 9814.98 0.66
680871.94 9814.98 0.66
680871.94 9814.98 0.66
680871.94 9814.98 0.66
680871.94 9814.98 0.66
680871.94 9814.98 0.66
680871.94 9814.98 0.66
680871.94 9814.98 0.66
680871.94 9814.98 0.66
680871.94 9814.98 0.66
680871.94 9814.98 0.66
680871.94 9814.98 0.66
680871.94 9814.98 0.66
680871.94 9814.98 0.66
680871.94 9814.98 0.66
680871.94 9814.98 0.66
680871.94 9814.98 0.66
680871.94 9814.98 0.66
680871.94 9814.98 0.66
680871.94 9814.98 0.66
680871.94 9814.98 0.66
680871.94 9814.98 0.66
680871.94 9814.98 0.66
680871.94 9814.98 0.66
680871.94 9814.98 0.66
680871.94 9814.98 0.66
666762.81 9656.67 0.69
666762.81 9656.67 0.69
666762.81 9656.67 0.69
666762.81 9656.67 0.69
666762.81 9656.67 0.69
666762.81 9656.67 0.69
666762.81 9656.67 0.69
666762.81 9656.67 0.69
666762.81 9656.67 0.69
666762.81 9656.67 0.69
666762.81 9656.67 0.69
666762.81 9656.67 0.69
666762.81 9656.67 0.69
666762.81 9656.67 0.69
666762.81 9656.67 0.69
666762.81 9656.67 0.69
666762.81 9656.67 0.69
666762.81 9656.67 0.69
666762.81 9656.67 0.69
666688.38 9827.03 0.79
666688.38 9827.03 0.79