622470.00 9643.71 0.98
622470.00 9643.71 0.98
622470.00 9643.71 0.98
622470.00 9643.71 0.98
622470.00 9643.71 0.98
622470.00 9643.71 0.98
622470.00 9643.71 0.98
622470.00 9643.71 0.98
622470.00 9643.71 0.98
622470.00 9643.71 0.98
622470.00 9643.71 0.98
622470.00 9643.71 0.98
622470.00 9643.71 0.98
622470.00 9643.71 0.98
622470.00 9643.71 0.98
622470.00 9643.71 0.98
622470.00 9643.71 0.98
621400.25 9658.71 0.98
621400.25 9658.71 0.98
621400.25 9658.71 0.98
621400.25 9658.71 0.98
622470.00 9643.71 0.98
622470.00 9643.71 0.98
622470.00 9643.71 0.98
622470.00 9643.71 0.98
622470.00 9643.71 0.98
622470.00 9643.71 0.98
622470.00 9643.71 0.98
622470.00 9643.71 0.98
622470.00 9643.71 0.98
622470.00 9643.71 0.98
622470.00 9643.71 0.98
622470.00 9643.71 0.98
622470.00 9643.71 0.98
622470.00 9643.71 0.98
622470.00 9643.71 0.98
622470.00 9643.71 0.98
622470.00 9643.71 0.98
622470.00 9643.71 0.98
622470.00 9643.71 0.98
622470.00 9643.71 0.98
618314.00 9683.71 1.00
618314.00 9683.71 1.00
618314.00 9683.71 1.00
618314.00 9683.71 1.00
618314.00 9683.71 1.00
618314.00 9683.71 1.00
618314.00 9683.71 1.00
618314.00 9683.71 1.00
618314.00 9683.71 1.00
618314.00 9683.71 1.00
618314.00 9683.71 1.00
618314.00 9683.71 1.00
618314.00 9683.71 1.00
618314.00 9683.71 1.00
618314.00 9683.71 1.00
618314.00 9683.71 1.00
618314.00 9683.71 1.00
618314.00 9683.71 1.00
618314.00 9683.71 1.00
618314.00 9683.71 1.00
618314.00 9683.71 1.00
618314.00 9683.71 1.00
618314.00 9683.71 1.00
618314.00 9683.71 1.00
618314.00 9683.71 1.00
618314.00 9683.71 1.00
618314.00 9683.71 1.00
618314.00 9683.71 1.00
618314.00 9683.71 1.00
618314.00 9683.71 1.00
618314.00 9683.71 1.00
618314.00 9683.71 1.00
618314.00 9683.71 1.00
618314.00 9683.71 1.00
618314.00 9683.71 1.00
618314.00 9683.71 1.00
618314.00 9683.71 1.00
618314.00 9683.71 1.00
618314.00 9683.71 1.00
696482.62 10906.19 0.95
696482.62 10906.19 0.95
696482.62 10906.19 0.95
696482.62 10906.19 0.95
696482.62 10906.19 0.95
696482.62 10906.19 0.95
696482.62 10906.19 0.95
696482.62 10906.19 0.95
696482.62 10906.19 0.95
696482.62 10906.19 0.95
696482.62 10906.19 0.95
699775.81 10841.19 0.95
699775.81 10841.19 0.95
699775.81 10841.19 0.95
699775.81 10841.19 0.95
699775.81 10841.19 0.95
699775.81 10841.19 0.95
699775.81 10841.19 0.95
699775.81 10841.19 0.95
699775.81 10841.19 0.95
696482.62 10906.19 0.95
696482.62 10906.19 0.95
696482.62 10906.19 0.95
696482.62 10906.19 0.95
696482.62 10906.19 0.95
696482.62 10906.19 0.95
696482.62 10906.19 0.95
696482.62 10906.19 0.95
696482.62 10906.19 0.95
696482.62 10906.19 0.95
699775.81 10841.19 0.95
696482.62 10906.19 0.95
696482.62 10906.19 0.95
696482.62 10906.19 0.95
696482.62 10906.19 0.95
696482.62 10906.19 0.95
696482.62 10906.19 0.95
696482.62 10906.19 0.95
696482.62 10906.19 0.95
696482.62 10906.19 0.95
705655.25 10476.19 0.95
705655.25 10476.19 0.95
705655.25 10476.19 0.95
705655.25 10476.19 0.95
705655.25 10476.19 0.95
705655.25 10476.19 0.95
705655.25 10476.19 0.95
705655.25 10476.19 0.95
705655.25 10476.19 0.95
705655.25 10476.19 0.95
705655.25 10476.19 0.95
705655.25 10476.19 0.95
705655.25 10476.19 0.95
705655.25 10476.19 0.95
705655.25 10476.19 0.95
705655.25 10476.19 0.95
705655.25 10476.19 0.95
705655.25 10476.19 0.95
705655.25 10476.19 0.95
705655.25 10476.19 0.95
699775.81 10841.19 0.95
699775.81 10841.19 0.95
699775.81 10841.19 0.95
699775.81 10841.19 0.95
699775.81 10841.19 0.95
699775.81 10841.19 0.95
699775.81 10841.19 0.95
699775.81 10841.19 0.95
699775.81 10841.19 0.95
699775.81 10841.19 0.95
705655.25 10476.19 0.95
699775.81 10841.19 0.95
699775.81 10841.19 0.95
699775.81 10841.19 0.95
699775.81 10841.19 0.95
699775.81 10841.19 0.95
699775.81 10841.19 0.95
699775.81 10841.19 0.95
699775.81 10841.19 0.95
699775.81 10841.19 0.95
887146.56 12766.69 1.04
562867.94 9211.79 1.05
562867.94 9211.79 1.05
562867.94 9211.79 1.05
551864.06 8996.42 1.07
551864.06 8996.42 1.07
551864.06 8996.42 1.07
541569.06 8861.42 1.07
541569.06 8861.42 1.07
541569.06 8861.42 1.07
541569.06 8861.42 1.07
541569.06 8861.42 1.07
541569.06 8861.42 1.07
541569.06 8861.42 1.07
541569.06 8861.42 1.07
541569.06 8861.42 1.07
541569.06 8861.42 1.07
541569.06 8861.42 1.07
541569.06 8861.42 1.07
521963.88 8666.42 1.10
521963.88 8666.42 1.10
521963.88 8666.42 1.10
521963.88 8666.42 1.10
521963.88 8666.42 1.10
521963.88 8666.42 1.10
521963.88 8666.42 1.10
521963.88 8666.42 1.10
521963.88 8666.42 1.10
521963.88 8666.42 1.10
521963.88 8666.42 1.10
521963.88 8666.42 1.10
521963.88 8666.42 1.10
521963.88 8666.42 1.10
521963.88 8666.42 1.10
521963.88 8666.42 1.10
521963.88 8666.42 1.10
521963.88 8666.42 1.10
521963.88 8666.42 1.10
521963.88 8666.42 1.10
521963.88 8666.42 1.10
521963.88 8666.42 1.10
521963.88 8666.42 1.10
521963.88 8666.42 1.10
521963.88 8666.42 1.10
521963.88 8666.42 1.10
521963.88 8666.42 1.10
521963.88 8666.42 1.10
521963.88 8666.42 1.10
521963.88 8666.42 1.10
521963.88 8666.42 1.10
521963.88 8666.42 1.10
521963.88 8666.42 1.10
521963.88 8666.42 1.10
521963.88 8666.42 1.10
521963.88 8666.42 1.10
521963.88 8666.42 1.10
521963.88 8666.42 1.10
521963.88 8666.42 1.10
521963.88 8666.42 1.10
521963.88 8666.42 1.10
521963.88 8666.42 1.10
521963.88 8666.42 1.10
521963.88 8666.42 1.10
521963.88 8666.42 1.10
521963.88 8666.42 1.10
521963.88 8666.42 1.10
521963.88 8666.42 1.10
521963.88 8666.42 1.10
521963.88 8666.42 1.10
521963.88 8666.42 1.10
521963.88 8666.42 1.10
521963.88 8666.42 1.10
521963.88 8666.42 1.10
521963.88 8666.42 1.10
521963.88 8666.42 1.10
521963.88 8666.42 1.10
521963.88 8666.42 1.10
521963.88 8666.42 1.10
521963.88 8666.42 1.10
521963.88 8666.42 1.10
608510.00 9327.80 1.00
578076.75 9022.80 1.02
578076.75 9022.80 1.02
578076.75 9022.80 1.02
578076.75 9022.80 1.02
578076.75 9022.80 1.02
578076.75 9022.80 1.02
578076.75 9022.80 1.02
578076.75 9022.80 1.02
578076.75 9022.80 1.02
578076.75 9022.80 1.02
578076.75 9022.80 1.02
578076.75 9022.80 1.02
578076.75 9022.80 1.02
578076.75 9022.80 1.02
578076.75 9022.80 1.02
578076.75 9022.80 1.02
578076.75 9022.80 1.02
578076.75 9022.80 1.02
578076.75 9022.80 1.02
578076.75 9022.80 1.02
578076.75 9022.80 1.02
578076.75 9022.80 1.02
578076.75 9022.80 1.02
578076.75 9022.80 1.02
578076.75 9022.80 1.02
578076.75 9022.80 1.02
578076.75 9022.80 1.02
578076.75 9022.80 1.02
578076.75 9022.80 1.02
578076.75 9022.80 1.02
578076.75 9022.80 1.02
578076.75 9022.80 1.02
578076.75 9022.80 1.02
578076.75 9022.80 1.02
578076.75 9022.80 1.02
578076.75 9022.80 1.02
578076.75 9022.80 1.02
578076.75 9022.80 1.02
578076.75 9022.80 1.02
578076.75 9022.80 1.02
578076.75 9022.80 1.02
578076.75 9022.80 1.02
578076.75 9022.80 1.02
578076.75 9022.80 1.02
578076.75 9022.80 1.02
578076.75 9022.80 1.02
578076.75 9022.80 1.02
578076.75 9022.80 1.02
578076.75 9022.80 1.02
578076.75 9022.80 1.02
578076.75 9022.80 1.02
578076.75 9022.80 1.02
578076.75 9022.80 1.02
578076.75 9022.80 1.02
571559.94 9128.27 1.22
554682.38 8896.80 1.27
549481.62 9101.60 1.37
549481.62 9101.60 1.37
549481.62 9101.60 1.37
549481.62 9101.60 1.37
549481.62 9101.60 1.37
549481.62 9101.60 1.37
549481.62 9101.60 1.37
550494.81 8757.39 1.47
550494.81 8757.39 1.47
550494.81 8757.39 1.47
550494.81 8757.39 1.47
550494.81 8757.39 1.47
550494.81 8757.39 1.47
550494.81 8757.39 1.47
550494.81 8757.39 1.47
550494.81 8757.39 1.47
550494.81 8757.39 1.47
550494.81 8757.39 1.47
550494.81 8757.39 1.47
550494.81 8757.39 1.47
550494.81 8757.39 1.47
550494.81 8757.39 1.47
550494.81 8757.39 1.47
569001.44 9161.79 1.05
569001.44 9161.79 1.05
561636.88 8991.42 1.07
561636.88 8991.42 1.07
561636.88 8991.42 1.07
561636.88 8991.42 1.07
561636.88 8991.42 1.07
561636.88 8991.42 1.07
561636.88 8991.42 1.07
561636.88 8991.42 1.07
561636.88 8991.42 1.07
554045.06 8896.42 1.07
554045.06 8896.42 1.07
554045.06 8896.42 1.07
554045.06 8896.42 1.07
554045.06 8896.42 1.07
554045.06 8896.42 1.07
554045.06 8896.42 1.07
554045.06 8896.42 1.07
554045.06 8896.42 1.07
554045.06 8896.42 1.07
554045.06 8896.42 1.07
554045.06 8896.42 1.07
554045.06 8896.42 1.07
554045.06 8896.42 1.07
554045.06 8896.42 1.07
554045.06 8896.42 1.07
554045.06 8896.42 1.07
554045.06 8896.42 1.07
554045.06 8896.42 1.07
554045.06 8896.42 1.07
554045.06 8896.42 1.07
554045.06 8896.42 1.07
554045.06 8896.42 1.07
554045.06 8896.42 1.07
554045.06 8896.42 1.07
554045.06 8896.42 1.07
554045.06 8896.42 1.07
554045.06 8896.42 1.07
554045.06 8896.42 1.07
554045.06 8896.42 1.07
554045.06 8896.42 1.07
554045.06 8896.42 1.07
543722.25 8826.42 1.10
543722.25 8826.42 1.10
543722.25 8826.42 1.10
543722.25 8826.42 1.10
543722.25 8826.42 1.10
543722.25 8826.42 1.10
543722.25 8826.42 1.10
543722.25 8826.42 1.10
543722.25 8826.42 1.10
543722.25 8826.42 1.10
543722.25 8826.42 1.10
543722.25 8826.42 1.10
543722.25 8826.42 1.10
543722.25 8826.42 1.10
543722.25 8826.42 1.10
543722.25 8826.42 1.10
543722.25 8826.42 1.10
543722.25 8826.42 1.10
543722.25 8826.42 1.10
543722.25 8826.42 1.10
543722.25 8826.42 1.10
543722.25 8826.42 1.10
543722.25 8826.42 1.10
543722.25 8826.42 1.10
543722.25 8826.42 1.10
543722.25 8826.42 1.10
543722.25 8826.42 1.10
543722.25 8826.42 1.10
543722.25 8826.42 1.10
543722.25 8826.42 1.10
543722.25 8826.42 1.10
543722.25 8826.42 1.10
543722.25 8826.42 1.10
543722.25 8826.42 1.10
543722.25 8826.42 1.10
543722.25 8826.42 1.10
543722.25 8826.42 1.10
695054.69 10732.51 1.05
695054.69 10732.51 1.05
612800.44 9839.47 1.07
605088.56 9749.47 1.09
605088.56 9749.47 1.09
593498.88 9774.47 1.09
593498.88 9774.47 1.09
593498.88 9774.47 1.09
593498.88 9774.47 1.09
593498.88 9774.47 1.09
593498.88 9774.47 1.09
593498.88 9774.47 1.09
593498.88 9774.47 1.09
593498.88 9774.47 1.09
584457.19 9671.88 1.11
587098.69 9641.88 1.11
569278.50 9601.88 1.13
569278.50 9601.88 1.13
569278.50 9601.88 1.13
569278.50 9601.88 1.13
569278.50 9601.88 1.13
569278.50 9601.88 1.13
569278.50 9601.88 1.13
569278.50 9601.88 1.13
569278.50 9601.88 1.13
569278.50 9601.88 1.13
569278.50 9601.88 1.13
569278.50 9601.88 1.13
569278.50 9601.88 1.13
569278.50 9601.88 1.13
569278.50 9601.88 1.13
569278.50 9601.88 1.13
569278.50 9601.88 1.13
569278.50 9601.88 1.13
569278.50 9601.88 1.13
569278.50 9601.88 1.13
569278.50 9601.88 1.13
569278.50 9601.88 1.13
569278.50 9601.88 1.13
569278.50 9601.88 1.13
571531.94 9521.88 1.13
569278.50 9601.88 1.13
569278.50 9601.88 1.13
569278.50 9601.88 1.13
569278.50 9601.88 1.13
569278.50 9601.88 1.13
569278.50 9601.88 1.13
569278.50 9601.88 1.13
569278.50 9601.88 1.13
571531.94 9521.88 1.13
569278.50 9601.88 1.13
571531.94 9521.88 1.13
571531.94 9521.88 1.13
571531.94 9521.88 1.13
571531.94 9521.88 1.13
571531.94 9521.88 1.13
571531.94 9521.88 1.13
571531.94 9521.88 1.13
571531.94 9521.88 1.13
571531.94 9521.88 1.13
569278.50 9601.88 1.13
569278.50 9601.88 1.13
569278.50 9601.88 1.13
569278.50 9601.88 1.13
569278.50 9601.88 1.13
569278.50 9601.88 1.13
569278.50 9601.88 1.13
569278.50 9601.88 1.13
569278.50 9601.88 1.13
569278.50 9601.88 1.13
571531.94 9521.88 1.13
569278.50 9601.88 1.13
569278.50 9601.88 1.13
569278.50 9601.88 1.13
569278.50 9601.88 1.13
569278.50 9601.88 1.13
569278.50 9601.88 1.13
569278.50 9601.88 1.13
569278.50 9601.88 1.13
569278.50 9601.88 1.13
807236.56 12318.06 1.01
710919.81 11983.48 1.06
671652.69 11317.02 1.07
671652.69 11317.02 1.07
671652.69 11317.02 1.07
671652.69 11317.02 1.07
671652.69 11317.02 1.07
671652.69 11317.02 1.07
671652.69 11317.02 1.07
671652.69 11317.02 1.07
671652.69 11317.02 1.07
671652.69 11317.02 1.07
671652.69 11317.02 1.07
671652.69 11317.02 1.07
671652.69 11317.02 1.07
671652.69 11317.02 1.07
671652.69 11317.02 1.07
671652.69 11317.02 1.07
671652.69 11317.02 1.07
671652.69 11317.02 1.07
671652.69 11317.02 1.07
671652.69 11317.02 1.07
671652.69 11317.02 1.07
671652.69 11317.02 1.07
671652.69 11317.02 1.07
671652.69 11317.02 1.07
671652.69 11317.02 1.07
671652.69 11317.02 1.07
671652.69 11317.02 1.07
671652.69 11317.02 1.07
671652.69 11317.02 1.07
671652.69 11317.02 1.07
671652.69 11317.02 1.07
671652.69 11317.02 1.07
671652.69 11317.02 1.07
671652.69 11317.02 1.07
671652.69 11317.02 1.07
673107.31 11312.02 1.07
671652.69 11317.02 1.07
671652.69 11317.02 1.07
671652.69 11317.02 1.07
671652.69 11317.02 1.07
671652.69 11317.02 1.07
671652.69 11317.02 1.07
671652.69 11317.02 1.07
671652.69 11317.02 1.07
671652.69 11317.02 1.07
671652.69 11317.02 1.07
671652.69 11317.02 1.07
671652.69 11317.02 1.07
671652.69 11317.02 1.07
670139.12 11272.02 1.08
670139.12 11272.02 1.08
670139.12 11272.02 1.08
670139.12 11272.02 1.08
670139.12 11272.02 1.08
670139.12 11272.02 1.08
670139.12 11272.02 1.08
670139.12 11272.02 1.08
670139.12 11272.02 1.08
670139.12 11272.02 1.08
670139.12 11272.02 1.08
670139.12 11272.02 1.08
670139.12 11272.02 1.08
670139.12 11272.02 1.08
670139.12 11272.02 1.08
670139.12 11272.02 1.08
670139.12 11272.02 1.08
670139.12 11272.02 1.08
670139.12 11272.02 1.08
670139.12 11272.02 1.08
670139.12 11272.02 1.08
670139.12 11272.02 1.08
666039.62 11437.40 1.08
666039.62 11437.40 1.08
666039.62 11437.40 1.08
666039.62 11437.40 1.08
666039.62 11437.40 1.08
666039.62 11437.40 1.08
666039.62 11437.40 1.08
619853.69 10452.15 0.81
619853.69 10452.15 0.81
627498.19 10247.15 0.81
627611.12 9947.11 0.81
626853.81 10229.97 0.85
617158.06 9974.92 0.86
617158.06 9974.92 0.86
624083.56 9643.35 0.87
615386.06 9688.35 0.87
614548.25 9671.17 0.90
624568.00 9626.17 0.90
614548.25 9671.17 0.90
614548.25 9671.17 0.90
614548.25 9671.17 0.90
614548.25 9671.17 0.90
614548.25 9671.17 0.90
614548.25 9671.17 0.90
614548.25 9671.17 0.90
614548.25 9671.17 0.90
614548.25 9671.17 0.90
614548.25 9671.17 0.90
614548.25 9671.17 0.90
614548.25 9671.17 0.90
614548.25 9671.17 0.90
614548.25 9671.17 0.90
614548.25 9671.17 0.90
585421.06 9710.18 0.92
585421.06 9710.18 0.92
585421.06 9710.18 0.92
585421.06 9710.18 0.92
585421.06 9710.18 0.92
585421.06 9710.18 0.92
585421.06 9710.18 0.92
585421.06 9710.18 0.92
585421.06 9710.18 0.92
585421.06 9710.18 0.92
585421.06 9710.18 0.92
585421.06 9710.18 0.92
585421.06 9710.18 0.92
585421.06 9710.18 0.92
585421.06 9710.18 0.92
585421.06 9710.18 0.92
585421.06 9710.18 0.92
585421.06 9710.18 0.92
585421.06 9710.18 0.92
585421.06 9710.18 0.92
585421.06 9710.18 0.92
585421.06 9710.18 0.92
585421.06 9710.18 0.92
585421.06 9710.18 0.92
585421.06 9710.18 0.92
585421.06 9710.18 0.92
585421.06 9710.18 0.92
585421.06 9710.18 0.92
585421.06 9710.18 0.92
585421.06 9710.18 0.92
585421.06 9710.18 0.92
585421.06 9710.18 0.92
585421.06 9710.18 0.92
585421.06 9710.18 0.92
585421.06 9710.18 0.92
585421.06 9710.18 0.92
585421.06 9710.18 0.92
585421.06 9710.18 0.92
585421.06 9710.18 0.92
585421.06 9710.18 0.92
585421.06 9710.18 0.92
585421.06 9710.18 0.92
585421.06 9710.18 0.92
585421.06 9710.18 0.92
585421.06 9710.18 0.92
585421.06 9710.18 0.92
585421.06 9710.18 0.92
585421.06 9710.18 0.92
585421.06 9710.18 0.92
585421.06 9710.18 0.92
585421.06 9710.18 0.92
585421.06 9710.18 0.92
585421.06 9710.18 0.92
585173.25 9710.18 0.92
661384.50 10411.65 0.87
661384.50 10411.65 0.87
661384.50 10411.65 0.87
630546.69 10044.62 0.88
630546.69 10044.62 0.88
630546.69 10044.62 0.88
630546.69 10044.62 0.88
630546.69 10044.62 0.88
630546.69 10044.62 0.88
630546.69 10044.62 0.88
630546.69 10044.62 0.88
630546.69 10044.62 0.88
630546.69 10044.62 0.88
630546.69 10044.62 0.88
626100.25 10133.92 1.06
626100.25 10133.92 1.06
626100.25 10133.92 1.06
626100.25 10133.92 1.06
626100.25 10133.92 1.06
626100.25 10133.92 1.06
626100.25 10133.92 1.06
626100.25 10133.92 1.06
626100.25 10133.92 1.06
626100.25 10133.92 1.06
626100.25 10133.92 1.06
626100.25 10133.92 1.06
626100.25 10133.92 1.06
626100.25 10133.92 1.06
626100.25 10133.92 1.06
626100.25 10133.92 1.06
626100.25 10133.92 1.06
624559.81 10754.23 1.50
622816.12 10701.57 1.60
616499.19 10821.37 1.67
616485.12 10798.54 1.68
616485.12 10798.54 1.68
616485.12 10798.54 1.68
616485.12 10798.54 1.68
606941.25 10793.31 1.82
601963.19 10882.62 2.00
551718.19 10275.34 2.39
546514.81 10279.74 3.12
626445.88 9804.90 4.94
640749.75 9790.27 4.96
626100.25 10114.96 5.08
626100.25 10114.96 5.08
622821.94 10003.71 0.98
622354.94 10088.71 0.98
622821.94 10003.71 0.98
622821.94 10003.71 0.98
622821.94 10003.71 0.98
622821.94 10003.71 0.98
622821.94 10003.71 0.98
622821.94 10003.71 0.98
622821.94 10003.71 0.98
622821.94 10003.71 0.98
622354.94 10088.71 0.98
622821.94 10003.71 0.98
622821.94 10003.71 0.98
622821.94 10003.71 0.98
622821.94 10003.71 0.98
622821.94 10003.71 0.98
622821.94 10003.71 0.98
622821.94 10003.71 0.98
622821.94 10003.71 0.98
622821.94 10003.71 0.98
622354.94 10088.71 0.98
622354.94 10088.71 0.98
622354.94 10088.71 0.98
622354.94 10088.71 0.98
622354.94 10088.71 0.98
622354.94 10088.71 0.98
622354.94 10088.71 0.98
622354.94 10088.71 0.98
622354.94 10088.71 0.98
622354.94 10088.71 0.98
622821.94 10003.71 0.98
622354.94 10088.71 0.98
622354.94 10088.71 0.98
622354.94 10088.71 0.98
622354.94 10088.71 0.98
622354.94 10088.71 0.98
622354.94 10088.71 0.98
622354.94 10088.71 0.98
622354.94 10088.71 0.98
622354.94 10088.71 0.98
622821.94 10003.71 0.98
630003.25 9973.71 0.98
622821.94 10003.71 0.98
622821.94 10003.71 0.98
622821.94 10003.71 0.98
622821.94 10003.71 0.98
622821.94 10003.71 0.98
622821.94 10003.71 0.98
622821.94 10003.71 0.98
622821.94 10003.71 0.98
622821.94 10003.71 0.98
622821.94 10003.71 0.98
622821.94 10003.71 0.98
622821.94 10003.71 0.98
630003.25 9973.71 0.98
630003.25 9973.71 0.98
630003.25 9973.71 0.98
630003.25 9973.71 0.98
630003.25 9973.71 0.98
630003.25 9973.71 0.98
622821.94 10003.71 0.98
622821.94 10003.71 0.98
622821.94 10003.71 0.98
622821.94 10003.71 0.98
622821.94 10003.71 0.98
622821.94 10003.71 0.98
622821.94 10003.71 0.98
622821.94 10003.71 0.98
622821.94 10003.71 0.98
622821.94 10003.71 0.98
622821.94 10003.71 0.98
622821.94 10003.71 0.98
622821.94 10003.71 0.98
622821.94 10003.71 0.98
622821.94 10003.71 0.98
622821.94 10003.71 0.98
622821.94 10003.71 0.98
622821.94 10003.71 0.98
622821.94 10003.71 0.98
610870.19 9988.71 1.00
584029.56 9157.60 0.88
584029.56 9157.60 0.88
584029.56 9157.60 0.88
584029.56 9157.60 0.88
584029.56 9157.60 0.88
584029.56 9157.60 0.88
584029.56 9157.60 0.88
584029.56 9157.60 0.88
584029.56 9157.60 0.88
584029.56 9157.60 0.88
584029.56 9157.60 0.88
584029.56 9157.60 0.88
584029.56 9157.60 0.88
584029.56 9157.60 0.88
584029.56 9157.60 0.88
584029.56 9157.60 0.88
584029.56 9157.60 0.88
584029.56 9157.60 0.88
584029.56 9157.60 0.88
584029.56 9157.60 0.88
576088.69 9177.60 0.88
576088.69 9177.60 0.88
576088.69 9177.60 0.88
576088.69 9177.60 0.88
576088.69 9177.60 0.88
576088.69 9177.60 0.88
576088.69 9177.60 0.88
576088.69 9177.60 0.88
576088.69 9177.60 0.88
576088.69 9177.60 0.88
584029.56 9157.60 0.88
576088.69 9177.60 0.88
576088.69 9177.60 0.88
576088.69 9177.60 0.88
584029.56 9157.60 0.88
584029.56 9157.60 0.88
584029.56 9157.60 0.88
584029.56 9157.60 0.88
584029.56 9157.60 0.88
584029.56 9157.60 0.88
584029.56 9157.60 0.88
584029.56 9157.60 0.88
584029.56 9157.60 0.88
584029.56 9157.60 0.88
584029.56 9157.60 0.88
584029.56 9157.60 0.88
584029.56 9157.60 0.88
584029.56 9157.60 0.88
584029.56 9157.60 0.88
584029.56 9157.60 0.88
584029.56 9157.60 0.88
584029.56 9157.60 0.88
584029.56 9157.60 0.88
584029.56 9157.60 0.88
584029.56 9157.60 0.88
584029.56 9157.60 0.88
584029.56 9157.60 0.88
584029.56 9157.60 0.88
584029.56 9157.60 0.88
584029.56 9157.60 0.88
584029.56 9157.60 0.88
584029.56 9157.60 0.88
584029.56 9157.60 0.88
584029.56 9157.60 0.88
584029.56 9157.60 0.88
584029.56 9157.60 0.88
584029.56 9157.60 0.88
584029.56 9157.60 0.88
584029.56 9157.60 0.88
584029.56 9157.60 0.88
584029.56 9157.60 0.88
584029.56 9157.60 0.88
584029.56 9157.60 0.88
584029.56 9157.60 0.88
584029.56 9157.60 0.88
584029.56 9157.60 0.88
584029.56 9157.60 0.88
584029.56 9157.60 0.88
584029.56 9157.60 0.88
584029.56 9157.60 0.88
701215.44 10534.37 0.69
704012.44 10480.30 0.69
666326.25 10150.30 0.79
657085.50 10175.77 0.84
643502.38 10085.77 0.94
643502.38 10085.77 0.94
643502.38 10085.77 0.94
643502.38 10085.77 0.94
643502.38 10085.77 0.94
643502.38 10085.77 0.94
643502.38 10085.77 0.94
643502.38 10085.77 0.94
665650.62 9965.77 0.94
643502.38 10085.77 0.94
643502.38 10085.77 0.94
643502.38 10085.77 0.94
643502.38 10085.77 0.94
643502.38 10085.77 0.94
643502.38 10085.77 0.94
643502.38 10085.77 0.94
643502.38 10085.77 0.94
643502.38 10085.77 0.94
643502.38 10085.77 0.94
643502.38 10085.77 0.94
643502.38 10085.77 0.94
643502.38 10085.77 0.94
643502.38 10085.77 0.94
643502.38 10085.77 0.94
643502.38 10085.77 0.94
643502.38 10085.77 0.94
643502.38 10085.77 0.94
637063.62 10099.27 0.94
637063.62 10099.27 0.94
643502.38 10085.77 0.94
643502.38 10085.77 0.94
643502.38 10085.77 0.94
643502.38 10085.77 0.94
643502.38 10085.77 0.94
643502.38 10085.77 0.94
643502.38 10085.77 0.94
643502.38 10085.77 0.94
643502.38 10085.77 0.94
643502.38 10085.77 0.94
643502.38 10085.77 0.94
643502.38 10085.77 0.94
643502.38 10085.77 0.94
643502.38 10085.77 0.94
643502.38 10085.77 0.94
643502.38 10085.77 0.94
665650.62 9965.77 0.94
643502.38 10085.77 0.94
643502.38 10085.77 0.94
643502.38 10085.77 0.94
643502.38 10085.77 0.94
643502.38 10085.77 0.94
643502.38 10085.77 0.94
643502.38 10085.77 0.94
643502.38 10085.77 0.94
643502.38 10085.77 0.94
643502.38 10085.77 0.94
643502.38 10085.77 0.94
643502.38 10085.77 0.94
643502.38 10085.77 0.94
643502.38 10085.77 0.94
643502.38 10085.77 0.94
643502.38 10085.77 0.94
635284.44 10228.06 1.00
635284.44 10228.06 1.00
635284.44 10228.06 1.00
635284.44 10228.06 1.00
635284.44 10228.06 1.00
635284.44 10228.06 1.00
635284.44 10228.06 1.00
635284.44 10228.06 1.00
635284.44 10228.06 1.00
635284.44 10228.06 1.00
635284.44 10228.06 1.00
635284.44 10228.06 1.00
635284.44 10228.06 1.00
633627.00 10251.79 1.11
725398.44 11408.06 1.01
725398.44 11408.06 1.01
725398.44 11408.06 1.01
725398.44 11408.06 1.01
725398.44 11408.06 1.01
725398.44 11408.06 1.01
725398.44 11408.06 1.01
725398.44 11408.06 1.01
725398.44 11408.06 1.01
725398.44 11408.06 1.01
725398.44 11408.06 1.01
725398.44 11408.06 1.01
725398.44 11408.06 1.01
725398.44 11408.06 1.01
725398.44 11408.06 1.01
725398.44 11408.06 1.01
725398.44 11408.06 1.01
725398.44 11408.06 1.01
725398.44 11408.06 1.01
725398.44 11408.06 1.01
725398.44 11408.06 1.01
725398.44 11408.06 1.01
725398.44 11408.06 1.01
725398.44 11408.06 1.01
725398.44 11408.06 1.01
725398.44 11408.06 1.01
725398.44 11408.06 1.01
725398.44 11408.06 1.01
725398.44 11408.06 1.01
725398.44 11408.06 1.01
725398.44 11408.06 1.01
725398.44 11408.06 1.01
725398.44 11408.06 1.01
725398.44 11408.06 1.01
725398.44 11408.06 1.01
725398.44 11408.06 1.01
725398.44 11408.06 1.01
725398.44 11408.06 1.01
725398.44 11408.06 1.01
725398.44 11408.06 1.01
726932.06 11343.06 1.01
726932.06 11343.06 1.01
726932.06 11343.06 1.01
726932.06 11343.06 1.01
726932.06 11343.06 1.01
726932.06 11343.06 1.01
726932.06 11343.06 1.01
726932.06 11343.06 1.01
726932.06 11343.06 1.01
726932.06 11343.06 1.01
726932.06 11343.06 1.01
726932.06 11343.06 1.01
726932.06 11343.06 1.01
726932.06 11343.06 1.01
726932.06 11343.06 1.01
726932.06 11343.06 1.01
726932.06 11343.06 1.01
726932.06 11343.06 1.01
726932.06 11343.06 1.01
726932.06 11343.06 1.01
726932.06 11343.06 1.01
725398.44 11408.06 1.01
725398.44 11408.06 1.01
725398.44 11408.06 1.01
726932.06 11343.06 1.01
726932.06 11343.06 1.01
726932.06 11343.06 1.01
726932.06 11343.06 1.01
726932.06 11343.06 1.01
726932.06 11343.06 1.01
726932.06 11343.06 1.01
726932.06 11343.06 1.01
726932.06 11343.06 1.01
726932.06 11343.06 1.01
726932.06 11343.06 1.01
726932.06 11343.06 1.01
726932.06 11343.06 1.01
726932.06 11343.06 1.01
726932.06 11343.06 1.01
726932.06 11343.06 1.01
661951.75 11399.54 0.95
661951.75 11399.54 0.95
661951.75 11399.54 0.95
661951.75 11399.54 0.95
661951.75 11399.54 0.95
661951.75 11399.54 0.95
661951.75 11399.54 0.95
661951.75 11399.54 0.95
661951.75 11399.54 0.95
661951.75 11399.54 0.95
661951.75 11399.54 0.95
661951.75 11399.54 0.95
661951.75 11399.54 0.95
661951.75 11399.54 0.95
661951.75 11399.54 0.95
661951.75 11399.54 0.95
668048.69 11249.54 0.95
668048.69 11249.54 0.95
668048.69 11249.54 0.95
668048.69 11249.54 0.95
668048.69 11249.54 0.95
653823.25 11314.37 0.97
642527.69 11585.84 1.15
644847.75 11328.12 1.20
644847.75 11328.12 1.20
644847.75 11328.12 1.20
644847.75 11328.12 1.20
644847.75 11328.12 1.20
644847.75 11328.12 1.20
644847.75 11328.12 1.20
644847.75 11328.12 1.20
644847.75 11328.12 1.20
644847.75 11328.12 1.20
644847.75 11328.12 1.20
644847.75 11328.12 1.20
644847.75 11328.12 1.20
644847.75 11328.12 1.20
644847.75 11328.12 1.20
644847.75 11328.12 1.20
644847.75 11328.12 1.20
644847.75 11328.12 1.20
644847.75 11328.12 1.20
644847.75 11328.12 1.20
644847.75 11328.12 1.20
644847.75 11328.12 1.20
644847.75 11328.12 1.20
644847.75 11328.12 1.20
644847.75 11328.12 1.20
644847.75 11328.12 1.20
644847.75 11328.12 1.20
644847.75 11328.12 1.20
644847.75 11328.12 1.20
644847.75 11328.12 1.20
644847.75 11328.12 1.20
644847.75 11328.12 1.20
644847.75 11328.12 1.20
644847.75 11328.12 1.20
644847.75 11328.12 1.20
644847.75 11328.12 1.20
644847.75 11328.12 1.20
644847.75 11328.12 1.20
644847.75 11328.12 1.20
644847.75 11328.12 1.20
644847.75 11328.12 1.20
644847.75 11328.12 1.20
638503.56 11478.12 1.21
638503.56 11478.12 1.21
638503.56 11478.12 1.21
638503.56 11478.12 1.21
638503.56 11478.12 1.21
638503.56 11478.12 1.21
638503.56 11478.12 1.21
638503.56 11478.12 1.21
638503.56 11478.12 1.21
638503.56 11478.12 1.21
638503.56 11478.12 1.21
638503.56 11478.12 1.21
638503.56 11478.12 1.21
638503.56 11478.12 1.21
638503.56 11478.12 1.21
611393.75 10509.08 0.84
611393.75 10509.08 0.84
611393.75 10509.08 0.84
611393.75 10509.08 0.84
611393.75 10509.08 0.84
611393.75 10509.08 0.84
611393.75 10509.08 0.84
611393.75 10509.08 0.84
611393.75 10509.08 0.84
611393.75 10509.08 0.84
611393.75 10509.08 0.84
611393.75 10509.08 0.84
611393.75 10509.08 0.84
611823.62 10409.08 0.84
611823.62 10409.08 0.84
611823.62 10409.08 0.84
611823.62 10409.08 0.84
618593.44 10402.68 0.84
621410.69 10348.62 0.84
621410.69 10348.62 0.84
611393.75 10509.08 0.84
611393.75 10509.08 0.84
611393.75 10509.08 0.84
611393.75 10509.08 0.84
611393.75 10509.08 0.84
611393.75 10509.08 0.84
611393.75 10509.08 0.84
611393.75 10509.08 0.84
611393.75 10509.08 0.84
611393.75 10509.08 0.84
621410.69 10348.62 0.84
611393.75 10509.08 0.84
611393.75 10509.08 0.84
611393.75 10509.08 0.84
611393.75 10509.08 0.84
611393.75 10509.08 0.84
611393.75 10509.08 0.84
611393.75 10509.08 0.84
611393.75 10509.08 0.84
611393.75 10509.08 0.84
621410.69 10348.62 0.84
624671.00 10226.25 0.86
615008.38 10286.72 0.86
615008.38 10286.72 0.86
614603.00 10276.25 0.90
614650.50 10276.25 0.90
614603.00 10276.25 0.90
614603.00 10276.25 0.90
614603.00 10276.25 0.90
614603.00 10276.25 0.90
614603.00 10276.25 0.90
614603.00 10276.25 0.90
614603.00 10276.25 0.90
614603.00 10276.25 0.90
614603.00 10276.25 0.90
614603.00 10276.25 0.90
614603.00 10276.25 0.90
614603.00 10276.25 0.90
614603.00 10276.25 0.90
614603.00 10276.25 0.90
614603.00 10276.25 0.90
614650.50 10276.25 0.90
605220.75 10336.72 0.90
605220.75 10336.72 0.90
605220.75 10336.72 0.90
605220.75 10336.72 0.90
605220.75 10336.72 0.90
605220.75 10336.72 0.90
605220.75 10336.72 0.90
605220.75 10336.72 0.90
605220.75 10336.72 0.90
614603.00 10276.25 0.90
605220.75 10336.72 0.90
605220.75 10336.72 0.90
605220.75 10336.72 0.90
605220.75 10336.72 0.90
605220.75 10336.72 0.90
605268.19 10336.72 0.90
605268.19 10336.72 0.90
614603.00 10276.25 0.90