664800.38 11266.33 0.71
663309.38 11257.84 0.72
663309.38 11257.84 0.72
663309.38 11257.84 0.72
663309.38 11257.84 0.72
663309.38 11257.84 0.72
663309.38 11257.84 0.72
663309.38 11257.84 0.72
663309.38 11257.84 0.72
663309.38 11257.84 0.72
663309.38 11257.84 0.72
663309.38 11257.84 0.72
663309.38 11257.84 0.72
663309.38 11257.84 0.72
663309.38 11257.84 0.72
663309.38 11257.84 0.72
663309.38 11257.84 0.72
663309.38 11257.84 0.72
663309.38 11257.84 0.72
663309.38 11257.84 0.72
663309.38 11257.84 0.72
663309.38 11257.84 0.72
663309.38 11257.84 0.72
646402.56 11053.24 0.94
644114.44 11269.69 1.00
644114.44 11269.69 1.00
638179.69 11425.76 1.42
634191.69 11653.72 1.48
634191.69 11653.72 1.48
618753.75 11087.30 2.67
618753.75 11087.30 2.67
618753.75 11087.30 2.67
618753.75 11087.30 2.67
625433.81 10684.37 2.74
631198.06 10640.74 2.74
650427.88 10617.38 2.74
650427.88 10617.38 2.74
664800.38 11266.33 0.71
634191.69 11653.72 1.48
631198.06 10640.74 2.74
631198.06 10640.74 2.74
650427.88 10617.38 2.74
646402.56 11053.24 0.94
663309.38 11257.84 0.72
642419.12 11281.20 1.01
647960.75 10577.38 2.76
617779.56 11056.88 2.68
647960.75 10577.38 2.76
650427.88 10617.38 2.74
631991.44 10019.55 3.12
645374.06 10997.03 2.67
665632.44 11029.88 0.65
650427.88 10617.38 2.74
663309.38 11257.84 0.72
642419.12 11281.20 1.01
613482.75 10047.91 2.97
625433.81 10684.37 2.74
663309.38 11257.84 0.72
665632.44 11029.88 0.65
634191.69 11653.72 1.48
631198.06 10640.74 2.74
627070.44 10600.74 2.76
644878.62 10019.17 3.18
631198.06 10640.74 2.74
625468.69 10672.86 2.74
621075.75 10973.25 2.70
623542.94 11013.25 2.68
605941.50 10415.42 3.09
662020.19 10782.73 0.62
662020.19 10782.73 0.62
639204.62 10502.73 0.71
639204.62 10502.73 0.71
639204.62 10502.73 0.71
639204.62 10502.73 0.71
639204.62 10502.73 0.71
639204.62 10502.73 0.71
639204.62 10502.73 0.71
639204.62 10502.73 0.71
639204.62 10502.73 0.71
639204.62 10502.73 0.71
639204.62 10502.73 0.71
639204.62 10502.73 0.71
637238.81 10717.73 0.71
637238.81 10717.73 0.71
639204.62 10502.73 0.71
639204.62 10502.73 0.71
639204.62 10502.73 0.71
639204.62 10502.73 0.71
639204.62 10502.73 0.71
622296.00 10327.73 0.74
622296.00 10327.73 0.74
622296.00 10327.73 0.74
622296.00 10327.73 0.74
622296.00 10327.73 0.74
622296.00 10327.73 0.74
622296.00 10327.73 0.74
622296.00 10327.73 0.74
622296.00 10327.73 0.74
622296.00 10327.73 0.74
622296.00 10327.73 0.74
622296.00 10327.73 0.74
622296.00 10327.73 0.74
622296.00 10327.73 0.74
622296.00 10327.73 0.74
622296.00 10327.73 0.74
622296.00 10327.73 0.74
622296.00 10327.73 0.74
622296.00 10327.73 0.74
622296.00 10327.73 0.74
620330.19 10542.73 0.74
620330.19 10542.73 0.74
622296.00 10327.73 0.74
622296.00 10327.73 0.74
622296.00 10327.73 0.74
622296.00 10327.73 0.74
622296.00 10327.73 0.74
622296.00 10327.73 0.74
622296.00 10327.73 0.74
622296.00 10327.73 0.74
622296.00 10327.73 0.74
622296.00 10327.73 0.74
622296.00 10327.73 0.74
622296.00 10327.73 0.74
622296.00 10327.73 0.74
622296.00 10327.73 0.74
622296.00 10327.73 0.74
622296.00 10327.73 0.74
622296.00 10327.73 0.74
622296.00 10327.73 0.74
622296.00 10327.73 0.74
622296.00 10327.73 0.74
622296.00 10327.73 0.74
622296.00 10327.73 0.74
622296.00 10327.73 0.74
622296.00 10327.73 0.74
622296.00 10327.73 0.74
622296.00 10327.73 0.74
622296.00 10327.73 0.74
622296.00 10327.73 0.74
622296.00 10327.73 0.74
622296.00 10327.73 0.74
622296.00 10327.73 0.74
622296.00 10327.73 0.74
622296.00 10327.73 0.74
622296.00 10327.73 0.74
622296.00 10327.73 0.74
622296.00 10327.73 0.74
622296.00 10327.73 0.74
719445.06 12039.10 0.65
716862.38 11992.03 0.68
731429.94 11814.00 0.78
722469.62 11772.04 0.83
722469.62 11772.04 0.83
722469.62 11772.04 0.83
722469.62 11772.04 0.83
692283.44 11897.69 1.56
581150.00 9892.04 1.64
581150.00 9892.04 1.64
581150.00 9892.04 1.64
588943.00 9580.63 1.64
581150.00 9892.04 1.64
581150.00 9892.04 1.64
581150.00 9892.04 1.64
581150.00 9892.04 1.64
581150.00 9892.04 1.64
581150.00 9892.04 1.64
581150.00 9892.04 1.64
581150.00 9892.04 1.64
581150.00 9892.04 1.64
581150.00 9892.04 1.64
581150.00 9892.04 1.64
581150.00 9892.04 1.64
581150.00 9892.04 1.64
581150.00 9892.04 1.64
581150.00 9892.04 1.64
581150.00 9892.04 1.64
576474.88 9802.04 1.65
576474.88 9802.04 1.65
576474.88 9802.04 1.65
576474.88 9802.04 1.65
576474.88 9802.04 1.65
576474.88 9802.04 1.65
576474.88 9802.04 1.65
576474.88 9802.04 1.65
576474.88 9802.04 1.65
576474.88 9802.04 1.65
576474.88 9802.04 1.65
576474.88 9802.04 1.65
576474.88 9802.04 1.65
576474.88 9802.04 1.65
576474.88 9802.04 1.65
588632.44 9540.63 1.65
588632.44 9540.63 1.65
588632.44 9540.63 1.65
588632.44 9540.63 1.65
588632.44 9540.63 1.65
588632.44 9540.63 1.65
588632.44 9540.63 1.65
588632.44 9540.63 1.65
588632.44 9540.63 1.65
588632.44 9540.63 1.65
588632.44 9540.63 1.65
576474.88 9802.04 1.65
588632.44 9540.63 1.65
588632.44 9540.63 1.65
588632.44 9540.63 1.65
588632.44 9540.63 1.65
588632.44 9540.63 1.65
588632.44 9540.63 1.65
588632.44 9540.63 1.65
588632.44 9540.63 1.65
608556.06 9534.09 1.65
576474.88 9802.04 1.65
576474.88 9802.04 1.65
576474.88 9802.04 1.65
576474.88 9802.04 1.65
576474.88 9802.04 1.65
576474.88 9802.04 1.65
576474.88 9802.04 1.65
576474.88 9802.04 1.65
576474.88 9802.04 1.65
576474.88 9802.04 1.65
576474.88 9802.04 1.65
576474.88 9802.04 1.65
576474.88 9802.04 1.65
576474.88 9802.04 1.65
576474.88 9802.04 1.65
576474.88 9802.04 1.65
677512.06 10935.96 0.79
638441.44 10833.61 0.80
627459.31 10862.47 0.86
627459.31 10862.47 0.86
636715.94 10823.89 0.88
610283.06 10630.60 0.94
610283.06 10630.60 0.94
609760.31 10568.21 0.96
609760.31 10568.21 0.96
609760.31 10568.21 0.96
609760.31 10568.21 0.96
607429.12 10593.95 0.98
589323.75 10442.47 1.00
588163.19 10442.47 1.00
586719.81 10617.18 1.28
585559.25 10617.18 1.28
577578.12 10314.92 1.46
577578.12 10314.92 1.46
577578.12 10314.92 1.46
577578.12 10314.92 1.46
564752.69 10602.74 1.49
567206.25 10451.84 1.49
562619.75 10614.40 1.49
564752.69 10422.49 1.74
565915.44 10232.90 1.74
565915.44 10232.90 1.74
564754.88 10232.90 1.74
564754.88 10232.90 1.74
564754.88 10232.90 1.74
564754.88 10232.90 1.74
564752.69 10422.49 1.74
564752.69 10422.49 1.74
561475.31 10783.87 1.74
560196.81 10257.26 1.79
560196.81 10257.26 1.79
567826.00 9891.53 2.03
567826.00 9891.53 2.03
567826.00 9891.53 2.03
567826.00 9891.53 2.03
567826.00 9891.53 2.03
567826.00 9891.53 2.03
579832.25 9713.61 2.03
579832.25 9713.61 2.03
579832.25 9713.61 2.03
579832.25 9713.61 2.03
579832.25 9713.61 2.03
579832.25 9713.61 2.03
579832.25 9713.61 2.03
579832.25 9713.61 2.03
579832.25 9713.61 2.03
579832.25 9713.61 2.03
567826.00 9891.53 2.03
567826.00 9891.53 2.03
567826.00 9891.53 2.03
567826.00 9891.53 2.03
567826.00 9891.53 2.03
567826.00 9891.53 2.03
567826.00 9891.53 2.03
567826.00 9891.53 2.03
567895.62 9878.17 2.08
567895.62 9878.17 2.08
567895.62 9878.17 2.08
567895.62 9878.17 2.08
567895.62 9878.17 2.08
567895.62 9878.17 2.08
567853.38 9878.17 2.08
567853.38 9878.17 2.08
567853.38 9878.17 2.08
567638.38 9935.45 2.16
571874.12 9858.52 2.26
595182.12 9075.00 2.75
595182.12 9075.00 2.75
595182.12 9075.00 2.75
595182.12 9075.00 2.75
595182.12 9075.00 2.75
567895.62 9878.17 2.08
576286.38 9653.61 2.05
567853.38 9878.17 2.08
802646.81 12147.71 1.92
733187.94 11363.23 2.02
688718.38 11234.66 2.04
694943.25 11151.86 2.04
702989.31 10978.23 2.04
683012.69 10847.34 2.23
641281.12 11063.91 2.49
641281.12 11063.91 2.49
628685.69 10838.91 2.52
628685.69 10838.91 2.52
619996.12 10668.91 2.66
630522.06 10183.70 2.67
625863.94 10338.03 2.67
625863.94 10338.03 2.67
625863.94 10338.03 2.67
621998.50 10390.51 2.70
619749.06 10398.79 2.70
606783.50 10228.79 2.73
621998.50 10390.51 2.70
714530.75 11611.20 2.02
606783.50 10228.79 2.73
619749.06 10398.79 2.70
682706.69 11383.22 2.04
1073893.25 16745.04 0.78
630522.06 10183.70 2.67
604428.38 10038.33 2.80
982251.38 15292.99 0.79
809601.38 12969.55 1.69
619749.06 10398.79 2.70
619749.06 10398.79 2.70
606783.50 10228.79 2.73
641281.12 11063.91 2.49
607937.44 10008.81 2.73
636709.94 9455.00 2.88
843524.94 13232.55 1.16
835778.62 13810.52 1.65
848128.06 13232.55 1.07
612623.38 9601.92 2.73
610931.00 9695.64 2.74
608520.94 9835.86 2.78
810901.94 12837.55 1.69
606783.50 10228.79 2.73
846377.56 13322.85 1.04
625252.56 10487.16 0.78
625252.56 10487.16 0.78
572915.12 9958.67 0.78
572915.12 9958.67 0.78
572915.12 9958.67 0.78
572915.12 9958.67 0.78
572475.19 10281.67 0.86
572475.19 10281.67 0.86
572713.88 9925.38 0.94
572713.88 9925.38 0.94
572713.88 9925.38 0.94
560022.19 9807.99 0.96
560022.19 9807.99 0.96
560022.19 9807.99 0.96
560022.19 9807.99 0.96
560022.19 9807.99 0.96
560022.19 9807.99 0.96
560022.19 9807.99 0.96
560022.19 9807.99 0.96
560022.19 9807.99 0.96
560022.19 9807.99 0.96
560022.19 9807.99 0.96
560022.19 9807.99 0.96
560022.19 9807.99 0.96
560022.19 9807.99 0.96
560022.19 9807.99 0.96
560022.19 9807.99 0.96
560022.19 9807.99 0.96
560022.19 9807.99 0.96
560022.19 9807.99 0.96
560022.19 9807.99 0.96
560022.19 9807.99 0.96
560022.19 9807.99 0.96
560022.19 9807.99 0.96
560022.19 9807.99 0.96
560022.19 9807.99 0.96
560022.19 9807.99 0.96
560022.19 9807.99 0.96
560022.19 9807.99 0.96
560022.19 9807.99 0.96
560022.19 9807.99 0.96
560022.19 9807.99 0.96
560022.19 9807.99 0.96
560022.19 9807.99 0.96
560022.19 9807.99 0.96
560022.19 9807.99 0.96
560022.19 9807.99 0.96
560022.19 9807.99 0.96
560022.19 9807.99 0.96
560022.19 9807.99 0.96
560022.19 9807.99 0.96
560022.19 9807.99 0.96
560022.19 9807.99 0.96
560022.19 9807.99 0.96
560022.19 9807.99 0.96
560022.19 9807.99 0.96
560022.19 9807.99 0.96
560022.19 9807.99 0.96
560022.19 9807.99 0.96
560022.19 9807.99 0.96
560022.19 9807.99 0.96
560022.19 9807.99 0.96
560022.19 9807.99 0.96
560022.19 9807.99 0.96
560022.19 9807.99 0.96
560022.19 9807.99 0.96
560022.19 9807.99 0.96
560022.19 9807.99 0.96
560022.19 9807.99 0.96
560022.19 9807.99 0.96
560022.19 9807.99 0.96
560022.19 9807.99 0.96
560022.19 9807.99 0.96
560022.19 9807.99 0.96
560022.19 9807.99 0.96
560022.19 9807.99 0.96
560022.19 9807.99 0.96
560022.19 9807.99 0.96
560022.19 9807.99 0.96
560022.19 9807.99 0.96
756847.62 12043.67 0.57
783418.06 12033.67 0.57
677927.56 11073.55 0.69
617263.81 10408.09 0.73
608000.75 10578.79 0.99
590152.75 10110.70 1.71
590152.75 10110.70 1.71
590152.75 10110.70 1.71
590152.75 10110.70 1.71
590152.75 10110.70 1.71
590152.75 10110.70 1.71
590152.75 10110.70 1.71
590152.75 10110.70 1.71
590152.75 10110.70 1.71
590152.75 10110.70 1.71
590152.75 10110.70 1.71
590152.75 10110.70 1.71
590152.75 10110.70 1.71
590152.75 10110.70 1.71
590152.75 10110.70 1.71
590152.75 10110.70 1.71
590152.75 10110.70 1.71
590152.75 10110.70 1.71
590152.75 10110.70 1.71
590152.75 10110.70 1.71
590152.75 10110.70 1.71
590152.75 10110.70 1.71
590152.75 10110.70 1.71
590152.75 10110.70 1.71
590152.75 10110.70 1.71
590152.75 10110.70 1.71
590152.75 10110.70 1.71
590152.75 10110.70 1.71
590152.75 10110.70 1.71
590152.75 10110.70 1.71
590152.75 10110.70 1.71
590152.75 10110.70 1.71
590152.75 10110.70 1.71
590152.75 10110.70 1.71
590152.75 10110.70 1.71
590152.75 10110.70 1.71
590152.75 10110.70 1.71
590152.75 10110.70 1.71
590152.75 10110.70 1.71
590152.75 10110.70 1.71
590152.75 10110.70 1.71
590152.75 10110.70 1.71
590152.75 10110.70 1.71
590152.75 10110.70 1.71
590152.75 10110.70 1.71
599843.31 9739.70 1.71
590152.75 10110.70 1.71
599843.31 9739.70 1.71
599843.31 9739.70 1.71
599843.31 9739.70 1.71
599843.31 9739.70 1.71
599843.31 9739.70 1.71
599843.31 9739.70 1.71
599843.31 9739.70 1.71
599843.31 9739.70 1.71
599843.31 9739.70 1.71
599843.31 9739.70 1.71
599843.31 9739.70 1.71
599843.31 9739.70 1.71
599843.31 9739.70 1.71
599843.31 9739.70 1.71
599843.31 9739.70 1.71
599843.31 9739.70 1.71
599843.31 9739.70 1.71
599843.31 9739.70 1.71
599843.31 9739.70 1.71
599843.31 9739.70 1.71
599843.31 9739.70 1.71
599843.31 9739.70 1.71
599843.31 9739.70 1.71
593168.12 9917.97 1.71
590152.75 10110.70 1.71
590152.75 10110.70 1.71
590152.75 10110.70 1.71
590152.75 10110.70 1.71
712910.88 11497.09 0.79
693376.38 11257.09 0.85
682416.31 11289.96 1.00
614009.38 9724.66 1.65
614009.38 9724.66 1.65
614009.38 9724.66 1.65
614009.38 9724.66 1.65
614009.38 9724.66 1.65
614009.38 9724.66 1.65
599045.69 9824.31 1.65
599045.69 9824.31 1.65
599045.69 9824.31 1.65
599045.69 9824.31 1.65
599045.69 9824.31 1.65
590967.88 9856.04 1.65
590967.88 9856.04 1.65
568824.25 9681.57 1.70
568824.25 9681.57 1.70
568824.25 9681.57 1.70
568824.25 9681.57 1.70
568824.25 9681.57 1.70
568824.25 9681.57 1.70
568824.25 9681.57 1.70
568824.25 9681.57 1.70
568824.25 9681.57 1.70
568824.25 9681.57 1.70
568824.25 9681.57 1.70
568824.25 9681.57 1.70
568824.25 9681.57 1.70
568824.25 9681.57 1.70
568824.25 9681.57 1.70
568824.25 9681.57 1.70
561568.69 10033.91 1.70
561568.69 10033.91 1.70
561568.69 10033.91 1.70
561568.69 10033.91 1.70
568824.25 9681.57 1.70
561568.69 10033.91 1.70
561568.69 10033.91 1.70
561568.69 10033.91 1.70
561568.69 10033.91 1.70
561568.69 10033.91 1.70
596794.81 9433.63 1.70
568824.25 9681.57 1.70
596794.81 9433.63 1.70
596794.81 9433.63 1.70
596794.81 9433.63 1.70
596794.81 9433.63 1.70
596794.81 9433.63 1.70
596794.81 9433.63 1.70
596794.81 9433.63 1.70
596794.81 9433.63 1.70
596794.81 9433.63 1.70
596794.81 9433.63 1.70
596794.81 9433.63 1.70
596794.81 9433.63 1.70
596794.81 9433.63 1.70
596794.81 9433.63 1.70
596794.81 9433.63 1.70
596794.81 9433.63 1.70
596794.81 9433.63 1.70
596794.81 9433.63 1.70
596794.81 9433.63 1.70
610066.81 9423.63 1.70
568824.25 9681.57 1.70
568824.25 9681.57 1.70
568824.25 9681.57 1.70
568824.25 9681.57 1.70
568824.25 9681.57 1.70
568824.25 9681.57 1.70
568824.25 9681.57 1.70
568824.25 9681.57 1.70
568824.25 9681.57 1.70
568824.25 9681.57 1.70
568824.25 9681.57 1.70
568824.25 9681.57 1.70
568824.25 9681.57 1.70
568824.25 9681.57 1.70
568824.25 9681.57 1.70
568824.25 9681.57 1.70
582884.50 9754.57 0.65
582884.50 9754.57 0.65
582884.50 9754.57 0.65
581349.81 10001.33 0.71
581349.81 10001.33 0.71
581298.56 10012.84 0.72
581298.56 10012.84 0.72
578078.81 10097.92 0.79
573728.75 10399.98 0.84
573728.75 10399.98 0.84
573728.75 10399.98 0.84
573728.75 10399.98 0.84
573728.75 10399.98 0.84
573728.75 10399.98 0.84
573728.75 10388.90 0.92
573728.75 10388.90 0.92
573728.75 10388.90 0.92
573728.75 10388.90 0.92
573728.75 10388.90 0.92
573728.75 10388.90 0.92
573728.75 10388.90 0.92
573728.75 10388.90 0.92
573728.75 10388.90 0.92
573728.75 10388.90 0.92
573728.75 10388.90 0.92
573728.75 10388.90 0.92
573728.75 10388.90 0.92
573728.75 10388.90 0.92
573728.75 10388.90 0.92
573728.75 10388.90 0.92
573728.75 10388.90 0.92
573728.75 10388.90 0.92
573728.75 10388.90 0.92
573728.75 10388.90 0.92
573728.75 10388.90 0.92
573728.75 10388.90 0.92
573728.75 10388.90 0.92
573728.75 10388.90 0.92
573728.75 10388.90 0.92
573728.75 10388.90 0.92
573728.75 10388.90 0.92
573728.75 10388.90 0.92
573728.75 10388.90 0.92
573728.75 10388.90 0.92
573728.75 10388.90 0.92
573728.75 10388.90 0.92
573728.75 10388.90 0.92
573728.75 10388.90 0.92
573728.75 10388.90 0.92
573728.75 10388.90 0.92
573728.75 10388.90 0.92
573728.75 10388.90 0.92
573728.75 10388.90 0.92
573622.50 10448.40 1.07
573622.50 10448.40 1.07
573622.50 10448.40 1.07
573622.50 10448.40 1.07
573622.50 10448.40 1.07
573622.50 10448.40 1.07
573622.50 10448.40 1.07
573622.50 10448.40 1.07
573622.50 10448.40 1.07
573622.50 10448.40 1.07
573622.50 10448.40 1.07
573622.50 10448.40 1.07
573622.50 10448.40 1.07
573622.50 10448.40 1.07
573622.50 10448.40 1.07
573622.50 10448.40 1.07
573622.50 10448.40 1.07
573622.50 10448.40 1.07
573622.50 10448.40 1.07
573622.50 10448.40 1.07
573672.56 10436.89 1.07
573672.56 10436.89 1.07
573672.56 10436.89 1.07
573672.56 10436.89 1.07
573672.56 10436.89 1.07
573672.56 10436.89 1.07
573672.56 10436.89 1.07
651814.25 10836.09 0.76
613923.44 10264.52 2.09
617133.94 9608.21 2.10
617133.94 9608.21 2.10
617133.94 9608.21 2.10
617133.94 9608.21 2.10
615084.44 10005.23 2.13
597912.44 9321.41 2.14
597912.44 9321.41 2.14
597912.44 9321.41 2.14
597912.44 9321.41 2.14
597912.44 9321.41 2.14
597912.44 9321.41 2.14
597912.44 9321.41 2.14
597912.44 9321.41 2.14
597912.44 9321.41 2.14
597912.44 9321.41 2.14
597912.44 9321.41 2.14
597912.44 9321.41 2.14
597912.44 9321.41 2.14
597912.44 9321.41 2.14
588979.25 9321.41 2.14
588979.25 9321.41 2.14
588979.25 9321.41 2.14
588979.25 9321.41 2.14
588979.25 9321.41 2.14
588979.25 9321.41 2.14
588979.25 9321.41 2.14
588979.25 9321.41 2.14
588979.25 9321.41 2.14
588979.25 9321.41 2.14
588979.25 9321.41 2.14
588979.25 9321.41 2.14
588979.25 9321.41 2.14
588979.25 9321.41 2.14
588979.25 9321.41 2.14
588979.25 9321.41 2.14
588979.25 9321.41 2.14
588979.25 9321.41 2.14
588979.25 9321.41 2.14
588979.25 9321.41 2.14
588979.25 9321.41 2.14
588979.25 9321.41 2.14
588979.25 9321.41 2.14
588979.25 9321.41 2.14
588979.25 9321.41 2.14
588979.25 9321.41 2.14
588979.25 9321.41 2.14
588979.25 9321.41 2.14
588979.25 9321.41 2.14
588979.25 9321.41 2.14
588979.25 9321.41 2.14
588979.25 9321.41 2.14
588979.25 9321.41 2.14
588979.25 9321.41 2.14
588979.25 9321.41 2.14
588979.25 9321.41 2.14
588979.25 9321.41 2.14
588979.25 9321.41 2.14
588979.25 9321.41 2.14
588979.25 9321.41 2.14
588979.25 9321.41 2.14
588979.25 9321.41 2.14
588979.25 9321.41 2.14
588979.25 9321.41 2.14
588979.25 9321.41 2.14
588979.25 9321.41 2.14
577710.06 9544.65 2.17
577710.06 9544.65 2.17
577710.06 9544.65 2.17
577710.06 9544.65 2.17
577710.06 9544.65 2.17
577710.06 9544.65 2.17
587261.38 9395.13 2.17
575908.19 9519.65 2.17
575908.19 9519.65 2.17
575908.19 9519.65 2.17
575908.19 9519.65 2.17
575908.19 9519.65 2.17
575908.19 9519.65 2.17
706990.88 11301.02 0.76
608782.69 10873.49 1.85
608782.69 10873.49 1.85
608782.69 10873.49 1.85
608782.69 10873.49 1.85
608782.69 10873.49 1.85
608782.69 10873.49 1.85
608782.69 10873.49 1.85
608782.69 10873.49 1.85
608782.69 10873.49 1.85
608782.69 10873.49 1.85
608782.69 10873.49 1.85
608782.69 10873.49 1.85
608782.69 10873.49 1.85
608782.69 10873.49 1.85
608782.69 10873.49 1.85
608782.69 10873.49 1.85
608782.69 10873.49 1.85
608782.69 10873.49 1.85
608782.69 10873.49 1.85
608782.69 10873.49 1.85
608782.69 10873.49 1.85
608782.69 10873.49 1.85
608782.69 10873.49 1.85
608782.69 10873.49 1.85
608782.69 10873.49 1.85
608782.69 10873.49 1.85
608782.69 10873.49 1.85
608782.69 10873.49 1.85
608782.69 10873.49 1.85
608782.69 10873.49 1.85
608782.69 10873.49 1.85
608782.69 10873.49 1.85
608782.69 10873.49 1.85
608782.69 10873.49 1.85
608782.69 10873.49 1.85
608782.69 10873.49 1.85
608782.69 10873.49 1.85
608782.69 10873.49 1.85
608782.69 10873.49 1.85
608782.69 10873.49 1.85
608782.69 10873.49 1.85
608782.69 10873.49 1.85
608782.69 10873.49 1.85
608782.69 10873.49 1.85
608782.69 10873.49 1.85
608782.69 10873.49 1.85
608782.69 10873.49 1.85
608782.69 10873.49 1.85
608782.69 10873.49 1.85
608782.69 10873.49 1.85
608782.69 10873.49 1.85
632297.31 10660.50 1.85
632237.56 10660.50 1.85
632237.56 10660.50 1.85
632237.56 10660.50 1.85
632237.56 10660.50 1.85
632237.56 10660.50 1.85
632297.31 10660.50 1.85
632297.31 10660.50 1.85
632297.31 10660.50 1.85
632297.31 10660.50 1.85
632297.31 10660.50 1.85
632297.31 10660.50 1.85
608782.69 10873.49 1.85
632297.31 10660.50 1.85
632297.31 10660.50 1.85
632297.31 10660.50 1.85
632297.31 10660.50 1.85
632297.31 10660.50 1.85
632297.31 10660.50 1.85
632297.31 10660.50 1.85
632297.31 10660.50 1.85
632297.31 10660.50 1.85
632297.31 10660.50 1.85
632297.31 10660.50 1.85
632237.56 10660.50 1.85
608782.69 10873.49 1.85
608782.69 10873.49 1.85
632237.56 10660.50 1.85
637879.69 10417.73 0.62
637879.69 10417.73 0.62
637879.69 10417.73 0.62
637879.69 10417.73 0.62
637879.69 10417.73 0.62
637879.69 10417.73 0.62
637879.69 10417.73 0.62
637879.69 10417.73 0.62
620928.00 10402.73 0.71
624203.19 10282.73 0.71
609399.31 10107.73 0.74
596494.62 10115.85 0.93
596494.62 10115.85 0.93
596494.62 10115.85 0.93
596494.62 10115.85 0.93
596494.62 10115.85 0.93
596494.62 10115.85 0.93
596494.62 10115.85 0.93
602072.00 9986.84 0.94
602072.00 9986.84 0.94
602072.00 9986.84 0.94
602072.00 9986.84 0.94
602072.00 9986.84 0.94
602072.00 9986.84 0.94
602072.00 9986.84 0.94
598796.81 10106.84 0.94
592339.44 11021.77 1.15
569892.62 11202.57 2.16
580197.38 10364.52 2.16
575879.69 10864.97 2.16
569892.62 11202.57 2.16
569892.62 11202.57 2.16
569892.62 11202.57 2.16
569892.62 11202.57 2.16
569892.62 11202.57 2.16
573002.94 11076.84 2.18
577320.12 10576.39 2.18
577320.12 10576.39 2.18
579668.31 10199.47 2.19
579668.31 10199.47 2.19
579668.31 10199.47 2.19
579668.31 10199.47 2.19
579668.31 10199.47 2.19
579668.31 10199.47 2.19
579668.31 10199.47 2.19
625023.81 9983.28 2.19
625023.81 9983.28 2.19
625023.81 9983.28 2.19
625023.81 9983.28 2.19
625023.81 9983.28 2.19
625023.81 9983.28 2.19
625023.81 9983.28 2.19
625023.81 9983.28 2.19
625023.81 9983.28 2.19
625023.81 9983.28 2.19
625023.81 9983.28 2.19
625023.81 9983.28 2.19
625023.81 9983.28 2.19
625023.81 9983.28 2.19
625023.81 9983.28 2.19
625023.81 9983.28 2.19
625023.81 9983.28 2.19
625023.81 9983.28 2.19
625023.81 9983.28 2.19
625023.81 9983.28 2.19
625023.81 9983.28 2.19
625023.81 9983.28 2.19
625023.81 9983.28 2.19
625023.81 9983.28 2.19
625023.81 9983.28 2.19
625023.81 9983.28 2.19
625023.81 9983.28 2.19
625023.81 9983.28 2.19
579668.31 10199.47 2.19
579668.31 10199.47 2.19
631433.62 9875.17 2.20
586078.06 10091.35 2.20
631433.62 9875.17 2.20
631433.62 9875.17 2.20
631433.62 9875.17 2.20
633543.44 10503.04 0.62
613455.38 10533.27 0.85
613455.38 10533.27 0.85
585046.56 9718.13 1.70
591285.62 9625.02 1.70
585046.56 9718.13 1.70
585046.56 9718.13 1.70
585046.56 9718.13 1.70
585046.56 9718.13 1.70
585046.56 9718.13 1.70
585046.56 9718.13 1.70
585046.56 9718.13 1.70
589340.75 9685.33 1.70
589340.75 9685.33 1.70
591285.62 9625.02 1.70
591285.62 9625.02 1.70
591285.62 9625.02 1.70
591285.62 9625.02 1.70
591285.62 9625.02 1.70
591285.62 9625.02 1.70
591285.62 9625.02 1.70
591285.62 9625.02 1.70
594178.38 9582.22 1.70
585046.56 9718.13 1.70
580285.88 9752.14 1.70
580285.88 9752.14 1.70
580285.88 9752.14 1.70
580285.88 9752.14 1.70
585046.56 9718.13 1.70
585046.56 9718.13 1.70
585046.56 9718.13 1.70
585046.56 9718.13 1.70
585046.56 9718.13 1.70
585046.56 9718.13 1.70
585046.56 9718.13 1.70
585046.56 9718.13 1.70
585046.56 9718.13 1.70
585046.56 9718.13 1.70
585046.56 9718.13 1.70
585046.56 9718.13 1.70
585046.56 9718.13 1.70
585046.56 9718.13 1.70
585046.56 9718.13 1.70
600099.00 9545.68 1.70
594178.38 9582.22 1.70
594178.38 9582.22 1.70
594178.38 9582.22 1.70
594178.38 9582.22 1.70
594178.38 9582.22 1.70
594178.38 9582.22 1.70
594178.38 9582.22 1.70
600099.00 9545.68 1.70
600099.00 9545.68 1.70
600099.00 9545.68 1.70
594178.38 9582.22 1.70
600099.00 9545.68 1.70
600099.00 9545.68 1.70
600099.00 9545.68 1.70
600099.00 9545.68 1.70
600099.00 9545.68 1.70
600099.00 9545.68 1.70
600099.00 9545.68 1.70
600099.00 9545.68 1.70
600099.00 9545.68 1.70
594178.38 9582.22 1.70
594178.38 9582.22 1.70
594178.38 9582.22 1.70
594178.38 9582.22 1.70
594178.38 9582.22 1.70
594178.38 9582.22 1.70
594178.38 9582.22 1.70
594178.38 9582.22 1.70
594178.38 9582.22 1.70
594178.38 9582.22 1.70
594178.38 9582.22 1.70
594178.38 9582.22 1.70
594178.38 9582.22 1.70
594178.38 9582.22 1.70
594178.38 9582.22 1.70
594178.38 9582.22 1.70
685587.88 11326.95 0.79
685587.88 11326.95 0.79
662063.25 11194.19 0.86
673803.62 11165.32 0.86
673803.62 11165.32 0.86
673803.62 11165.32 0.86
668738.88 11070.32 1.43
668738.88 11070.32 1.43
626603.12 10625.32 1.48
596656.50 10125.32 1.55
596656.50 10125.32 1.55
597334.19 10115.32 1.55
597334.19 10115.32 1.55
591143.94 10100.32 1.63
591143.94 10100.32 1.63
591143.94 10100.32 1.63
644579.94 9708.63 1.71
562305.25 9830.11 1.74
562305.25 9830.11 1.74
562305.25 9830.11 1.74
562305.25 9830.11 1.74
562305.25 9830.11 1.74
562305.25 9830.11 1.74
562305.25 9830.11 1.74
562305.25 9830.11 1.74
562305.25 9830.11 1.74
562305.25 9830.11 1.74
562305.25 9830.11 1.74
562305.25 9830.11 1.74
562305.25 9830.11 1.74
562305.25 9830.11 1.74
562305.25 9830.11 1.74
562305.25 9830.11 1.74
562305.25 9830.11 1.74
562305.25 9830.11 1.74
562305.25 9830.11 1.74
562305.25 9830.11 1.74
562305.25 9830.11 1.74
562305.25 9830.11 1.74
562305.25 9830.11 1.74
562305.25 9830.11 1.74
562305.25 9830.11 1.74
562305.25 9830.11 1.74
562305.25 9830.11 1.74
562305.25 9830.11 1.74
562305.25 9830.11 1.74
598782.81 9298.63 1.74
588904.69 9515.61 1.74
598782.81 9298.63 1.74
598782.81 9298.63 1.74
598782.81 9298.63 1.74
598782.81 9298.63 1.74
598782.81 9298.63 1.74
598782.81 9298.63 1.74
598782.81 9298.63 1.74
598782.81 9298.63 1.74
588904.69 9515.61 1.74
598782.81 9298.63 1.74
598782.81 9298.63 1.74
598782.81 9298.63 1.74
598782.81 9298.63 1.74
598782.81 9298.63 1.74
598782.81 9298.63 1.74
598782.81 9298.63 1.74
598782.81 9298.63 1.74
598782.81 9298.63 1.74
562305.25 9830.11 1.74
562305.25 9830.11 1.74
562305.25 9830.11 1.74
562305.25 9830.11 1.74
562305.25 9830.11 1.74
562305.25 9830.11 1.74
562305.25 9830.11 1.74
562305.25 9830.11 1.74
562305.25 9830.11 1.74
562305.25 9830.11 1.74
562305.25 9830.11 1.74
562305.25 9830.11 1.74
562305.25 9830.11 1.74
562305.25 9830.11 1.74
682053.88 11322.33 0.63
670041.50 11147.82 0.67
660193.38 11146.75 0.74
660193.38 11146.75 0.74
659091.81 11181.75 0.74
659091.81 11181.75 0.74
654307.12 11181.75 0.75
654307.12 11181.75 0.75
654307.12 11181.75 0.75
646836.06 11244.87 0.82
627963.69 10833.16 0.85
613086.12 11016.96 0.90
613086.12 11016.96 0.90
603639.06 10989.85 0.91
603639.06 10989.85 0.91
623322.12 10959.96 0.92
623322.12 10959.96 0.92
623322.12 10959.96 0.92
604681.88 10914.09 0.96
615479.44 10870.68 0.97
595234.81 10886.98 0.97
595234.81 10886.98 0.97
608899.50 10881.48 1.11
583675.50 11148.39 1.38
575622.25 9824.81 1.65
575622.25 9824.81 1.65
575622.25 9824.81 1.65
575622.25 9824.81 1.65
575622.25 9824.81 1.65
575622.25 9824.81 1.65
575622.25 9824.81 1.65
575622.25 9824.81 1.65
575622.25 9824.81 1.65
575622.25 9824.81 1.65
575622.25 9824.81 1.65
575622.25 9824.81 1.65
575622.25 9824.81 1.65
575622.25 9824.81 1.65
575622.25 9824.81 1.65
575622.25 9824.81 1.65
575622.25 9824.81 1.65
596384.31 9475.48 1.65
582845.25 9513.40 1.65
596384.31 9475.48 1.65
596384.31 9475.48 1.65
596384.31 9475.48 1.65
596384.31 9475.48 1.65
596384.31 9475.48 1.65
596384.31 9475.48 1.65
596384.31 9475.48 1.65
596384.31 9475.48 1.65
596384.31 9475.48 1.65
575622.25 9824.81 1.65
596384.31 9475.48 1.65
596384.31 9475.48 1.65
596384.31 9475.48 1.65
596384.31 9475.48 1.65
596384.31 9475.48 1.65
596384.31 9475.48 1.65
596384.31 9475.48 1.65
596384.31 9475.48 1.65
596384.31 9475.48 1.65
582845.25 9513.40 1.65
575622.25 9824.81 1.65
575622.25 9824.81 1.65
575622.25 9824.81 1.65
575622.25 9824.81 1.65
575622.25 9824.81 1.65
575622.25 9824.81 1.65
575622.25 9824.81 1.65
575622.25 9824.81 1.65
575622.25 9824.81 1.65
578118.31 9791.72 1.65
578118.31 9791.72 1.65
578118.31 9791.72 1.65
578118.31 9791.72 1.65
578118.31 9791.72 1.65
578118.31 9791.72 1.65
582845.25 9513.40 1.65
582845.25 9513.40 1.65