721584.38 11702.73 0.62
672543.88 11180.85 0.72
620813.56 10768.13 0.75
620813.56 10768.13 0.75
620813.56 10768.13 0.75
620813.56 10768.13 0.75
620813.56 10768.13 0.75
620813.56 10768.13 0.75
620813.56 10768.13 0.75
620813.56 10768.13 0.75
620813.56 10768.13 0.75
620813.56 10768.13 0.75
620813.56 10768.13 0.75
620813.56 10768.13 0.75
620813.56 10768.13 0.75
620813.56 10768.13 0.75
620813.56 10768.13 0.75
620813.56 10768.13 0.75
620813.56 10768.13 0.75
620813.56 10768.13 0.75
620813.56 10768.13 0.75
620813.56 10768.13 0.75
620813.56 10768.13 0.75
620813.56 10768.13 0.75
620813.56 10768.13 0.75
620813.56 10768.13 0.75
620813.56 10768.13 0.75
620813.56 10768.13 0.75
620813.56 10768.13 0.75
620813.56 10768.13 0.75
620813.56 10768.13 0.75
620813.56 10768.13 0.75
620813.56 10768.13 0.75
620813.56 10768.13 0.75
620813.56 10768.13 0.75
620813.56 10768.13 0.75
620813.56 10768.13 0.75
620813.56 10768.13 0.75
620813.56 10768.13 0.75
620813.56 10768.13 0.75
620813.56 10768.13 0.75
620813.56 10768.13 0.75
619391.38 10786.56 0.77
627577.88 10660.02 0.75
594328.12 10217.57 2.53
588873.12 10582.98 1.08
578479.88 10844.39 1.12
588873.12 10582.98 1.08
606782.44 10656.56 0.89
588873.12 10582.98 1.08
578479.88 10844.39 1.12
578479.88 10844.39 1.12
595637.38 10474.87 1.08
588873.12 10582.98 1.08
588873.12 10582.98 1.08
588873.12 10582.98 1.08
633629.81 10607.73 0.74
588873.12 10582.98 1.08
588873.12 10582.98 1.08
588873.12 10582.98 1.08
588873.12 10582.98 1.08
588873.12 10582.98 1.08
608204.69 10638.13 0.87
619391.38 10786.56 0.77
578479.88 10844.39 1.12
578479.88 10844.39 1.12
588873.12 10582.98 1.08
604162.44 9866.74 2.47
578479.88 10838.99 2.63
608204.69 10638.13 0.87
608204.69 10638.13 0.87
606782.44 10656.56 0.89
588873.12 10582.98 1.08
627577.88 10660.02 0.75
577759.31 10735.27 3.15
578479.88 10844.39 1.12
643016.00 9673.11 3.24
620813.56 10768.13 0.75
776890.38 12536.41 0.75
704322.06 11309.35 0.75
664200.12 11136.45 0.94
662251.81 11067.33 1.08
661644.50 11067.33 1.08
661644.50 11067.33 1.08
661644.50 11067.33 1.08
662251.81 11067.33 1.08
662251.81 11067.33 1.08
662251.81 11067.33 1.08
678635.88 11014.91 1.22
678635.88 11014.91 1.22
679243.19 11014.91 1.22
652583.69 11117.27 1.22
662667.75 10809.47 1.22
630831.88 10649.28 1.23
625689.25 10668.71 1.97
584769.88 10542.65 1.99
630338.62 10257.88 2.03
612321.56 10169.09 2.03
601786.81 10533.40 2.03
606360.06 10354.95 2.03
587862.44 10405.60 2.05
612230.19 9944.12 2.05
612230.19 9944.12 2.05
611622.88 9944.12 2.05
603424.12 10044.52 2.05
603424.12 10044.52 2.05
603424.12 10044.52 2.05
603424.12 10044.52 2.05
603424.12 10044.52 2.05
603424.12 10044.52 2.05
603424.12 10044.52 2.05
603424.12 10044.52 2.05
603424.12 10044.52 2.05
603424.12 10044.52 2.05
602816.81 10044.52 2.05
602816.81 10044.52 2.05
602816.81 10044.52 2.05
583208.38 10565.73 2.05
598169.12 10204.66 2.05
603424.12 10044.52 2.05
597286.75 10288.38 2.06
597286.75 10288.38 2.06
673437.75 9530.00 3.43
665126.81 11131.05 0.79
602816.81 10044.52 2.05
602816.81 10044.52 2.05
598169.12 10204.66 2.05
585429.50 10336.27 3.61
666316.56 9846.06 3.73
583049.50 9818.28 0.76
583049.50 9818.28 0.76
583049.50 9818.28 0.76
583049.50 9818.28 0.76
583049.50 9818.28 0.76
583049.50 9818.28 0.76
583049.50 9818.28 0.76
583049.50 9818.28 0.76
583049.50 9818.28 0.76
583049.50 9818.28 0.76
583049.50 9818.28 0.76
583049.50 9818.28 0.76
583049.50 9818.28 0.76
583049.50 9818.28 0.76
583049.50 9818.28 0.76
583049.50 9818.28 0.76
583049.50 9818.28 0.76
583049.50 9818.28 0.76
583049.50 9818.28 0.76
584085.38 9776.77 0.76
584085.38 9776.77 0.76
584085.38 9776.77 0.76
582969.75 9823.28 0.76
582969.75 9823.28 0.76
582969.75 9823.28 0.76
582969.75 9823.28 0.76
582969.75 9823.28 0.76
582969.75 9823.28 0.76
582969.75 9823.28 0.76
582969.75 9823.28 0.76
582969.75 9823.28 0.76
582969.75 9823.28 0.76
582969.75 9823.28 0.76
584085.38 9776.77 0.76
582969.75 9823.28 0.76
582969.75 9823.28 0.76
582969.75 9823.28 0.76
582969.75 9823.28 0.76
582969.75 9823.28 0.76
582969.75 9823.28 0.76
582969.75 9823.28 0.76
582969.75 9823.28 0.76
582969.75 9823.28 0.76
583029.50 9823.28 0.76
584165.12 9771.77 0.76
584165.12 9771.77 0.76
584165.12 9771.77 0.76
584165.12 9771.77 0.76
584165.12 9771.77 0.76
584165.12 9771.77 0.76
584165.12 9771.77 0.76
584165.12 9771.77 0.76
584165.12 9771.77 0.76
584165.12 9771.77 0.76
584165.12 9771.77 0.76
584085.38 9776.77 0.76
584165.12 9771.77 0.76
584165.12 9771.77 0.76
584165.12 9771.77 0.76
584165.12 9771.77 0.76
584165.12 9771.77 0.76
584165.12 9771.77 0.76
584165.12 9771.77 0.76
584165.12 9771.77 0.76
584165.12 9771.77 0.76
584165.12 9771.77 0.76
584085.38 9776.77 0.76
584085.38 9776.77 0.76
584085.38 9776.77 0.76
584085.38 9776.77 0.76
584085.38 9776.77 0.76
584085.38 9776.77 0.76
584085.38 9776.77 0.76
584085.38 9776.77 0.76
584085.38 9776.77 0.76
584085.38 9776.77 0.76
584085.38 9776.77 0.76
584085.38 9776.77 0.76
584085.38 9776.77 0.76
584085.38 9776.77 0.76
637908.88 10598.04 0.62
637908.88 10598.04 0.62
633811.25 10686.32 0.71
584311.50 9930.50 1.65
584320.25 9922.04 1.65
584311.50 9930.50 1.65
584311.50 9930.50 1.65
584311.50 9930.50 1.65
584320.25 9922.04 1.65
584320.25 9922.04 1.65
584320.25 9922.04 1.65
584320.25 9922.04 1.65
584320.25 9922.04 1.65
584320.25 9922.04 1.65
584320.25 9922.04 1.65
584320.25 9922.04 1.65
584320.25 9922.04 1.65
584320.25 9922.04 1.65
584320.25 9922.04 1.65
584320.25 9922.04 1.65
584320.25 9922.04 1.65
584320.25 9922.04 1.65
584320.25 9922.04 1.65
584311.50 9930.50 1.65
576476.62 10044.57 1.65
577133.00 10023.77 1.65
577133.00 10023.77 1.65
577133.00 10023.77 1.65
584311.50 9930.50 1.65
584311.50 9930.50 1.65
584311.50 9930.50 1.65
584311.50 9930.50 1.65
584311.50 9930.50 1.65
584311.50 9930.50 1.65
584311.50 9930.50 1.65
584311.50 9930.50 1.65
584311.50 9930.50 1.65
584311.50 9930.50 1.65
584311.50 9930.50 1.65
584311.50 9930.50 1.65
584311.50 9930.50 1.65
584311.50 9930.50 1.65
619279.88 9715.80 1.65
584320.25 9922.04 1.65
619279.88 9715.80 1.65
619279.88 9715.80 1.65
619279.88 9715.80 1.65
619279.88 9715.80 1.65
619279.88 9715.80 1.65
619279.88 9715.80 1.65
619279.88 9715.80 1.65
619279.88 9715.80 1.65
619279.88 9715.80 1.65
619279.88 9715.80 1.65
619279.88 9715.80 1.65
619279.88 9715.80 1.65
619279.88 9715.80 1.65
619279.88 9715.80 1.65
619279.88 9715.80 1.65
619279.88 9715.80 1.65
619279.88 9715.80 1.65
619279.88 9715.80 1.65
619279.88 9715.80 1.65
619279.88 9715.80 1.65
619271.88 9724.26 1.65
584320.25 9922.04 1.65
584320.25 9922.04 1.65
584320.25 9922.04 1.65
584320.25 9922.04 1.65
584320.25 9922.04 1.65
584320.25 9922.04 1.65
584320.25 9922.04 1.65
584320.25 9922.04 1.65
584320.25 9922.04 1.65
584320.25 9922.04 1.65
584320.25 9922.04 1.65
584320.25 9922.04 1.65
584320.25 9922.04 1.65
584320.25 9922.04 1.65
584320.25 9922.04 1.65
567160.12 10358.40 1.69
567160.12 10358.40 1.69
567160.12 10358.40 1.69
578914.62 9646.76 1.69
587757.06 9636.88 1.71
587757.06 9636.88 1.71
566861.88 9908.85 1.74
566861.88 9908.85 1.74
566861.88 9908.85 1.74
566861.88 9908.85 1.74
566861.88 9908.85 1.74
566861.88 9908.85 1.74
566861.88 9908.85 1.74
566861.88 9908.85 1.74
566861.88 9908.85 1.74
566861.88 9908.85 1.74
566861.88 9908.85 1.74
566861.88 9908.85 1.74
566861.88 9908.85 1.74
566861.88 9908.85 1.74
566861.88 9908.85 1.74
566861.88 9908.85 1.74
566861.88 9908.85 1.74
566861.88 9908.85 1.74
566861.88 9908.85 1.74
563770.62 10219.86 1.74
563770.62 10219.86 1.74
563770.62 10219.86 1.74
563770.62 10219.86 1.74
563770.62 10219.86 1.74
563770.62 10219.86 1.74
563770.62 10219.86 1.74
566858.94 9933.47 1.74
566861.88 9908.85 1.74
566861.88 9908.85 1.74
566861.88 9908.85 1.74
566861.88 9908.85 1.74
566861.88 9908.85 1.74
566861.88 9908.85 1.74
566861.88 9908.85 1.74
566861.88 9908.85 1.74
566861.88 9908.85 1.74
566861.88 9908.85 1.74
567982.06 9453.28 1.74
566861.88 9908.85 1.74
567982.06 9453.28 1.74
567982.06 9453.28 1.74
567982.06 9453.28 1.74
567982.06 9453.28 1.74
567982.06 9453.28 1.74
567982.06 9453.28 1.74
567982.06 9453.28 1.74
567982.06 9453.28 1.74
567982.06 9453.28 1.74
567982.06 9453.28 1.74
567982.06 9453.28 1.74
567982.06 9453.28 1.74
572534.38 9406.74 1.74
572534.38 9406.74 1.74
572534.38 9406.74 1.74
572534.38 9406.74 1.74
593557.50 9361.74 1.74
593557.50 9361.74 1.74
566861.88 9908.85 1.74
566861.88 9908.85 1.74
566861.88 9908.85 1.74
566861.88 9908.85 1.74
566861.88 9908.85 1.74
566861.88 9908.85 1.74
566861.88 9908.85 1.74
566861.88 9908.85 1.74
567982.06 9453.28 1.74
566861.88 9908.85 1.74
566861.88 9908.85 1.74
566861.88 9908.85 1.74
566861.88 9908.85 1.74
566861.88 9908.85 1.74
566861.88 9908.85 1.74
566861.88 9908.85 1.74
566861.88 9908.85 1.74
713403.62 11377.73 0.62
630804.62 10479.71 0.68
627738.81 10525.53 0.71
621324.69 10712.85 0.75
637675.56 10238.79 2.63
609434.88 10551.22 0.86
613053.00 10289.99 2.58
607870.38 10654.74 3.17
613053.00 10289.99 2.58
637675.56 10238.79 2.63
634163.25 10213.79 2.74
634163.25 10213.79 2.74
640314.94 10076.60 3.10
640314.94 10076.60 3.10
770401.19 12433.04 0.62
804612.19 12313.04 0.62
804612.19 12313.04 0.62
804612.19 12313.04 0.62
804612.19 12313.04 0.62
683865.69 10949.79 0.68
683865.69 10949.79 0.68
633533.38 10150.68 1.97
633533.38 10150.68 1.97
633533.38 10150.68 1.97
633533.38 10150.68 1.97
633533.38 10150.68 1.97
626375.12 10258.79 1.97
626375.12 10258.79 1.97
626375.12 10258.79 1.97
626375.12 10258.79 1.97
626375.12 10258.79 1.97
626375.12 10258.79 1.97
626375.12 10258.79 1.97
614211.50 10649.46 1.97
621391.38 10614.35 1.97
621391.38 10614.35 1.97
624901.56 10473.96 1.97
624901.56 10473.96 1.97
624901.56 10473.96 1.97
624901.56 10473.96 1.97
611493.62 10303.96 1.99
611493.62 10303.96 1.99
611493.62 10303.96 1.99
611493.62 10303.96 1.99
611493.62 10303.96 1.99
611493.62 10303.96 1.99
611493.62 10303.96 1.99
611493.62 10303.96 1.99
611493.62 10303.96 1.99
611493.62 10303.96 1.99
611493.62 10303.96 1.99
611493.62 10303.96 1.99
611493.62 10303.96 1.99
611493.62 10303.96 1.99
611493.62 10303.96 1.99
611493.62 10303.96 1.99
608029.88 10371.35 1.99
611493.62 10303.96 1.99
611493.62 10303.96 1.99
611493.62 10303.96 1.99
611493.62 10303.96 1.99
611493.62 10303.96 1.99
611493.62 10303.96 1.99
620106.75 9980.68 1.99
620106.75 9980.68 1.99
620106.75 9980.68 1.99
620106.75 9980.68 1.99
620106.75 9980.68 1.99
620106.75 9980.68 1.99
620106.75 9980.68 1.99
620106.75 9980.68 1.99
620106.75 9980.68 1.99
611493.62 10303.96 1.99
620106.75 9980.68 1.99
620106.75 9980.68 1.99
620106.75 9980.68 1.99
620106.75 9980.68 1.99
620106.75 9980.68 1.99
620106.75 9980.68 1.99
620106.75 9980.68 1.99
620106.75 9980.68 1.99
612975.50 10088.79 1.99
611493.62 10303.96 1.99
611493.62 10303.96 1.99
611493.62 10303.96 1.99
611493.62 10303.96 1.99
611493.62 10303.96 1.99
611493.62 10303.96 1.99
611493.62 10303.96 1.99
611493.62 10303.96 1.99
611493.62 10303.96 1.99
611493.62 10303.96 1.99
611493.62 10303.96 1.99
611493.62 10303.96 1.99
623760.50 10528.16 0.71
597287.69 10388.57 0.74
597287.69 10388.57 0.74
597287.69 10388.57 0.74
581013.12 10169.54 0.85
582604.12 10094.13 0.76
575399.75 10403.56 1.10
582709.50 9376.08 3.10
592933.12 9277.97 3.07
578280.12 9610.33 2.31
575399.75 10403.56 1.10
582709.50 9376.08 3.10
582709.50 9376.08 3.10
569099.00 9728.69 2.25
628466.19 10439.88 0.65
582709.50 9376.08 3.10
590875.50 9552.21 2.35
569099.00 9728.69 2.25
573528.38 9494.44 3.10
582709.50 9376.08 3.10
567925.44 9728.47 3.06
578280.12 9610.33 2.31
567925.44 9728.47 3.06
569099.00 9728.69 2.25
563439.44 9924.51 2.25
575399.75 10403.56 1.10
575399.75 10403.56 1.10
563439.44 9924.51 2.25
572414.12 9500.41 3.06
573528.38 9494.44 3.10
590875.50 9552.21 2.35
567925.44 9728.47 3.06
567877.62 9690.27 3.13
581586.44 9382.05 3.06
563439.44 9924.51 2.25
592213.12 9272.97 3.10
567925.44 9728.47 3.06
569099.00 9728.69 2.25
569099.00 9728.69 2.25
569099.00 9728.69 2.25
573528.38 9494.44 3.10
573528.38 9494.44 3.10
573528.38 9494.44 3.10
573528.38 9494.44 3.10
573528.38 9494.44 3.10
575971.69 9616.08 3.02
573528.38 9494.44 3.10
573528.38 9494.44 3.10
569099.00 9728.69 2.25
569099.00 9728.69 2.25
567877.62 9690.27 3.13
573528.38 9494.44 3.10
573528.38 9494.44 3.10
578280.12 9610.33 2.31
569099.00 9728.69 2.25
569099.00 9728.69 2.25
573528.38 9494.44 3.10
567203.19 9738.47 3.06
560398.88 10539.53 2.22
562819.50 9972.71 2.26
665888.62 10933.71 0.66
665888.62 10933.71 0.66
665888.62 10933.71 0.66
665888.62 10933.71 0.66
665888.62 10933.71 0.66
665888.62 10933.71 0.66
665888.62 10933.71 0.66
665888.62 10933.71 0.66
665888.62 10933.71 0.66
665888.62 10933.71 0.66
665888.62 10933.71 0.66
665888.62 10933.71 0.66
633268.06 10539.79 0.68
630523.50 10841.66 0.83
624382.44 10602.90 0.86
624382.44 10602.90 0.86
624382.44 10602.90 0.86
624382.44 10602.90 0.86
624382.44 10602.90 0.86
624382.44 10602.90 0.86
624382.44 10602.90 0.86
624382.44 10602.90 0.86
624382.44 10602.90 0.86
601069.81 10363.53 0.91
609955.44 10300.42 0.91
601069.81 10363.53 0.91
601069.81 10363.53 0.91
601069.81 10363.53 0.91
601069.81 10363.53 0.91
601069.81 10363.53 0.91
601069.81 10363.53 0.91
601069.81 10363.53 0.91
587084.31 10081.89 0.95
587084.31 10081.89 0.95
587084.31 10081.89 0.95
587084.31 10081.89 0.95
587084.31 10081.89 0.95
587084.31 10081.89 0.95
587084.31 10081.89 0.95
587084.31 10081.89 0.95
587084.31 10081.89 0.95
587084.31 10081.89 0.95
587084.31 10081.89 0.95
587084.31 10081.89 0.95
587084.31 10081.89 0.95
587084.31 10081.89 0.95
587084.31 10081.89 0.95
587084.31 10081.89 0.95
587084.31 10081.89 0.95
587084.31 10081.89 0.95
587084.31 10081.89 0.95
587084.31 10081.89 0.95
587084.31 10081.89 0.95
587084.31 10081.89 0.95
587084.31 10081.89 0.95
587084.31 10081.89 0.95
587084.31 10081.89 0.95
587084.31 10081.89 0.95
587084.31 10081.89 0.95
587084.31 10081.89 0.95
587084.31 10081.89 0.95
587084.31 10081.89 0.95
587084.31 10081.89 0.95
587084.31 10081.89 0.95
587084.31 10081.89 0.95
587084.31 10081.89 0.95
587084.31 10081.89 0.95
587084.31 10081.89 0.95
587084.31 10081.89 0.95
587084.31 10081.89 0.95
587084.31 10081.89 0.95
587084.31 10081.89 0.95
587084.31 10081.89 0.95
577968.31 9998.49 1.11
577968.31 9998.49 1.11
577968.31 9998.49 1.11
577968.31 9998.49 1.11
577968.31 9998.49 1.11
577968.31 9998.49 1.11
577968.31 9998.49 1.11
775540.75 12489.11 0.68
785723.06 12395.21 0.69
669520.00 11162.13 0.75
669520.00 11162.13 0.75
669520.00 11162.13 0.75
669520.00 11162.13 0.75
669520.00 11162.13 0.75
669520.00 11162.13 0.75
643085.81 10551.08 0.75
643085.81 10551.08 0.75
643085.81 10551.08 0.75
643085.81 10551.08 0.75
643085.81 10551.08 0.75
643085.81 10551.08 0.75
643085.81 10551.08 0.75
643085.81 10551.08 0.75
643085.81 10551.08 0.75
643085.81 10551.08 0.75
643085.81 10551.08 0.75
643085.81 10551.08 0.75
643085.81 10551.08 0.75
643085.81 10551.08 0.75
643085.81 10551.08 0.75
643085.81 10551.08 0.75
643085.81 10551.08 0.75
643085.81 10551.08 0.75
643085.81 10551.08 0.75
643085.81 10551.08 0.75
643085.81 10551.08 0.75
643085.81 10551.08 0.75
643085.81 10551.08 0.75
643085.81 10551.08 0.75
643085.81 10551.08 0.75
643085.81 10551.08 0.75
643085.81 10551.08 0.75
643085.81 10551.08 0.75
643085.81 10551.08 0.75
643085.81 10551.08 0.75
643085.81 10551.08 0.75
643085.81 10551.08 0.75
643085.81 10551.08 0.75
643085.81 10551.08 0.75
643693.12 10551.08 0.75
643693.12 10551.08 0.75
643693.12 10551.08 0.75
643693.12 10551.08 0.75
643693.12 10551.08 0.75
643693.12 10551.08 0.75
643693.12 10551.08 0.75
643693.12 10551.08 0.75
643693.12 10551.08 0.75
643693.12 10551.08 0.75
643085.81 10551.08 0.75
643693.12 10551.08 0.75
643693.12 10551.08 0.75
643693.12 10551.08 0.75
643693.12 10551.08 0.75
643693.12 10551.08 0.75
643693.12 10551.08 0.75
643693.12 10551.08 0.75
643693.12 10551.08 0.75
643693.12 10551.08 0.75
643085.81 10551.08 0.75
643085.81 10551.08 0.75
643085.81 10551.08 0.75
643085.81 10551.08 0.75
643085.81 10551.08 0.75
643085.81 10551.08 0.75
643085.81 10551.08 0.75
643085.81 10551.08 0.75
643085.81 10551.08 0.75
643085.81 10551.08 0.75
643085.81 10551.08 0.75
643085.81 10551.08 0.75
643085.81 10551.08 0.75
643085.81 10551.08 0.75
643085.81 10551.08 0.75
643085.81 10551.08 0.75
643085.81 10551.08 0.75
643085.81 10551.08 0.75
617329.44 10164.57 0.65
617329.44 10164.57 0.65
617329.44 10164.57 0.65
617329.44 10164.57 0.65
617329.44 10164.57 0.65
617329.44 10164.57 0.65
617329.44 10164.57 0.65
617329.44 10164.57 0.65
617329.44 10164.57 0.65
617329.44 10164.57 0.65
617329.44 10164.57 0.65
617329.44 10164.57 0.65
617329.44 10164.57 0.65
617329.44 10164.57 0.65
617329.44 10164.57 0.65
617329.44 10164.57 0.65
617329.44 10164.57 0.65
617329.44 10164.57 0.65
617329.44 10164.57 0.65
617329.44 10164.57 0.65
617329.44 10164.57 0.65
617329.44 10164.57 0.65
617329.44 10164.57 0.65
617329.44 10164.57 0.65
617329.44 10164.57 0.65
617329.44 10164.57 0.65
615875.50 10517.69 0.72
612776.38 10458.45 0.74
609108.06 10541.03 0.76
609108.06 10541.03 0.76
606937.62 10580.48 0.85
606937.62 10580.48 0.85
606937.62 10580.48 0.85
606937.62 10580.48 0.85
606937.62 10580.48 0.85
606937.62 10580.48 0.85
606937.62 10580.48 0.85
606937.62 10580.48 0.85
606937.62 10580.48 0.85
606937.62 10580.48 0.85
606937.62 10580.48 0.85
606937.62 10580.48 0.85
606937.62 10580.48 0.85
606937.62 10580.48 0.85
606937.62 10580.48 0.85
606937.62 10580.48 0.85
606937.62 10580.48 0.85
606937.62 10580.48 0.85
606937.62 10580.48 0.85
606937.62 10580.48 0.85
606937.62 10580.48 0.85
606937.62 10580.48 0.85
606937.62 10580.48 0.85
606937.62 10580.48 0.85
606937.62 10580.48 0.85
606937.62 10580.48 0.85
606937.62 10580.48 0.85
606937.62 10580.48 0.85
606937.62 10580.48 0.85
606937.62 10580.48 0.85
606937.62 10580.48 0.85
606937.62 10580.48 0.85
606937.62 10580.48 0.85
606937.62 10580.48 0.85
606937.62 10580.48 0.85
606937.62 10580.48 0.85
606937.62 10580.48 0.85
606937.62 10580.48 0.85
606937.62 10580.48 0.85
606937.62 10580.48 0.85
606937.62 10580.48 0.85
606937.62 10580.48 0.85
606937.62 10580.48 0.85
606937.62 10580.48 0.85
606937.62 10580.48 0.85
606937.62 10580.48 0.85
606937.62 10580.48 0.85
606937.62 10580.48 0.85
606937.62 10580.48 0.85
606937.62 10580.48 0.85
749386.06 12439.88 0.65
683582.06 11716.38 0.70
693097.25 11706.53 0.71
677418.62 11422.02 0.71
649986.50 11044.96 0.78
649986.50 11044.96 0.78
649986.50 11044.96 0.78
649986.50 11044.96 0.78
649986.50 11044.96 0.78
649986.50 11044.96 0.78
649986.50 11044.96 0.78
649986.50 11044.96 0.78
648220.62 11036.33 0.78
608604.19 10654.48 0.92
670750.56 11288.53 0.72
618338.56 10596.47 0.79
591411.19 9834.01 2.96
571442.69 10268.62 2.93
560597.06 10292.37 2.96
595109.06 9981.55 2.92
655962.81 11267.44 0.78
649986.50 11044.96 0.78
620357.50 10222.48 2.38
670750.56 11288.53 0.72
649986.50 11044.96 0.78
655528.94 11001.05 0.78
655528.94 11001.05 0.78
620357.50 10394.59 2.37
670750.56 11288.53 0.72
655528.94 11001.05 0.78
600409.94 10657.09 0.92
620357.50 10222.48 2.38
658251.75 11143.36 0.76
589633.62 10619.68 2.47
655528.94 11001.05 0.78
576085.00 10007.91 2.92
571442.69 10268.62 2.93
560597.06 10292.37 2.96
608604.19 10654.48 0.92
649986.50 11044.96 0.78
560597.06 10292.37 2.96
595109.06 9981.55 2.92
595649.31 9434.55 2.85
695088.25 11162.73 0.62
684896.81 11308.25 0.71
684896.81 11308.25 0.71
684896.81 11308.25 0.71
638682.38 11196.39 0.75
638682.38 11196.39 0.75
648873.81 11050.87 0.75
648873.81 11050.87 0.75
648873.81 11050.87 0.75
632802.69 11193.00 0.79
634728.75 10947.48 0.79
597894.50 10819.73 0.79
591976.75 10661.49 0.86
564124.00 10828.50 1.30
627250.19 9869.86 1.63
627250.19 9869.86 1.63
627250.19 9869.86 1.63
627250.19 9869.86 1.63
627250.19 9869.86 1.63
627250.19 9869.86 1.63
627250.19 9869.86 1.63
627250.19 9869.86 1.63
627250.19 9869.86 1.63
627250.19 9869.86 1.63
618813.25 9995.02 1.63
618813.25 9995.02 1.63
618813.25 9995.02 1.63
618813.25 9995.02 1.63
618813.25 9995.02 1.63
618813.25 9995.02 1.63
618813.25 9995.02 1.63
618813.25 9995.02 1.63
618813.25 9995.02 1.63
618813.25 9995.02 1.63
618813.25 9995.02 1.63
614818.44 10428.03 1.63
627250.19 9869.86 1.63
612519.06 10391.00 1.80
587581.56 9714.36 2.72
587521.88 9714.36 2.72
577291.25 9725.70 2.79
576276.00 10096.68 2.92
577365.56 9510.76 3.23
577365.56 9510.76 3.23
577365.56 9510.76 3.23
577365.56 9510.76 3.23
577365.56 9510.76 3.23
577365.56 9510.76 3.23
577305.88 9510.76 3.23
577305.88 9510.76 3.23
577305.88 9510.76 3.23
577305.88 9510.76 3.23
577305.88 9510.76 3.23
577305.88 9510.76 3.23
577305.88 9510.76 3.23
577305.88 9510.76 3.23
577305.88 9510.76 3.23
573313.06 9943.76 3.33
573313.06 9943.76 3.33
573313.06 9943.76 3.33
573313.06 9943.76 3.33
573313.06 9943.76 3.33
573313.06 9943.76 3.33
569066.25 10207.08 3.44
569066.25 10207.08 3.44
569006.56 10207.08 3.44
569006.56 10207.08 3.44
578148.88 9321.60 3.48
586618.00 9219.17 3.51
586618.00 9219.17 3.51
586618.00 9219.17 3.51
586618.00 9219.17 3.51
586618.00 9219.17 3.51
586618.00 9219.17 3.51
586618.00 9219.17 3.51
586618.00 9219.17 3.51
586618.00 9219.17 3.51
586618.00 9219.17 3.51
586618.00 9219.17 3.51
586558.25 9196.43 3.51
672904.75 10982.99 0.59
632546.25 10679.08 0.68
632546.25 10679.08 0.68
632546.25 10679.08 0.68
632546.25 10679.08 0.68
632546.25 10679.08 0.68
632546.25 10679.08 0.68
632546.25 10679.08 0.68
632546.25 10679.08 0.68
632546.25 10679.08 0.68
632546.25 10679.08 0.68
632546.25 10679.08 0.68
632546.25 10679.08 0.68
632546.25 10679.08 0.68
632546.25 10679.08 0.68
632546.25 10679.08 0.68
632546.25 10679.08 0.68
632546.25 10679.08 0.68
632546.25 10679.08 0.68
632546.25 10679.08 0.68
632546.25 10679.08 0.68
632546.25 10679.08 0.68
632546.25 10679.08 0.68
632546.25 10679.08 0.68
632546.25 10679.08 0.68
632546.25 10679.08 0.68
632546.25 10679.08 0.68
632546.25 10679.08 0.68
632546.25 10679.08 0.68
632546.25 10679.08 0.68
632546.25 10679.08 0.68
632546.25 10679.08 0.68
632546.25 10679.08 0.68
632546.25 10679.08 0.68
632546.25 10679.08 0.68
632546.25 10679.08 0.68
632546.25 10679.08 0.68
632546.25 10679.08 0.68
632546.25 10679.08 0.68
632546.25 10679.08 0.68
632546.25 10679.08 0.68
632546.25 10679.08 0.68
632546.25 10679.08 0.68
632546.25 10679.08 0.68
632546.25 10679.08 0.68
632546.25 10679.08 0.68
632546.25 10679.08 0.68
632546.25 10679.08 0.68
632546.25 10679.08 0.68
632546.25 10679.08 0.68
632546.25 10679.08 0.68
632546.25 10679.08 0.68
632546.25 10679.08 0.68
632546.25 10679.08 0.68
632546.25 10679.08 0.68
632546.25 10679.08 0.68
632546.25 10679.08 0.68
632546.25 10679.08 0.68
632546.25 10679.08 0.68
632546.25 10679.08 0.68
632067.06 10630.18 0.69
632067.06 10630.18 0.69
632067.06 10630.18 0.69
632067.06 10630.18 0.69
632067.06 10630.18 0.69
632067.06 10630.18 0.69
632067.06 10630.18 0.69
632067.06 10630.18 0.69
632067.06 10630.18 0.69
632067.06 10630.18 0.69
632067.06 10630.18 0.69
632067.06 10630.18 0.69
632067.06 10630.18 0.69
632067.06 10630.18 0.69
623885.56 10637.81 0.70
623885.56 10637.81 0.70
623885.56 10637.81 0.70
623885.56 10637.81 0.70
623885.56 10637.81 0.70
623885.56 10637.81 0.70
635876.81 10437.73 0.62
633429.44 10568.26 0.65
631159.19 10535.67 0.67
631159.19 10535.67 0.67
631159.19 10535.67 0.67
631159.19 10535.67 0.67
618285.88 10601.26 0.73
619711.31 10571.26 0.73
619711.31 10571.26 0.73
619711.31 10571.26 0.73
619711.31 10571.26 0.73
618285.88 10601.26 0.73
618285.88 10601.26 0.73
618285.88 10601.26 0.73
618285.88 10601.26 0.73
618285.88 10601.26 0.73
618285.88 10601.26 0.73
618285.88 10601.26 0.73
618285.88 10601.26 0.73
618285.88 10601.26 0.73
618285.88 10601.26 0.73
618285.88 10601.26 0.73
618285.88 10601.26 0.73
618285.88 10601.26 0.73
618285.88 10601.26 0.73
618285.88 10601.26 0.73
616968.62 10409.81 0.73
632579.31 10313.04 0.73
632579.31 10313.04 0.73
632579.31 10313.04 0.73
615218.12 10411.47 0.76
615218.12 10411.47 0.76
604496.31 10317.55 0.79
592148.88 10346.42 0.86
587729.69 10127.55 0.91
587729.69 10127.55 0.91
587729.69 10127.55 0.91
587729.69 10127.55 0.91
587729.69 10127.55 0.91
587729.69 10127.55 0.91
587729.69 10127.55 0.91
598280.44 10096.48 0.94
598280.44 10096.48 0.94
598280.44 10096.48 0.94
579983.25 10206.42 0.98
579983.25 10206.42 0.98
579983.25 10206.42 0.98
579983.25 10206.42 0.98
570158.88 10111.42 0.98
590135.50 9997.24 1.10
608452.75 9894.58 1.92
637387.88 9819.06 1.92
649291.56 9790.19 1.92
599931.06 9898.23 1.93
631780.06 9753.30 1.97
626899.75 9718.30 2.00
582583.00 10001.18 2.15
574917.94 10073.17 2.15
574917.94 10073.17 2.15
606126.25 9890.41 2.17
573086.56 9847.08 2.18
595569.50 9803.12 2.18
607185.12 9667.12 3.30
577064.56 9897.38 2.17
579079.75 10073.71 1.02
607789.75 9392.97 3.28
618285.88 10601.26 0.73
579079.75 10073.71 1.02
587729.69 10127.55 0.91
618285.88 10601.26 0.73
594544.56 10273.71 0.86
573086.56 9847.08 2.18
588384.00 9676.29 3.32
570158.88 10111.42 0.98
579983.25 10206.42 0.98
620372.94 9865.71 1.92
598280.44 10096.48 0.94
598050.19 9588.18 3.34
648404.88 9340.00 3.64