734748.75 10572.18 0.46
711077.31 10294.97 0.50
678856.44 9864.44 0.51
678856.44 9864.44 0.51
678856.44 9864.44 0.51
678856.44 9864.44 0.51
678856.44 9864.44 0.51
678856.44 9864.44 0.51
678856.44 9864.44 0.51
678856.44 9864.44 0.51
678856.44 9864.44 0.51
678856.44 9864.44 0.51
678856.44 9864.44 0.51
678856.44 9864.44 0.51
678856.44 9864.44 0.51
678856.44 9864.44 0.51
678856.44 9864.44 0.51
678856.44 9864.44 0.51
678856.44 9864.44 0.51
678856.44 9864.44 0.51
678856.44 9864.44 0.51
678856.44 9864.44 0.51
678856.44 9864.44 0.51
678856.44 9864.44 0.51
678856.44 9864.44 0.51
678856.44 9864.44 0.51
678856.44 9864.44 0.51
678856.44 9864.44 0.51
678856.44 9864.44 0.51
678856.44 9864.44 0.51
678856.44 9864.44 0.51
678856.44 9864.44 0.51
678856.44 9864.44 0.51
678856.44 9864.44 0.51
678856.44 9864.44 0.51
678856.44 9864.44 0.51
678856.44 9864.44 0.51
678856.44 9864.44 0.51
678856.44 9864.44 0.51
678856.44 9864.44 0.51
678856.44 9864.44 0.51
678856.44 9864.44 0.51
678856.44 9864.44 0.51
678856.44 9864.44 0.51
678856.44 9864.44 0.51
678856.44 9864.44 0.51
678856.44 9864.44 0.51
678856.44 9864.44 0.51
678856.44 9864.44 0.51
678856.44 9864.44 0.51
678856.44 9864.44 0.51
678856.44 9864.44 0.51
678856.44 9864.44 0.51
678856.44 9864.44 0.51
678856.44 9864.44 0.51
678856.44 9864.44 0.51
678856.44 9864.44 0.51
678856.44 9864.44 0.51
678856.44 9864.44 0.51
675934.06 9958.69 0.62
649528.94 9755.84 0.74
649528.94 9755.84 0.74
649528.94 9755.84 0.74
649528.94 9755.84 0.74
649528.94 9755.84 0.74
649528.94 9755.84 0.74
649528.94 9755.84 0.74
649528.94 9755.84 0.74
649528.94 9755.84 0.74
649528.94 9755.84 0.74
649528.94 9755.84 0.74
649528.94 9755.84 0.74
649528.94 9755.84 0.74
649528.94 9755.84 0.74
649528.94 9755.84 0.74
649528.94 9755.84 0.74
649528.94 9755.84 0.74
649528.94 9755.84 0.74
648520.62 9711.33 0.74
648520.62 9711.33 0.74
647316.31 9440.12 0.41
638776.19 9342.08 0.43
638776.19 9342.08 0.43
638776.19 9342.08 0.43
638776.19 9342.08 0.43
638776.19 9342.08 0.43
638776.19 9342.08 0.43
638776.19 9342.08 0.43
638776.19 9342.08 0.43
638776.19 9342.08 0.43
638776.19 9342.08 0.43
638776.19 9342.08 0.43
638776.19 9342.08 0.43
638776.19 9342.08 0.43
638776.19 9342.08 0.43
638776.19 9342.08 0.43
638776.19 9342.08 0.43
638776.19 9342.08 0.43
638776.19 9342.08 0.43
638776.19 9342.08 0.43
638776.19 9342.08 0.43
638776.19 9342.08 0.43
638776.19 9342.08 0.43
638776.19 9342.08 0.43
638776.19 9342.08 0.43
638776.19 9342.08 0.43
638776.19 9342.08 0.43
638776.19 9342.08 0.43
638776.19 9342.08 0.43
638776.19 9342.08 0.43
638776.19 9342.08 0.43
638776.19 9342.08 0.43
638776.19 9342.08 0.43
638776.19 9342.08 0.43
638776.19 9342.08 0.43
638776.19 9342.08 0.43
638776.19 9342.08 0.43
638776.19 9342.08 0.43
638776.19 9342.08 0.43
638776.19 9342.08 0.43
638776.19 9342.08 0.43
638776.19 9342.08 0.43
638776.19 9342.08 0.43
638776.19 9342.08 0.43
638776.19 9342.08 0.43
638776.19 9342.08 0.43
638776.19 9342.08 0.43
638776.19 9342.08 0.43
638776.19 9342.08 0.43
638776.19 9342.08 0.43
638776.19 9342.08 0.43
638776.19 9342.08 0.43
638776.19 9342.08 0.43
638776.19 9342.08 0.43
638776.19 9342.08 0.43
638776.19 9342.08 0.43
638776.19 9342.08 0.43
638776.19 9342.08 0.43
638776.19 9342.08 0.43
638776.19 9342.08 0.43
638776.19 9342.08 0.43
638776.19 9342.08 0.43
638776.19 9342.08 0.43
638776.19 9342.08 0.43
638776.19 9342.08 0.43
638776.19 9342.08 0.43
637810.75 9524.91 0.62
637810.75 9524.91 0.62
633159.19 9553.48 0.65
633159.19 9553.48 0.65
633159.19 9553.48 0.65
632251.25 9508.97 0.66
632251.25 9508.97 0.66
632251.25 9508.97 0.66
632251.25 9508.97 0.66
632251.25 9508.97 0.66
632251.25 9508.97 0.66
632251.25 9508.97 0.66
632251.25 9508.97 0.66
632251.25 9508.97 0.66
698500.56 10267.18 0.46
708149.69 10177.18 0.46
708149.69 10177.18 0.46
708149.69 10177.18 0.46
708149.69 10177.18 0.46
708149.69 10177.18 0.46
700148.88 10262.18 0.46
698500.56 10267.18 0.46
689238.88 10030.84 0.51
689238.88 10030.84 0.51
689238.88 10030.84 0.51
689238.88 10030.84 0.51
689238.88 10030.84 0.51
689238.88 10030.84 0.51
689238.88 10030.84 0.51
689238.88 10030.84 0.51
689238.88 10030.84 0.51
689238.88 10030.84 0.51
689238.88 10030.84 0.51
689238.88 10030.84 0.51
689238.88 10030.84 0.51
689238.88 10030.84 0.51
689238.88 10030.84 0.51
689238.88 10030.84 0.51
689238.88 10030.84 0.51
689238.88 10030.84 0.51
689238.88 10030.84 0.51
689238.88 10030.84 0.51
689238.88 10030.84 0.51
689238.88 10030.84 0.51
689238.88 10030.84 0.51
689238.88 10030.84 0.51
689238.88 10030.84 0.51
689238.88 10030.84 0.51
689238.88 10030.84 0.51
689238.88 10030.84 0.51
689238.88 10030.84 0.51
688032.38 10220.84 0.51
688032.38 10220.84 0.51
688032.38 10220.84 0.51
688032.38 10220.84 0.51
689238.88 10030.84 0.51
689238.88 10030.84 0.51
689238.88 10030.84 0.51
689238.88 10030.84 0.51
689238.88 10030.84 0.51
689238.88 10030.84 0.51
689238.88 10030.84 0.51
689238.88 10030.84 0.51
689238.88 10030.84 0.51
689238.88 10030.84 0.51
689238.88 10030.84 0.51
689238.88 10030.84 0.51
689238.88 10030.84 0.51
689238.88 10030.84 0.51
689238.88 10030.84 0.51
689238.88 10030.84 0.51
689238.88 10030.84 0.51
689238.88 10030.84 0.51
689238.88 10030.84 0.51
649386.94 9743.58 0.69
649386.94 9743.58 0.69
638940.50 9697.24 0.74
638940.50 9697.24 0.74
638940.50 9697.24 0.74
638940.50 9697.24 0.74
638940.50 9697.24 0.74
638940.50 9697.24 0.74
638940.50 9697.24 0.74
638940.50 9697.24 0.74
638940.50 9697.24 0.74
638940.50 9697.24 0.74
638940.50 9697.24 0.74
638940.50 9697.24 0.74
638940.50 9697.24 0.74
638940.50 9697.24 0.74
638940.50 9697.24 0.74
638940.50 9697.24 0.74
638940.50 9697.24 0.74
638940.50 9697.24 0.74
653833.06 9405.12 0.41
653833.06 9405.12 0.41
653833.06 9405.12 0.41
653833.06 9405.12 0.41
653833.06 9405.12 0.41
653833.06 9405.12 0.41
653833.06 9405.12 0.41
653833.06 9405.12 0.41
653833.06 9405.12 0.41
653833.06 9405.12 0.41
653833.06 9405.12 0.41
653833.06 9405.12 0.41
653833.06 9405.12 0.41
653833.06 9405.12 0.41
653833.06 9405.12 0.41
653833.06 9405.12 0.41
653833.06 9405.12 0.41
653833.06 9405.12 0.41
653833.06 9405.12 0.41
653833.06 9405.12 0.41
653833.06 9405.12 0.41
653833.06 9405.12 0.41
653833.06 9405.12 0.41
653833.06 9405.12 0.41
653833.06 9405.12 0.41
653833.06 9405.12 0.41
653833.06 9405.12 0.41
653833.06 9405.12 0.41
653833.06 9405.12 0.41
653833.06 9405.12 0.41
653833.06 9405.12 0.41
653833.06 9405.12 0.41
653833.06 9405.12 0.41
653833.06 9405.12 0.41
652506.31 9590.75 0.53
652506.31 9590.75 0.53
652506.31 9590.75 0.53
652506.31 9590.75 0.53
652506.31 9590.75 0.53
652506.31 9590.75 0.53
652506.31 9590.75 0.53
652506.31 9590.75 0.53
652506.31 9590.75 0.53
652506.31 9590.75 0.53
652506.31 9590.75 0.53
652506.31 9590.75 0.53
652506.31 9590.75 0.53
652506.31 9590.75 0.53
652506.31 9590.75 0.53
652506.31 9590.75 0.53
652506.31 9590.75 0.53
652506.31 9590.75 0.53
652506.31 9590.75 0.53
652506.31 9590.75 0.53
652506.31 9590.75 0.53
652506.31 9590.75 0.53
652506.31 9590.75 0.53
652506.31 9590.75 0.53
652506.31 9590.75 0.53
652506.31 9590.75 0.53
652506.31 9590.75 0.53
652506.31 9590.75 0.53
652506.31 9590.75 0.53
652506.31 9590.75 0.53
652506.31 9590.75 0.53
652506.31 9590.75 0.53
652506.31 9590.75 0.53
652506.31 9590.75 0.53
652506.31 9590.75 0.53
652506.31 9590.75 0.53
652506.31 9590.75 0.53
652506.31 9590.75 0.53
652506.31 9590.75 0.53
652506.31 9590.75 0.53
652506.31 9590.75 0.53
652506.31 9590.75 0.53
652506.31 9590.75 0.53
652506.31 9590.75 0.53
652506.31 9590.75 0.53
652506.31 9590.75 0.53
663133.88 10095.12 0.41
649994.94 9962.08 0.43
618872.56 9726.52 0.63
560339.06 9237.26 0.93
560339.06 9237.26 0.93
559517.88 9391.23 1.09
551394.88 9681.35 1.25
551394.88 9681.35 1.25
600357.44 9483.48 0.65
530198.19 9779.49 1.85
504429.66 9979.17 2.25
502166.38 11267.72 3.51
707606.25 10354.44 0.51
641473.12 9665.55 0.53
641473.12 9665.55 0.53
641473.12 9665.55 0.53
641473.12 9665.55 0.53
641473.12 9665.55 0.53
641473.12 9665.55 0.53
641473.12 9665.55 0.53
641473.12 9665.55 0.53
641473.12 9665.55 0.53
641473.12 9665.55 0.53
641473.12 9665.55 0.53
641473.12 9665.55 0.53
641473.12 9665.55 0.53
641473.12 9665.55 0.53
641473.12 9665.55 0.53
641473.12 9665.55 0.53
641473.12 9665.55 0.53
641473.12 9665.55 0.53
641473.12 9665.55 0.53
641473.12 9665.55 0.53
641473.12 9665.55 0.53
641473.12 9665.55 0.53
641473.12 9665.55 0.53
641473.12 9665.55 0.53
641473.12 9665.55 0.53
641473.12 9665.55 0.53
641473.12 9665.55 0.53
641473.12 9665.55 0.53
641473.12 9665.55 0.53
641473.12 9665.55 0.53
641473.12 9665.55 0.53
641473.12 9665.55 0.53
641473.12 9665.55 0.53
641473.12 9665.55 0.53
641473.12 9665.55 0.53
641473.12 9665.55 0.53
641473.12 9665.55 0.53
641473.12 9665.55 0.53
641473.12 9665.55 0.53
641473.12 9665.55 0.53
641473.12 9665.55 0.53
641473.12 9665.55 0.53
641473.12 9665.55 0.53
641473.12 9665.55 0.53
641473.12 9665.55 0.53
641473.12 9665.55 0.53
641473.12 9665.55 0.53
641473.12 9665.55 0.53
648329.75 9635.55 0.53
648329.75 9635.55 0.53
648329.75 9635.55 0.53
648329.75 9635.55 0.53
648329.75 9635.55 0.53
648329.75 9635.55 0.53
648329.75 9635.55 0.53
648329.75 9635.55 0.53
648329.75 9635.55 0.53
648329.75 9635.55 0.53
648329.75 9635.55 0.53
648329.75 9635.55 0.53
648329.75 9635.55 0.53
648329.75 9635.55 0.53
648329.75 9635.55 0.53
648688.69 9630.55 0.53
648688.69 9630.55 0.53
648688.69 9630.55 0.53
648688.69 9630.55 0.53
648688.69 9630.55 0.53
648688.69 9630.55 0.53
648688.69 9630.55 0.53
648688.69 9630.55 0.53
648688.69 9630.55 0.53
641838.62 9660.55 0.53
641473.12 9665.55 0.53
641473.12 9665.55 0.53
641473.12 9665.55 0.53
641473.12 9665.55 0.53
641473.12 9665.55 0.53
641473.12 9665.55 0.53
699256.94 10045.12 0.41
699256.94 10045.12 0.41
699481.56 10035.12 0.41
699481.56 10035.12 0.41
667647.75 9727.08 0.43
667647.75 9727.08 0.43
667647.75 9727.08 0.43
667647.75 9727.08 0.43
667647.75 9727.08 0.43
667647.75 9727.08 0.43
667647.75 9727.08 0.43
667647.75 9727.08 0.43
667647.75 9727.08 0.43
667647.75 9727.08 0.43
667647.75 9727.08 0.43
667647.75 9727.08 0.43
667647.75 9727.08 0.43
667647.75 9727.08 0.43
667647.75 9727.08 0.43
667647.75 9727.08 0.43
667647.75 9727.08 0.43
667647.75 9727.08 0.43
667647.75 9727.08 0.43
667647.75 9727.08 0.43
667647.75 9727.08 0.43
667647.75 9727.08 0.43
667647.75 9727.08 0.43
667647.75 9727.08 0.43
667647.75 9727.08 0.43
667647.75 9727.08 0.43
667647.75 9727.08 0.43
667647.75 9727.08 0.43
667647.75 9727.08 0.43
667647.75 9727.08 0.43
667871.44 9717.08 0.43
667871.44 9717.08 0.43
667871.44 9717.08 0.43
667871.44 9717.08 0.43
667871.44 9717.08 0.43
667871.44 9717.08 0.43
667871.44 9717.08 0.43
667871.44 9717.08 0.43
667871.44 9717.08 0.43
667871.44 9717.08 0.43
667871.44 9717.08 0.43
667871.44 9717.08 0.43
667871.44 9717.08 0.43
667871.44 9717.08 0.43
667871.44 9717.08 0.43
667871.44 9717.08 0.43
667871.44 9717.08 0.43
667871.44 9717.08 0.43
667871.44 9717.08 0.43
667871.44 9717.08 0.43
667871.44 9717.08 0.43
667871.44 9717.08 0.43
667871.44 9717.08 0.43
667871.44 9717.08 0.43
667871.44 9717.08 0.43
667647.75 9727.08 0.43
667871.44 9717.08 0.43
667871.44 9717.08 0.43
667871.44 9717.08 0.43
667871.44 9717.08 0.43
664191.25 9879.91 0.62
664191.25 9879.91 0.62
664191.25 9879.91 0.62
664191.25 9879.91 0.62
664191.25 9879.91 0.62
664191.25 9879.91 0.62
664191.25 9879.91 0.62
664191.25 9879.91 0.62
664191.25 9879.91 0.62
664191.25 9879.91 0.62
664191.25 9879.91 0.62
664191.25 9879.91 0.62
664191.25 9879.91 0.62
664191.25 9879.91 0.62
664191.25 9879.91 0.62
664191.25 9879.91 0.62
681663.00 10080.12 0.41
681663.00 10080.12 0.41
681663.00 10080.12 0.41
681663.00 10080.12 0.41
681663.00 10080.12 0.41
681663.00 10080.12 0.41
681663.00 10080.12 0.41
681663.00 10080.12 0.41
681663.00 10080.12 0.41
681663.00 10080.12 0.41
681663.00 10080.12 0.41
681663.00 10080.12 0.41
681663.00 10080.12 0.41
681663.00 10080.12 0.41
681663.00 10080.12 0.41
681663.00 10080.12 0.41
681663.00 10080.12 0.41
681663.00 10080.12 0.41
681663.00 10080.12 0.41
681663.00 10080.12 0.41
681663.00 10080.12 0.41
681663.00 10080.12 0.41
681663.00 10080.12 0.41
681663.00 10080.12 0.41
681663.00 10080.12 0.41
681663.00 10080.12 0.41
681663.00 10080.12 0.41
681663.00 10080.12 0.41
681663.00 10080.12 0.41
681663.00 10080.12 0.41
681663.00 10080.12 0.41
681663.00 10080.12 0.41
681663.00 10080.12 0.41
681663.00 10080.12 0.41
681663.00 10080.12 0.41
675621.75 10047.21 0.43
668869.75 10054.88 0.49
668869.75 10054.88 0.49
668869.75 10054.88 0.49
668869.75 10054.88 0.49
668869.75 10054.88 0.49
668869.75 10054.88 0.49
668869.75 10054.88 0.49
668869.75 10054.88 0.49
668869.75 10054.88 0.49
668869.75 10054.88 0.49
668869.75 10054.88 0.49
668869.75 10054.88 0.49
668869.75 10054.88 0.49
668869.75 10054.88 0.49
668869.75 10054.88 0.49
668869.75 10054.88 0.49
668869.75 10054.88 0.49
668869.75 10054.88 0.49
668869.75 10054.88 0.49
668869.75 10054.88 0.49
668869.75 10054.88 0.49
668869.75 10054.88 0.49
668869.75 10054.88 0.49
668869.75 10054.88 0.49
668869.75 10054.88 0.49
668869.75 10054.88 0.49
668869.75 10054.88 0.49
668869.75 10054.88 0.49
668869.75 10054.88 0.49
668869.75 10054.88 0.49
668869.75 10054.88 0.49
668869.75 10054.88 0.49
668869.75 10054.88 0.49
668869.75 10054.88 0.49
668869.75 10054.88 0.49
668869.75 10054.88 0.49
668869.75 10054.88 0.49
668869.75 10054.88 0.49
668869.75 10054.88 0.49
668869.75 10054.88 0.49
668869.75 10054.88 0.49
668869.75 10054.88 0.49
668869.75 10054.88 0.49
668869.75 10054.88 0.49
704563.25 10247.18 0.46
696299.44 10252.18 0.46
696299.44 10252.18 0.46
696299.44 10252.18 0.46
696299.44 10252.18 0.46
696299.44 10252.18 0.46
696299.44 10252.18 0.46
696299.44 10252.18 0.46
696299.44 10252.18 0.46
696299.44 10252.18 0.46
704563.25 10247.18 0.46
696299.44 10252.18 0.46
704563.25 10247.18 0.46
704563.25 10247.18 0.46
704563.25 10247.18 0.46
704563.25 10247.18 0.46
704563.25 10247.18 0.46
704563.25 10247.18 0.46
704563.25 10247.18 0.46
704563.25 10247.18 0.46
704563.25 10247.18 0.46
696299.44 10252.18 0.46
696299.44 10252.18 0.46
696299.44 10252.18 0.46
696299.44 10252.18 0.46
696299.44 10252.18 0.46
696299.44 10252.18 0.46
696299.44 10252.18 0.46
696299.44 10252.18 0.46
696299.44 10252.18 0.46
696299.44 10252.18 0.46
704563.25 10247.18 0.46
696299.44 10252.18 0.46
696299.44 10252.18 0.46
696299.44 10252.18 0.46
696299.44 10252.18 0.46
696299.44 10252.18 0.46
696299.44 10252.18 0.46
696299.44 10252.18 0.46
696299.44 10252.18 0.46
696299.44 10252.18 0.46
725192.31 10232.18 0.46
725192.31 10232.18 0.46
725192.31 10232.18 0.46
725192.31 10232.18 0.46
725192.31 10232.18 0.46
725192.31 10232.18 0.46
725192.31 10232.18 0.46
725192.31 10232.18 0.46
725192.31 10232.18 0.46
725192.31 10232.18 0.46
725192.31 10232.18 0.46
716948.31 10237.18 0.46
725192.31 10232.18 0.46
725192.31 10232.18 0.46
725192.31 10232.18 0.46
725192.31 10232.18 0.46
725192.31 10232.18 0.46
725192.31 10232.18 0.46
725192.31 10232.18 0.46
725192.31 10232.18 0.46
696299.44 10252.18 0.46
704563.25 10247.18 0.46
704563.25 10247.18 0.46
704563.25 10247.18 0.46
704563.25 10247.18 0.46
704563.25 10247.18 0.46
704563.25 10247.18 0.46
704563.25 10247.18 0.46
704563.25 10247.18 0.46
704563.25 10247.18 0.46
704563.25 10247.18 0.46
704563.25 10247.18 0.46
704563.25 10247.18 0.46
704563.25 10247.18 0.46
704563.25 10247.18 0.46
704563.25 10247.18 0.46
704563.25 10247.18 0.46
704563.25 10247.18 0.46
716948.31 10237.18 0.46
795476.12 11395.85 0.47
795384.00 11434.97 0.50
733465.25 10610.20 0.50
693759.50 10378.86 0.56
696840.44 10298.86 0.56
693759.50 10378.86 0.56
696840.44 10298.86 0.56
696840.44 10298.86 0.56
696840.44 10298.86 0.56
696840.44 10298.86 0.56
696840.44 10298.86 0.56
696840.44 10298.86 0.56
696840.44 10298.86 0.56
696840.44 10298.86 0.56
696840.44 10298.86 0.56
696840.44 10298.86 0.56
696840.44 10298.86 0.56
696840.44 10298.86 0.56
696840.44 10298.86 0.56
696840.44 10298.86 0.56
696840.44 10298.86 0.56
696840.44 10298.86 0.56
693759.50 10378.86 0.56
693759.50 10378.86 0.56
693759.50 10378.86 0.56
693759.50 10378.86 0.56
693759.50 10378.86 0.56
693759.50 10378.86 0.56
693759.50 10378.86 0.56
693759.50 10378.86 0.56
693759.50 10378.86 0.56
693759.50 10378.86 0.56
693759.50 10378.86 0.56
693759.50 10378.86 0.56
693759.50 10378.86 0.56
693759.50 10378.86 0.56
693759.50 10378.86 0.56
693759.50 10378.86 0.56
693759.50 10378.86 0.56
693759.50 10378.86 0.56
693759.50 10378.86 0.56
696840.44 10298.86 0.56
696840.44 10298.86 0.56
696840.44 10298.86 0.56
696840.44 10298.86 0.56
696840.44 10298.86 0.56
696840.44 10298.86 0.56
696840.44 10298.86 0.56
696840.44 10298.86 0.56
696840.44 10298.86 0.56
696840.44 10298.86 0.56
696840.44 10298.86 0.56
696840.44 10298.86 0.56
696840.44 10298.86 0.56
696840.44 10298.86 0.56
696840.44 10298.86 0.56
696840.44 10298.86 0.56
702260.00 10223.86 0.56
696840.44 10298.86 0.56
696840.44 10298.86 0.56
696840.44 10298.86 0.56
696840.44 10298.86 0.56
696840.44 10298.86 0.56
696840.44 10298.86 0.56
696840.44 10298.86 0.56
696840.44 10298.86 0.56
696840.44 10298.86 0.56
696840.44 10298.86 0.56
696840.44 10298.86 0.56
696840.44 10298.86 0.56
696840.44 10298.86 0.56
696840.44 10298.86 0.56
696840.44 10298.86 0.56
696993.88 10231.60 0.59
693923.94 10311.60 0.59
696993.88 10231.60 0.59
696993.88 10231.60 0.59
696993.88 10231.60 0.59
696993.88 10231.60 0.59
696993.88 10231.60 0.59
653331.50 10035.12 0.41
653331.50 10035.12 0.41
653331.50 10035.12 0.41
663026.94 9950.12 0.41
650786.75 10114.88 0.49
650786.75 10114.88 0.49
650786.75 10114.88 0.49
650786.75 10114.88 0.49
650786.75 10114.88 0.49
650786.75 10114.88 0.49
650786.75 10114.88 0.49
650786.75 10114.88 0.49
650786.75 10114.88 0.49
650786.75 10114.88 0.49
650786.75 10114.88 0.49
650786.75 10114.88 0.49
650786.75 10114.88 0.49
646124.44 9800.75 0.53
629464.81 9830.75 0.53
646124.44 9800.75 0.53
646124.44 9800.75 0.53
646124.44 9800.75 0.53
646124.44 9800.75 0.53
646124.44 9800.75 0.53
646124.44 9800.75 0.53
646124.44 9800.75 0.53
646124.44 9800.75 0.53
646124.44 9800.75 0.53
646124.44 9800.75 0.53
646124.44 9800.75 0.53
646124.44 9800.75 0.53
629464.81 9830.75 0.53
629464.81 9830.75 0.53
629464.81 9830.75 0.53
629464.81 9830.75 0.53
629464.81 9830.75 0.53
629464.81 9830.75 0.53
629464.81 9830.75 0.53
629464.81 9830.75 0.53
629464.81 9830.75 0.53
629464.81 9830.75 0.53
629464.81 9830.75 0.53
629464.81 9830.75 0.53
629464.81 9830.75 0.53
646124.44 9800.75 0.53
646124.44 9800.75 0.53
646124.44 9800.75 0.53
646124.44 9800.75 0.53
646124.44 9800.75 0.53
646124.44 9800.75 0.53
646124.44 9800.75 0.53
646124.44 9800.75 0.53
646124.44 9800.75 0.53
646124.44 9800.75 0.53
646124.44 9800.75 0.53
629464.81 9830.75 0.53
646124.44 9800.75 0.53
648251.38 9761.52 0.63
636835.06 9771.52 0.63
622892.62 9668.48 0.65
617542.06 9730.98 0.70
617542.06 9730.98 0.70
617542.06 9730.98 0.70
615330.00 9641.28 0.71
615330.00 9641.28 0.71
615330.00 9641.28 0.71
615330.00 9641.28 0.71
615330.00 9641.28 0.71
615330.00 9641.28 0.71
615330.00 9641.28 0.71
615330.00 9641.28 0.71
615330.00 9641.28 0.71
615330.00 9641.28 0.71
615330.00 9641.28 0.71
615330.00 9641.28 0.71
615330.00 9641.28 0.71
615330.00 9641.28 0.71
615330.00 9641.28 0.71
615330.00 9641.28 0.71
615330.00 9641.28 0.71
640659.69 9630.12 0.41
640659.69 9630.12 0.41
632624.00 9532.08 0.43
632624.00 9532.08 0.43
632624.00 9532.08 0.43
632624.00 9532.08 0.43
632624.00 9532.08 0.43
632624.00 9532.08 0.43
632624.00 9532.08 0.43
626880.50 9700.75 0.56
615769.62 9488.97 0.66
615769.62 9488.97 0.66
602858.06 9325.86 0.70
602858.06 9325.86 0.70
602858.06 9325.86 0.70
602858.06 9325.86 0.70
602858.06 9325.86 0.70
602858.06 9325.86 0.70
602858.06 9325.86 0.70
602858.06 9325.86 0.70
602858.06 9325.86 0.70
602858.06 9325.86 0.70
602858.06 9325.86 0.70
602858.06 9325.86 0.70
602858.06 9325.86 0.70
602858.06 9325.86 0.70
602858.06 9325.86 0.70
602858.06 9325.86 0.70
602858.06 9325.86 0.70
602858.06 9325.86 0.70
596312.75 9538.95 0.79
569587.88 9160.91 0.81
569587.88 9160.91 0.81
569587.88 9160.91 0.81
569587.88 9160.91 0.81
569587.88 9160.91 0.81
569587.88 9160.91 0.81
569587.88 9160.91 0.81
569587.88 9160.91 0.81
569587.88 9160.91 0.81
569587.88 9160.91 0.81
569587.88 9160.91 0.81
569587.88 9160.91 0.81
569587.88 9160.91 0.81
569587.88 9160.91 0.81
569587.88 9160.91 0.81
569587.88 9160.91 0.81
569587.88 9160.91 0.81
569587.88 9160.91 0.81
569587.88 9160.91 0.81
569587.88 9160.91 0.81
569587.88 9160.91 0.81
569587.88 9160.91 0.81
569587.88 9160.91 0.81
569587.88 9160.91 0.81
569587.88 9160.91 0.81
569587.88 9160.91 0.81
569587.88 9160.91 0.81
569587.88 9160.91 0.81
569587.88 9160.91 0.81
569587.88 9160.91 0.81
569587.88 9160.91 0.81
569587.88 9160.91 0.81
569587.88 9160.91 0.81
569587.88 9160.91 0.81
569587.88 9160.91 0.81
569587.88 9160.91 0.81
569587.88 9160.91 0.81
569587.88 9160.91 0.81
569587.88 9160.91 0.81
569587.88 9160.91 0.81
569587.88 9160.91 0.81
569587.88 9160.91 0.81
569587.88 9160.91 0.81
569587.88 9160.91 0.81
569587.88 9160.91 0.81
569587.88 9160.91 0.81
569587.88 9160.91 0.81
569587.88 9160.91 0.81
569587.88 9160.91 0.81
624159.12 9897.18 0.46
624159.12 9897.18 0.46
624159.12 9897.18 0.46
624159.12 9897.18 0.46
624159.12 9897.18 0.46
624159.12 9897.18 0.46
624159.12 9897.18 0.46
624159.12 9897.18 0.46
624159.12 9897.18 0.46
624159.12 9897.18 0.46
624159.12 9897.18 0.46
624159.12 9897.18 0.46
624159.12 9897.18 0.46
624159.12 9897.18 0.46
624159.12 9897.18 0.46
624159.12 9897.18 0.46
624159.12 9897.18 0.46
624159.12 9897.18 0.46
624159.12 9897.18 0.46
624159.12 9897.18 0.46
623370.50 9942.18 0.46
623370.50 9942.18 0.46
623370.50 9942.18 0.46
623370.50 9942.18 0.46
623370.50 9942.18 0.46
623370.50 9942.18 0.46
623370.50 9942.18 0.46
623370.50 9942.18 0.46
623370.50 9942.18 0.46
623370.50 9942.18 0.46
623370.50 9942.18 0.46
623370.50 9942.18 0.46
623370.50 9942.18 0.46
623370.50 9942.18 0.46
623370.50 9942.18 0.46
623370.50 9942.18 0.46
623370.50 9942.18 0.46
623370.50 9942.18 0.46
623370.50 9942.18 0.46
623370.50 9942.18 0.46
623370.50 9942.18 0.46
623370.50 9942.18 0.46
623370.50 9942.18 0.46
623370.50 9942.18 0.46
623370.50 9942.18 0.46
623370.50 9942.18 0.46
623370.50 9942.18 0.46
623370.50 9942.18 0.46
623370.50 9942.18 0.46
623370.50 9942.18 0.46
623370.50 9942.18 0.46
623370.50 9942.18 0.46
623370.50 9942.18 0.46
623370.50 9942.18 0.46
624159.12 9897.18 0.46
624159.12 9897.18 0.46
624159.12 9897.18 0.46
640564.19 9796.17 0.60
627088.50 9871.17 0.60
627878.38 9826.17 0.60
627878.38 9826.17 0.60
627878.38 9826.17 0.60
627878.38 9826.17 0.60
627878.38 9826.17 0.60
627878.38 9826.17 0.60
627878.38 9826.17 0.60
627878.38 9826.17 0.60
627878.38 9826.17 0.60
627878.38 9826.17 0.60
627878.38 9826.17 0.60
627878.38 9826.17 0.60
627878.38 9826.17 0.60
627878.38 9826.17 0.60
627088.50 9871.17 0.60
627088.50 9871.17 0.60
627088.50 9871.17 0.60
627088.50 9871.17 0.60
627088.50 9871.17 0.60
627088.50 9871.17 0.60
627088.50 9871.17 0.60
651705.56 10137.08 0.43
651705.56 10137.08 0.43
651705.56 10137.08 0.43
651705.56 10137.08 0.43
651705.56 10137.08 0.43
651705.56 10137.08 0.43
651705.56 10137.08 0.43
651705.56 10137.08 0.43
651705.56 10137.08 0.43
651705.56 10137.08 0.43
651705.56 10137.08 0.43
651705.56 10137.08 0.43
651705.56 10137.08 0.43
651705.56 10137.08 0.43
651705.56 10137.08 0.43
651705.56 10137.08 0.43
651705.56 10137.08 0.43
651705.56 10137.08 0.43
651705.56 10137.08 0.43
651705.56 10137.08 0.43
651705.56 10137.08 0.43
651705.56 10137.08 0.43
651705.56 10137.08 0.43
651705.56 10137.08 0.43
651705.56 10137.08 0.43
651705.56 10137.08 0.43
651705.56 10137.08 0.43
651705.56 10137.08 0.43
651705.56 10137.08 0.43
651705.56 10137.08 0.43
651705.56 10137.08 0.43
651705.56 10137.08 0.43
651705.56 10137.08 0.43
651705.56 10137.08 0.43
651705.56 10137.08 0.43
651705.56 10137.08 0.43
651705.56 10137.08 0.43
651705.56 10137.08 0.43
651705.56 10137.08 0.43
651705.56 10137.08 0.43
651705.56 10137.08 0.43
656203.31 10077.08 0.43
656203.31 10077.08 0.43
656203.31 10077.08 0.43
656203.31 10077.08 0.43
656203.31 10077.08 0.43
656203.31 10077.08 0.43
656203.31 10077.08 0.43
656203.31 10077.08 0.43
656203.31 10077.08 0.43
656203.31 10077.08 0.43
656203.31 10077.08 0.43
656203.31 10077.08 0.43
656203.31 10077.08 0.43
656203.31 10077.08 0.43
656203.31 10077.08 0.43
656203.31 10077.08 0.43
656203.31 10077.08 0.43
656203.31 10077.08 0.43
656203.31 10077.08 0.43
651705.56 10137.08 0.43
656203.31 10077.08 0.43
651705.56 10137.08 0.43
656203.31 10077.08 0.43
656203.31 10077.08 0.43
656203.31 10077.08 0.43
656203.31 10077.08 0.43
656203.31 10077.08 0.43
656203.31 10077.08 0.43
656203.31 10077.08 0.43
656203.31 10077.08 0.43
656203.31 10077.08 0.43
656203.31 10077.08 0.43
656203.31 10077.08 0.43
656203.31 10077.08 0.43
656203.31 10077.08 0.43
656203.31 10077.08 0.43
656203.31 10077.08 0.43
656203.31 10077.08 0.43
656203.31 10077.08 0.43
687007.00 10084.44 0.51
687007.00 10084.44 0.51
687007.00 10084.44 0.51
687007.00 10084.44 0.51
687007.00 10084.44 0.51
687007.00 10084.44 0.51
687007.00 10084.44 0.51
687007.00 10084.44 0.51
687007.00 10084.44 0.51
687007.00 10084.44 0.51
687007.00 10084.44 0.51
687007.00 10084.44 0.51
687007.00 10084.44 0.51
687007.00 10084.44 0.51
687007.00 10084.44 0.51
687007.00 10084.44 0.51
687007.00 10084.44 0.51
687007.00 10084.44 0.51
687007.00 10084.44 0.51
687007.00 10084.44 0.51
687007.00 10084.44 0.51
683304.00 10129.44 0.51
683304.00 10129.44 0.51
683304.00 10129.44 0.51
683304.00 10129.44 0.51
683304.00 10129.44 0.51
683304.00 10129.44 0.51
683304.00 10129.44 0.51
683304.00 10129.44 0.51
683304.00 10129.44 0.51
683304.00 10129.44 0.51
690408.75 10069.44 0.51
687007.00 10084.44 0.51
687007.00 10084.44 0.51
687007.00 10084.44 0.51
687007.00 10084.44 0.51
687007.00 10084.44 0.51
687007.00 10084.44 0.51
687007.00 10084.44 0.51
687007.00 10084.44 0.51
687007.00 10084.44 0.51
687007.00 10084.44 0.51
687007.00 10084.44 0.51
687007.00 10084.44 0.51
687007.00 10084.44 0.51
687007.00 10084.44 0.51
687007.00 10084.44 0.51
687007.00 10084.44 0.51
687007.00 10084.44 0.51
687007.00 10084.44 0.51
687007.00 10084.44 0.51
687007.00 10084.44 0.51
687007.00 10084.44 0.51
687007.00 10084.44 0.51
687007.00 10084.44 0.51
687007.00 10084.44 0.51
687007.00 10084.44 0.51
687007.00 10084.44 0.51
687007.00 10084.44 0.51
690408.75 10069.44 0.51
690408.75 10069.44 0.51
687007.00 10084.44 0.51
687007.00 10084.44 0.51
687007.00 10084.44 0.51
687007.00 10084.44 0.51
687007.00 10084.44 0.51
687007.00 10084.44 0.51
687007.00 10084.44 0.51
687007.00 10084.44 0.51
687007.00 10084.44 0.51
687007.00 10084.44 0.51
687007.00 10084.44 0.51
687007.00 10084.44 0.51
687007.00 10084.44 0.51
687007.00 10084.44 0.51
687007.00 10084.44 0.51
687007.00 10084.44 0.51
687007.00 10084.44 0.51
687007.00 10084.44 0.51
687007.00 10084.44 0.51