985127.12 16064.31 1.30
985127.12 16064.31 1.30
985127.12 16064.31 1.30
985127.12 16064.31 1.30
985127.12 16064.31 1.30
985127.12 16064.31 1.30
985127.12 16064.31 1.30
985127.12 16064.31 1.30
985127.12 16064.31 1.30
985127.12 16064.31 1.30
985127.12 16064.31 1.30
985127.12 16064.31 1.30
985127.12 16064.31 1.30
985127.12 16064.31 1.30
1000842.94 15978.54 1.30
1000842.94 15978.54 1.30
1000842.94 15978.54 1.30
1000842.94 15978.54 1.30
1000842.94 15978.54 1.30
1000842.94 15978.54 1.30
1000842.94 15978.54 1.30
1000842.94 15978.54 1.30
985127.12 16064.31 1.30
985127.12 16064.31 1.30
985127.12 16064.31 1.30
985127.12 16064.31 1.30
985127.12 16064.31 1.30
985127.12 16064.31 1.30
985127.12 16064.31 1.30
985127.12 16064.31 1.30
985127.12 16064.31 1.30
985127.12 16064.31 1.30
985127.12 16064.31 1.30
1000842.94 15978.54 1.30
985127.12 16064.31 1.30
985127.12 16064.31 1.30
985127.12 16064.31 1.30
985127.12 16064.31 1.30
985127.12 16064.31 1.30
985127.12 16064.31 1.30
985127.12 16064.31 1.30
985127.12 16064.31 1.30
985127.12 16064.31 1.30
985127.12 16064.31 1.30
1000842.94 15978.54 1.30
1000842.94 15978.54 1.30
1000842.94 15978.54 1.30
1000842.94 15978.54 1.30
1000842.94 15978.54 1.30
1000842.94 15978.54 1.30
1000842.94 15978.54 1.30
1000842.94 15978.54 1.30
1000842.94 15978.54 1.30
1000842.94 15978.54 1.30
1000842.94 15978.54 1.30
1000842.94 15978.54 1.30
1000842.94 15978.54 1.30
1000842.94 15978.54 1.30
1000842.94 15978.54 1.30
1000842.94 15978.54 1.30
1000842.94 15978.54 1.30
1000842.94 15978.54 1.30
1000842.94 15978.54 1.30
1000842.94 15978.54 1.30
1000842.94 15978.54 1.30
1000842.94 15978.54 1.30
1000842.94 15978.54 1.30
1000842.94 15978.54 1.30
1000842.94 15978.54 1.30
1000842.94 15978.54 1.30
1000842.94 15978.54 1.30
1000842.94 15978.54 1.30
1000842.94 15978.54 1.30
1000842.94 15978.54 1.30
1000842.94 15978.54 1.30
1000842.94 15978.54 1.30
931892.56 15656.42 1.36
947608.31 15570.65 1.36
947608.31 15570.65 1.36
947608.31 15570.65 1.36
981798.12 15753.54 1.30
981701.44 15768.21 1.30
981701.44 15768.21 1.30
981701.44 15768.21 1.30
981701.44 15768.21 1.30
981798.12 15753.54 1.30
981798.12 15753.54 1.30
981798.12 15753.54 1.30
981798.12 15753.54 1.30
981798.12 15753.54 1.30
981798.12 15753.54 1.30
981701.44 15768.21 1.30
981798.12 15753.54 1.30
981798.12 15753.54 1.30
981798.12 15753.54 1.30
981798.12 15753.54 1.30
981798.12 15753.54 1.30
981798.12 15753.54 1.30
981798.12 15753.54 1.30
981798.12 15753.54 1.30
981798.12 15753.54 1.30
981701.44 15768.21 1.30
981701.44 15768.21 1.30
981701.44 15768.21 1.30
981701.44 15768.21 1.30
981701.44 15768.21 1.30
981701.44 15768.21 1.30
981701.44 15768.21 1.30
981701.44 15768.21 1.30
981701.44 15768.21 1.30
981701.44 15768.21 1.30
981701.44 15768.21 1.30
981798.12 15753.54 1.30
981701.44 15768.21 1.30
981701.44 15768.21 1.30
981701.44 15768.21 1.30
981701.44 15768.21 1.30
981701.44 15768.21 1.30
981701.44 15768.21 1.30
981701.44 15768.21 1.30
981701.44 15768.21 1.30
981701.44 15768.21 1.30
981798.12 15753.54 1.30
981798.12 15753.54 1.30
981798.12 15753.54 1.30
981798.12 15753.54 1.30
981798.12 15753.54 1.30
981798.12 15753.54 1.30
981798.12 15753.54 1.30
981798.12 15753.54 1.30
981798.12 15753.54 1.30
981798.12 15753.54 1.30
981798.12 15753.54 1.30
981798.12 15753.54 1.30
981798.12 15753.54 1.30
981798.12 15753.54 1.30
981798.12 15753.54 1.30
981798.12 15753.54 1.30
981798.12 15753.54 1.30
981798.12 15753.54 1.30
981798.12 15753.54 1.30
981798.12 15753.54 1.30
981798.12 15753.54 1.30
981798.12 15753.54 1.30
981798.12 15753.54 1.30
981798.12 15753.54 1.30
981798.12 15753.54 1.30
981798.12 15753.54 1.30
981798.12 15753.54 1.30
981798.12 15753.54 1.30
981798.12 15753.54 1.30
981798.12 15753.54 1.30
981798.12 15753.54 1.30
981798.12 15753.54 1.30
981798.12 15753.54 1.30
981798.12 15753.54 1.30
981798.12 15753.54 1.30
981798.12 15753.54 1.30
981798.12 15753.54 1.30
981798.12 15753.54 1.30
1161392.62 16707.60 2.37
880461.88 14371.70 2.42
845791.88 13741.70 2.45
845791.88 13741.70 2.45
845791.88 13741.70 2.45
845791.88 13741.70 2.45
845791.88 13741.70 2.45
845791.88 13741.70 2.45
845791.88 13741.70 2.45
845791.88 13741.70 2.45
845791.88 13741.70 2.45
845791.88 13741.70 2.45
845791.88 13741.70 2.45
845791.88 13741.70 2.45
845791.88 13741.70 2.45
845791.88 13741.70 2.45
845791.88 13741.70 2.45
845791.88 13741.70 2.45
845791.88 13741.70 2.45
845791.88 13741.70 2.45
845791.88 13741.70 2.45
845791.88 13741.70 2.45
830145.88 14022.93 2.45
830145.88 14022.93 2.45
830145.88 14022.93 2.45
830145.88 14022.93 2.45
830145.88 14022.93 2.45
830145.88 14022.93 2.45
830145.88 14022.93 2.45
830145.88 14022.93 2.45
830145.88 14022.93 2.45
830145.88 14022.93 2.45
845791.88 13741.70 2.45
830145.88 14022.93 2.45
830145.88 14022.93 2.45
830145.88 14022.93 2.45
845791.88 13741.70 2.45
845791.88 13741.70 2.45
845791.88 13741.70 2.45
845791.88 13741.70 2.45
845791.88 13741.70 2.45
845791.88 13741.70 2.45
845791.88 13741.70 2.45
845791.88 13741.70 2.45
845791.88 13741.70 2.45
845791.88 13741.70 2.45
845791.88 13741.70 2.45
845791.88 13741.70 2.45
845791.88 13741.70 2.45
845791.88 13741.70 2.45
845791.88 13741.70 2.45
845791.88 13741.70 2.45
845791.88 13741.70 2.45
845791.88 13741.70 2.45
845791.88 13741.70 2.45
845791.88 13741.70 2.45
845791.88 13741.70 2.45
845791.88 13741.70 2.45
845791.88 13741.70 2.45
833654.12 13576.70 2.45
833654.12 13576.70 2.45
833654.12 13576.70 2.45
833654.12 13576.70 2.45
833654.12 13576.70 2.45
833654.12 13576.70 2.45
833654.12 13576.70 2.45
833654.12 13576.70 2.45
833654.12 13576.70 2.45
833654.12 13576.70 2.45
833654.12 13576.70 2.45
833654.12 13576.70 2.45
833654.12 13576.70 2.45
833654.12 13576.70 2.45
833654.12 13576.70 2.45
833654.12 13576.70 2.45
833654.12 13576.70 2.45
833654.12 13576.70 2.45
833654.12 13576.70 2.45
833654.12 13576.70 2.45
833654.12 13576.70 2.45
1017463.75 16039.67 1.30
924859.12 14909.67 1.30
889636.81 14452.47 1.47
889636.81 14452.47 1.47
889636.81 14452.47 1.47
889636.81 14452.47 1.47
889636.81 14452.47 1.47
889636.81 14452.47 1.47
889636.81 14452.47 1.47
889636.81 14452.47 1.47
889636.81 14452.47 1.47
889636.81 14452.47 1.47
889636.81 14452.47 1.47
889636.81 14452.47 1.47
889636.81 14452.47 1.47
889636.81 14452.47 1.47
889636.81 14452.47 1.47
889636.81 14452.47 1.47
889636.81 14452.47 1.47
889636.81 14452.47 1.47
889636.81 14452.47 1.47
889636.81 14452.47 1.47
889636.81 14452.47 1.47
889636.81 14452.47 1.47
889636.81 14452.47 1.47
889636.81 14452.47 1.47
889636.81 14452.47 1.47
889636.81 14452.47 1.47
889636.81 14452.47 1.47
889636.81 14452.47 1.47
889636.81 14452.47 1.47
889636.81 14452.47 1.47
889636.81 14452.47 1.47
889636.81 14452.47 1.47
889636.81 14452.47 1.47
889636.81 14452.47 1.47
889636.81 14452.47 1.47
889636.81 14452.47 1.47
889636.81 14452.47 1.47
889636.81 14452.47 1.47
889636.81 14452.47 1.47
889636.81 14452.47 1.47
889636.81 14452.47 1.47
889636.81 14452.47 1.47
889636.81 14452.47 1.47
889636.81 14452.47 1.47
889636.81 14452.47 1.47
889636.81 14452.47 1.47
889636.81 14452.47 1.47
889636.81 14452.47 1.47
889636.81 14452.47 1.47
889636.81 14452.47 1.47
889636.81 14452.47 1.47
889636.81 14452.47 1.47
889636.81 14452.47 1.47
889636.81 14452.47 1.47
889636.81 14452.47 1.47
889636.81 14452.47 1.47
889636.81 14452.47 1.47
889636.81 14452.47 1.47
889636.81 14452.47 1.47
889636.81 14452.47 1.47
889636.81 14452.47 1.47
889636.81 14452.47 1.47
889636.81 14452.47 1.47
889636.81 14452.47 1.47
889636.81 14452.47 1.47
889636.81 14452.47 1.47
889636.81 14452.47 1.47
889636.81 14452.47 1.47
889636.81 14452.47 1.47
889636.81 14452.47 1.47
889636.81 14452.47 1.47
889636.81 14452.47 1.47
889636.81 14452.47 1.47
889636.81 14452.47 1.47
889636.81 14452.47 1.47
889636.81 14452.47 1.47
889636.81 14452.47 1.47
889636.81 14452.47 1.47
936722.44 14916.81 2.13
933682.38 14916.81 2.13
933682.38 14916.81 2.13
933682.38 14916.81 2.13
933682.38 14916.81 2.13
933682.38 14916.81 2.13
933682.38 14916.81 2.13
933682.38 14916.81 2.13
933682.38 14916.81 2.13
933682.38 14916.81 2.13
933682.38 14916.81 2.13
933682.38 14916.81 2.13
933682.38 14916.81 2.13
933682.38 14916.81 2.13
933682.38 14916.81 2.13
933682.38 14916.81 2.13
933682.38 14916.81 2.13
933682.38 14916.81 2.13
933682.38 14916.81 2.13
933682.38 14916.81 2.13
933682.38 14916.81 2.13
933682.38 14916.81 2.13
933682.38 14916.81 2.13
933682.38 14916.81 2.13
933682.38 14916.81 2.13
933682.38 14916.81 2.13
918829.25 14975.14 1.87
933682.38 14916.81 2.13
933682.38 14916.81 2.13
933682.38 14916.81 2.13
982872.00 15301.81 1.42
1022757.38 15761.81 1.38
884686.12 14046.45 3.80
831232.69 13655.02 3.95
870297.31 14640.03 2.40
924969.38 15073.34 1.66
870297.31 14640.03 2.40
925244.62 14911.70 2.27
982872.00 15301.81 1.42
925244.62 14911.70 2.27
870297.31 14640.03 2.40
927355.00 14871.81 2.15
982872.00 15301.81 1.42
1102480.50 16769.67 1.30
933682.38 14916.81 2.13
976731.81 15302.47 1.42
925244.62 14911.70 2.27
964854.81 15533.34 1.63
925244.62 14911.70 2.27
925244.62 14911.70 2.27
925244.62 14911.70 2.27
925244.62 14911.70 2.27
831232.69 13655.02 3.95
925244.62 14911.70 2.27
838849.69 13412.09 4.12
843016.19 13156.32 4.07
827057.94 13910.78 4.00
925244.62 14911.70 2.27
866332.69 14759.14 2.40
925244.62 14911.70 2.27
925244.62 14911.70 2.27
824418.00 13840.90 4.05
925244.62 14911.70 2.27
925244.62 14911.70 2.27
925244.62 14911.70 2.27
925244.62 14911.70 2.27
982872.00 15301.81 1.42
976731.81 15302.47 1.42
925244.62 14911.70 2.27
933682.38 14916.81 2.13
870297.31 14640.03 2.40
982872.00 15301.81 1.42
827057.94 13910.78 4.00
927355.00 14871.81 2.15
925244.62 14911.70 2.27
982872.00 15301.81 1.42
1022757.38 15761.81 1.38
870398.25 14590.14 2.40
1022757.38 15761.81 1.38
1165176.12 16937.17 2.76
1167274.25 16777.98 2.76
1190465.25 16737.21 2.76
1068139.62 16307.17 2.77
1120612.50 16262.98 2.77
1120612.50 16262.98 2.77
1120612.50 16262.98 2.77
1143803.50 16222.21 2.77
1143803.50 16222.21 2.77
1143803.50 16222.21 2.77
1143803.50 16222.21 2.77
1101826.38 15942.75 2.93
1024348.44 15909.03 2.97
1042799.81 15844.40 2.97
1060861.38 15487.75 2.97
1060958.00 15447.86 2.97
1060958.00 15447.86 2.97
911280.69 15165.43 2.98
1003800.19 14842.21 2.98
928192.19 14879.03 2.98
910797.69 15469.79 3.02
1001616.69 14842.21 3.02
1001616.69 14842.21 3.02
893386.25 15010.43 3.08
890245.06 15325.02 3.12
890245.06 15325.02 3.12
972137.62 14877.81 3.33
900932.69 14736.43 3.36
900932.69 14736.43 3.36
900932.69 14736.43 3.36
819354.00 14612.69 3.41
819354.00 14612.69 3.41
819354.00 14612.69 3.41
819354.00 14612.69 3.41
819354.00 14612.69 3.41
819354.00 14612.69 3.41
819354.00 14612.69 3.41
819354.00 14612.69 3.41
819354.00 14612.69 3.41
819354.00 14612.69 3.41
819354.00 14612.69 3.41
819354.00 14612.69 3.41
819354.00 14612.69 3.41
819354.00 14612.69 3.41
819354.00 14612.69 3.41
842744.25 14111.43 3.41
842744.25 14111.43 3.41
842744.25 14111.43 3.41
842744.25 14111.43 3.41
842744.25 14111.43 3.41
842744.25 14111.43 3.41
842744.25 14111.43 3.41
842744.25 14111.43 3.41
842744.25 14111.43 3.41
842744.25 14111.43 3.41
842744.25 14111.43 3.41
819354.00 14612.69 3.41
842744.25 14111.43 3.41
842744.25 14111.43 3.41
842744.25 14111.43 3.41
842744.25 14111.43 3.41
842744.25 14111.43 3.41
842744.25 14111.43 3.41
842744.25 14111.43 3.41
842744.25 14111.43 3.41
842744.25 14111.43 3.41
866777.31 14074.01 3.41
821266.44 14602.46 3.41
819354.00 14612.69 3.41
819354.00 14612.69 3.41
819354.00 14612.69 3.41
819354.00 14612.69 3.41
819354.00 14612.69 3.41
819354.00 14612.69 3.41
819354.00 14612.69 3.41
819354.00 14612.69 3.41
819354.00 14612.69 3.41
819354.00 14612.69 3.41
819354.00 14612.69 3.41
819354.00 14612.69 3.41
879141.69 14379.67 1.30
879045.00 14638.21 1.30
879045.00 14638.21 1.30
879045.00 14638.21 1.30
879045.00 14638.21 1.30
879045.00 14638.21 1.30
879141.69 14379.67 1.30
879141.69 14379.67 1.30
879141.69 14379.67 1.30
879141.69 14379.67 1.30
879141.69 14379.67 1.30
879045.00 14638.21 1.30
879141.69 14379.67 1.30
879141.69 14379.67 1.30
879141.69 14379.67 1.30
879141.69 14379.67 1.30
879141.69 14379.67 1.30
879141.69 14379.67 1.30
879141.69 14379.67 1.30
879141.69 14379.67 1.30
879141.69 14379.67 1.30
879045.00 14638.21 1.30
879045.00 14638.21 1.30
879045.00 14638.21 1.30
879045.00 14638.21 1.30
879045.00 14638.21 1.30
879045.00 14638.21 1.30
879045.00 14638.21 1.30
879045.00 14638.21 1.30
879045.00 14638.21 1.30
879045.00 14638.21 1.30
879045.00 14638.21 1.30
879141.69 14379.67 1.30
879045.00 14638.21 1.30
879045.00 14638.21 1.30
879045.00 14638.21 1.30
879045.00 14638.21 1.30
879045.00 14638.21 1.30
879045.00 14638.21 1.30
879045.00 14638.21 1.30
879045.00 14638.21 1.30
879045.00 14638.21 1.30
879141.69 14379.67 1.30
879141.69 14379.67 1.30
879141.69 14379.67 1.30
879141.69 14379.67 1.30
879141.69 14379.67 1.30
879141.69 14379.67 1.30
879141.69 14379.67 1.30
879141.69 14379.67 1.30
879141.69 14379.67 1.30
879141.69 14379.67 1.30
879141.69 14379.67 1.30
879141.69 14379.67 1.30
879141.69 14379.67 1.30
879141.69 14379.67 1.30
879141.69 14379.67 1.30
879141.69 14379.67 1.30
879141.69 14379.67 1.30
879141.69 14379.67 1.30
879141.69 14379.67 1.30
879141.69 14379.67 1.30
879141.69 14379.67 1.30
879141.69 14379.67 1.30
879141.69 14379.67 1.30
879141.69 14379.67 1.30
879141.69 14379.67 1.30
879141.69 14379.67 1.30
879141.69 14379.67 1.30
879141.69 14379.67 1.30
879141.69 14379.67 1.30
879141.69 14379.67 1.30
879141.69 14379.67 1.30
879141.69 14379.67 1.30
879141.69 14379.67 1.30
879141.69 14379.67 1.30
879141.69 14379.67 1.30
879141.69 14379.67 1.30
879141.69 14379.67 1.30
879141.69 14379.67 1.30
1094942.50 17113.54 1.30
1035878.62 16420.68 1.38
1017071.50 16454.01 1.81
958653.50 15874.01 1.81
958653.50 15874.01 1.81
937362.56 15759.49 2.14
937362.56 15759.49 2.14
937362.56 15759.49 2.14
937362.56 15759.49 2.14
937362.56 15759.49 2.14
937362.56 15759.49 2.14
937362.56 15759.49 2.14
937362.56 15759.49 2.14
937362.56 15759.49 2.14
937362.56 15759.49 2.14
937362.56 15759.49 2.14
937362.56 15759.49 2.14
937362.56 15759.49 2.14
937362.56 15759.49 2.14
937362.56 15759.49 2.14
937362.56 15759.49 2.14
937362.56 15759.49 2.14
937362.56 15759.49 2.14
937362.56 15759.49 2.14
937362.56 15759.49 2.14
937362.56 15759.49 2.14
937362.56 15759.49 2.14
937362.56 15759.49 2.14
937362.56 15759.49 2.14
937362.56 15759.49 2.14
937362.56 15759.49 2.14
937362.56 15759.49 2.14
937362.56 15759.49 2.14
937362.56 15759.49 2.14
937362.56 15759.49 2.14
937362.56 15759.49 2.14
937362.56 15759.49 2.14
937362.56 15759.49 2.14
937362.56 15759.49 2.14
937362.56 15759.49 2.14
937362.56 15759.49 2.14
937362.56 15759.49 2.14
937362.56 15759.49 2.14
937362.56 15759.49 2.14
937362.56 15759.49 2.14
937362.56 15759.49 2.14
937362.56 15759.49 2.14
937362.56 15759.49 2.14
937362.56 15759.49 2.14
937362.56 15759.49 2.14
937362.56 15759.49 2.14
937362.56 15759.49 2.14
937362.56 15759.49 2.14
937362.56 15759.49 2.14
937362.56 15759.49 2.14
937362.56 15759.49 2.14
937362.56 15759.49 2.14
937362.56 15759.49 2.14
937362.56 15759.49 2.14
937459.25 15759.49 2.14
937459.25 15759.49 2.14
937459.25 15759.49 2.14
937459.25 15759.49 2.14
937459.25 15759.49 2.14
937459.25 15759.49 2.14
937459.25 15759.49 2.14
937459.25 15759.49 2.14
937459.25 15759.49 2.14
937459.25 15759.49 2.14
937459.25 15759.49 2.14
937459.25 15759.49 2.14
937459.25 15759.49 2.14
937459.25 15759.49 2.14
937459.25 15759.49 2.14
937362.56 15759.49 2.14
937459.25 15759.49 2.14
937459.25 15759.49 2.14
937459.25 15759.49 2.14
937459.25 15759.49 2.14
937459.25 15759.49 2.14
928961.56 15217.10 2.53
928961.56 15217.10 2.53
928961.56 15217.10 2.53
928961.56 15217.10 2.53
928961.56 15217.10 2.53
932251.00 15087.24 2.55
917355.12 14842.13 3.29
917355.12 14842.13 3.29
917355.12 14842.13 3.29
917355.12 14842.13 3.29
917355.12 14842.13 3.29
917355.12 14842.13 3.29
917355.12 14842.13 3.29
917355.12 14842.13 3.29
917355.12 14842.13 3.29
917355.12 14842.13 3.29
917355.12 14842.13 3.29
917355.12 14842.13 3.29
917355.12 14842.13 3.29
917355.12 14842.13 3.29
917355.12 14842.13 3.29
917355.12 14842.13 3.29
917355.12 14842.13 3.29
917355.12 14842.13 3.29
917355.12 14842.13 3.29
917355.12 14842.13 3.29
917355.12 14842.13 3.29
917355.12 14842.13 3.29
917355.12 14842.13 3.29
917355.12 14842.13 3.29
917355.12 14842.13 3.29
917355.12 14842.13 3.29
917355.12 14842.13 3.29
917355.12 14842.13 3.29
917355.12 14842.13 3.29
917355.12 14842.13 3.29
917355.12 14842.13 3.29
917355.12 14842.13 3.29
917355.12 14842.13 3.29
917355.12 14842.13 3.29
917355.12 14842.13 3.29
917355.12 14842.13 3.29
917355.12 14842.13 3.29
917355.12 14842.13 3.29
917355.12 14842.13 3.29
917355.12 14842.13 3.29
917355.12 14842.13 3.29
917355.12 14842.13 3.29
941496.88 14458.55 3.29
941496.88 14458.55 3.29
941496.88 14458.55 3.29
941496.88 14458.55 3.29
941496.88 14458.55 3.29
941496.88 14458.55 3.29
941496.88 14458.55 3.29
941496.88 14458.55 3.29
941496.88 14458.55 3.29
941496.88 14458.55 3.29
941496.88 14458.55 3.29
941496.88 14458.55 3.29
941496.88 14458.55 3.29
941496.88 14458.55 3.29
941496.88 14458.55 3.29
941496.88 14458.55 3.29
941496.88 14458.55 3.29
941496.88 14458.55 3.29
941986.12 14154.19 3.29
941986.12 14154.19 3.29
941986.12 14154.19 3.29
941986.12 14154.19 3.29
941986.12 14154.19 3.29
941986.12 14154.19 3.29
917844.69 14537.77 3.29
917355.12 14842.13 3.29
917355.12 14842.13 3.29
917355.12 14842.13 3.29
917355.12 14842.13 3.29
917355.12 14842.13 3.29
917355.12 14842.13 3.29
917355.12 14842.13 3.29
841106.94 13536.23 2.29
837400.44 14074.58 2.37
837400.44 14074.58 2.37
837400.44 14074.58 2.37
837400.44 14074.58 2.37
837400.44 14074.58 2.37
837400.44 14074.58 2.37
836720.75 14049.58 2.42
836720.75 14049.58 2.42
836720.75 14049.58 2.42
836720.75 14049.58 2.42
836720.75 14049.58 2.42
836720.75 14049.58 2.42
840278.94 13771.73 2.67
840278.94 13771.73 2.67
840278.94 13771.73 2.67
840278.94 13771.73 2.67
840278.94 13771.73 2.67
840278.94 13771.73 2.67
840278.94 13771.73 2.67
840278.94 13771.73 2.67
840278.94 13771.73 2.67
840278.94 13771.73 2.67
840278.94 13771.73 2.67
840278.94 13771.73 2.67
840278.94 13771.73 2.67
840278.94 13771.73 2.67
840278.94 13771.73 2.67
840278.94 13771.73 2.67
840278.94 13771.73 2.67
840278.94 13771.73 2.67
840278.94 13771.73 2.67
840278.94 13771.73 2.67
840278.94 13771.73 2.67
840278.94 13771.73 2.67
840278.94 13771.73 2.67
840278.94 13771.73 2.67
840278.94 13771.73 2.67
840278.94 13771.73 2.67
840278.94 13771.73 2.67
840278.94 13771.73 2.67
840278.94 13771.73 2.67
840278.94 13771.73 2.67
840278.94 13771.73 2.67
840278.94 13771.73 2.67
840278.94 13771.73 2.67
856831.75 13342.39 2.67
856831.75 13342.39 2.67
856831.75 13342.39 2.67
856831.75 13342.39 2.67
856831.75 13342.39 2.67
856831.75 13342.39 2.67
856831.75 13342.39 2.67
856831.75 13342.39 2.67
856831.75 13342.39 2.67
856831.75 13342.39 2.67
840375.56 13363.28 2.67
856831.75 13342.39 2.67
856831.75 13342.39 2.67
856831.75 13342.39 2.67
856831.75 13342.39 2.67
856831.75 13342.39 2.67
856831.75 13342.39 2.67
856831.75 13342.39 2.67
856831.75 13342.39 2.67
856831.75 13342.39 2.67
840375.56 13363.28 2.67
840375.56 13363.28 2.67
840375.56 13363.28 2.67
840375.56 13363.28 2.67
840375.56 13363.28 2.67
840375.56 13363.28 2.67
840375.56 13363.28 2.67
840375.56 13363.28 2.67
840375.56 13363.28 2.67
840375.56 13363.28 2.67
840375.56 13363.28 2.67
840375.56 13363.28 2.67
856831.75 13342.39 2.67
856831.75 13342.39 2.67
916929.38 14391.45 2.49
916929.38 14391.45 2.49
916929.38 14391.45 2.49
914377.88 14391.45 2.49
916370.00 14391.45 2.49
916370.00 14391.45 2.49
916370.00 14391.45 2.49
916370.00 14391.45 2.49
916370.00 14391.45 2.49
916370.00 14391.45 2.49
916370.00 14391.45 2.49
916370.00 14391.45 2.49
916370.00 14391.45 2.49
916370.00 14391.45 2.49
916370.00 14391.45 2.49
916370.00 14391.45 2.49
916370.00 14391.45 2.49
916370.00 14391.45 2.49
916370.00 14391.45 2.49
916370.00 14391.45 2.49
916370.00 14391.45 2.49
916370.00 14391.45 2.49
916370.00 14391.45 2.49
916370.00 14391.45 2.49
904138.25 14276.45 2.52
904138.25 14276.45 2.52
871866.94 13751.45 2.59
871866.94 13751.45 2.59
871866.94 13751.45 2.59
871866.94 13751.45 2.59
871866.94 13751.45 2.59
871866.94 13751.45 2.59
871866.94 13751.45 2.59
871866.94 13751.45 2.59
871866.94 13751.45 2.59
871866.94 13751.45 2.59
871866.94 13751.45 2.59
871866.94 13751.45 2.59
871866.94 13751.45 2.59
871866.94 13751.45 2.59
871866.94 13751.45 2.59
861047.50 14011.27 2.59
871866.94 13751.45 2.59
873006.94 13751.45 2.59
873006.94 13751.45 2.59
873006.94 13751.45 2.59
873006.94 13751.45 2.59
873006.94 13751.45 2.59
873006.94 13751.45 2.59
873006.94 13751.45 2.59
873006.94 13751.45 2.59
873006.94 13751.45 2.59
873006.94 13751.45 2.59
873006.94 13751.45 2.59
873006.94 13751.45 2.59
873006.94 13751.45 2.59
873006.94 13751.45 2.59
873006.94 13751.45 2.59
873006.94 13751.45 2.59
873006.94 13751.45 2.59
873006.94 13751.45 2.59
873006.94 13751.45 2.59
873006.94 13751.45 2.59
873006.94 13751.45 2.59
871866.94 13751.45 2.59
871866.94 13751.45 2.59
871866.94 13751.45 2.59
871866.94 13751.45 2.59
871866.94 13751.45 2.59
871866.94 13751.45 2.59
871866.94 13751.45 2.59
871866.94 13751.45 2.59
871866.94 13751.45 2.59
871866.94 13751.45 2.59
871866.94 13751.45 2.59
871866.94 13751.45 2.59
871866.94 13751.45 2.59
871866.94 13751.45 2.59
873006.94 13751.45 2.59
873006.94 13751.45 2.59
1078855.50 16806.81 1.42
1063593.50 16806.81 1.59
1062710.75 16736.81 1.62
1062710.75 16736.81 1.62
1005876.31 16076.81 1.75
1013576.56 15821.81 1.89
999704.88 15871.81 1.93
991862.56 15916.81 1.93
994552.12 15881.81 1.93
999704.88 15871.81 1.93
999704.88 15871.81 1.93
999704.88 15871.81 1.93
999704.88 15871.81 1.93
999704.88 15871.81 1.93
999704.88 15871.81 1.93
999704.88 15871.81 1.93
999704.88 15871.81 1.93
981090.25 15766.45 2.08
981090.25 15766.45 2.08
981090.25 15766.45 2.08
981090.25 15766.45 2.08
981090.25 15766.45 2.08
981090.25 15766.45 2.08
981090.25 15766.45 2.08
981090.25 15766.45 2.08
981090.25 15766.45 2.08
981090.25 15766.45 2.08
981090.25 15766.45 2.08
984943.50 15751.67 2.10
979541.00 15726.81 2.13
966928.62 15621.81 2.15
967912.69 15616.81 2.15
986131.62 15796.81 1.96
999704.88 15871.81 1.93
982035.44 16021.45 1.79
1177775.62 18039.67 1.30
981090.25 15766.45 2.08
981090.25 15766.45 2.08
975022.56 14917.03 3.82
981090.25 15766.45 2.08
981090.25 15766.45 2.08
981090.25 15766.45 2.08
981090.25 15766.45 2.08
981090.25 15766.45 2.08
986131.62 15796.81 1.96
1125698.50 16715.72 2.66
1010371.06 15320.73 2.70
1002712.50 15320.73 2.70
978641.62 15095.73 2.73
978641.62 15095.73 2.73
978641.62 15095.73 2.73
884277.75 13905.73 2.75
860258.00 13680.73 2.79
860258.00 13680.73 2.79
860258.00 13680.73 2.79
860258.00 13680.73 2.79
860258.00 13680.73 2.79
860258.00 13680.73 2.79
860258.00 13680.73 2.79
860258.00 13680.73 2.79
860258.00 13680.73 2.79
860258.00 13680.73 2.79
860258.00 13680.73 2.79
860258.00 13680.73 2.79
860258.00 13680.73 2.79
825819.31 13461.61 2.87
825819.31 13461.61 2.87
825819.31 13461.61 2.87
825819.31 13461.61 2.87
825819.31 13461.61 2.87
825819.31 13461.61 2.87
825819.31 13461.61 2.87
825819.31 13461.61 2.87
825819.31 13461.61 2.87
825819.31 13461.61 2.87
825819.31 13461.61 2.87
825819.31 13461.61 2.87
825819.31 13461.61 2.87
825819.31 13461.61 2.87
825819.31 13461.61 2.87
825819.31 13461.61 2.87
825819.31 13461.61 2.87
825819.31 13461.61 2.87
825819.31 13461.61 2.87
825819.31 13461.61 2.87
825819.31 13461.61 2.87
839444.00 13415.73 2.87
839444.00 13415.73 2.87
839444.00 13415.73 2.87
839444.00 13415.73 2.87
839444.00 13415.73 2.87
839444.00 13415.73 2.87
839444.00 13415.73 2.87
839444.00 13415.73 2.87
839444.00 13415.73 2.87
839444.00 13415.73 2.87
839444.00 13415.73 2.87
839444.00 13415.73 2.87
839444.00 13415.73 2.87
839444.00 13415.73 2.87
839444.00 13415.73 2.87
839444.00 13415.73 2.87
839444.00 13415.73 2.87
839444.00 13415.73 2.87
839444.00 13415.73 2.87
839444.00 13415.73 2.87
825819.31 13461.61 2.87
825819.31 13461.61 2.87
825819.31 13461.61 2.87
825819.31 13461.61 2.87
825819.31 13461.61 2.87
825819.31 13461.61 2.87
825819.31 13461.61 2.87
825819.31 13461.61 2.87
825819.31 13461.61 2.87
825819.31 13461.61 2.87
825819.31 13461.61 2.87
825819.31 13461.61 2.87
825819.31 13461.61 2.87
825819.31 13461.61 2.87
825819.31 13461.61 2.87
825819.31 13461.61 2.87
825819.31 13461.61 2.87
825819.31 13461.61 2.87
825819.31 13461.61 2.87
1016568.44 16293.54 1.30
1016983.06 16073.54 1.30
963920.00 15641.06 1.36
957397.50 15675.34 1.82
957494.19 15660.68 1.82
957494.19 15660.68 1.82
957494.19 15660.68 1.82
957494.19 15660.68 1.82
957494.19 15660.68 1.82
971638.50 15520.68 1.82
909395.75 15091.34 1.83
909395.75 15091.34 1.83
909395.75 15091.34 1.83
909299.06 15106.00 1.83
905213.69 15446.87 2.06
905310.38 15432.21 2.06
905310.38 15432.21 2.06
905310.38 15432.21 2.06
905213.69 15446.87 2.06
905213.69 15446.87 2.06
867755.06 14986.87 2.10
867851.75 14972.21 2.10
873223.38 14889.92 2.23
857211.94 14764.01 2.28
857211.94 14764.01 2.28
857211.94 14764.01 2.28
857211.94 14764.01 2.28
857211.94 14764.01 2.28
857211.94 14764.01 2.28
857211.94 14764.01 2.28
857211.94 14764.01 2.28
857211.94 14764.01 2.28
857211.94 14764.01 2.28
857211.94 14764.01 2.28
857115.25 14778.67 2.28
857115.25 14778.67 2.28
857115.25 14778.67 2.28
857115.25 14778.67 2.28
857115.25 14778.67 2.28
857115.25 14778.67 2.28
857115.25 14778.67 2.28
857115.25 14778.67 2.28
857115.25 14778.67 2.28
857211.94 14764.01 2.28
857211.94 14764.01 2.28
857211.94 14764.01 2.28
857211.94 14764.01 2.28
857211.94 14764.01 2.28
834098.75 14099.92 2.43
828882.56 14019.92 2.47
804962.81 14084.92 2.51
804962.81 14084.92 2.51
804962.81 14084.92 2.51
804962.81 14084.92 2.51
804962.81 14084.92 2.51
804962.81 14084.92 2.51
804962.81 14084.92 2.51
804962.81 14084.92 2.51
804962.81 14084.92 2.51
798846.56 13849.92 2.52
798846.56 13849.92 2.52
798846.56 13849.92 2.52
798846.56 13849.92 2.52
798846.56 13849.92 2.52
798846.56 13849.92 2.52
798846.56 13849.92 2.52
798846.56 13849.92 2.52
798846.56 13849.92 2.52
798846.56 13849.92 2.52
798846.56 13849.92 2.52
798846.56 13849.92 2.52
798846.56 13849.92 2.52
798846.56 13849.92 2.52
798846.56 13849.92 2.52
798846.56 13849.92 2.52
798846.56 13849.92 2.52
798846.56 13849.92 2.52
798846.56 13849.92 2.52
798846.56 13849.92 2.52
798846.56 13849.92 2.52
921687.25 14880.80 2.42
921867.00 14615.32 2.42
921687.25 14880.80 2.42
921687.25 14880.80 2.42
921687.25 14880.80 2.42
921687.25 14880.80 2.42
921687.25 14880.80 2.42
921687.25 14880.80 2.42
921687.25 14880.80 2.42
921687.25 14880.80 2.42
921687.25 14880.80 2.42
921687.25 14880.80 2.42
921867.00 14615.32 2.42
881783.06 14245.80 2.45
881783.06 14245.80 2.45
881783.06 14245.80 2.45
881783.06 14245.80 2.45
881783.06 14245.80 2.45
881783.06 14245.80 2.45
881783.06 14245.80 2.45
882019.88 13980.32 2.45
882019.88 13980.32 2.45
882019.88 13980.32 2.45
881783.06 14245.80 2.45
881783.06 14245.80 2.45
881783.06 14245.80 2.45
881783.06 14245.80 2.45
881783.06 14245.80 2.45
881783.06 14245.80 2.45
881783.06 14245.80 2.45
881783.06 14245.80 2.45
881783.06 14245.80 2.45
881783.06 14245.80 2.45
881783.06 14245.80 2.45
864824.25 15080.57 2.46
864824.25 15080.57 2.46
864824.25 15080.57 2.46
864824.25 15080.57 2.46
864824.25 15080.57 2.46
864824.25 15080.57 2.46
864824.25 15080.57 2.46
864824.25 15080.57 2.46
864824.25 15080.57 2.46
864824.25 15080.57 2.46
864824.25 15080.57 2.46
864824.25 15080.57 2.46
864824.25 15080.57 2.46
864824.25 15080.57 2.46
864824.25 15080.57 2.46
864824.25 15080.57 2.46
864824.25 15080.57 2.46
864824.25 15080.57 2.46
864824.25 15080.57 2.46
864824.25 15080.57 2.46
864824.25 15080.57 2.46
864824.25 15080.57 2.46
864824.25 15080.57 2.46
864824.25 15080.57 2.46
864824.25 15080.57 2.46
864103.12 15034.27 2.46
864103.12 15034.27 2.46
864103.12 15034.27 2.46
864103.12 15034.27 2.46
825175.06 14445.57 2.50
825175.06 14445.57 2.50
825175.06 14445.57 2.50
825175.06 14445.57 2.50
825175.06 14445.57 2.50
825175.06 14445.57 2.50
825175.06 14445.57 2.50
825175.06 14445.57 2.50
825175.06 14445.57 2.50
825175.06 14445.57 2.50
825175.06 14445.57 2.50
825175.06 14445.57 2.50
825175.06 14445.57 2.50
825175.06 14445.57 2.50
825175.06 14445.57 2.50
825175.06 14445.57 2.50
825175.06 14445.57 2.50