900751.38 14589.78 0.88
879428.12 14278.00 0.89
879428.12 14278.00 0.89
879428.12 14278.00 0.89
879428.12 14278.00 0.89
879428.12 14278.00 0.89
879428.12 14278.00 0.89
879428.12 14278.00 0.89
879428.12 14278.00 0.89
879428.12 14278.00 0.89
879428.12 14278.00 0.89
879428.12 14278.00 0.89
879428.12 14278.00 0.89
879428.12 14278.00 0.89
879428.12 14278.00 0.89
879428.12 14278.00 0.89
879428.12 14278.00 0.89
879428.12 14278.00 0.89
879428.12 14278.00 0.89
879428.12 14278.00 0.89
879428.12 14278.00 0.89
879428.12 14278.00 0.89
879428.12 14278.00 0.89
879428.12 14278.00 0.89
879428.12 14278.00 0.89
879428.12 14278.00 0.89
879428.12 14278.00 0.89
879428.12 14278.00 0.89
879428.12 14278.00 0.89
879428.12 14278.00 0.89
879428.12 14278.00 0.89
879428.12 14278.00 0.89
879428.12 14278.00 0.89
879428.12 14278.00 0.89
879428.12 14278.00 0.89
879428.12 14278.00 0.89
879428.12 14278.00 0.89
879428.12 14278.00 0.89
879428.12 14278.00 0.89
879428.12 14278.00 0.89
879428.12 14278.00 0.89
879428.12 14278.00 0.89
879428.12 14278.00 0.89
879428.12 14278.00 0.89
879428.12 14278.00 0.89
879428.12 14278.00 0.89
879428.12 14278.00 0.89
879428.12 14278.00 0.89
879428.12 14278.00 0.89
879428.12 14278.00 0.89
879428.12 14278.00 0.89
879428.12 14278.00 0.89
879428.12 14278.00 0.89
879428.12 14278.00 0.89
879428.12 14278.00 0.89
879018.56 14328.97 0.95
879018.56 14328.97 0.95
879018.56 14328.97 0.95
879018.56 14328.97 0.95
879018.56 14328.97 0.95
879018.56 14328.97 0.95
879018.56 14328.97 0.95
879018.56 14328.97 0.95
879018.56 14328.97 0.95
879018.56 14328.97 0.95
879018.56 14328.97 0.95
879018.56 14328.97 0.95
879018.56 14328.97 0.95
879018.56 14328.97 0.95
879018.56 14328.97 0.95
879018.56 14328.97 0.95
879018.56 14328.97 0.95
879018.56 14328.97 0.95
879018.56 14328.97 0.95
879018.56 14328.97 0.95
879018.56 14328.97 0.95
879018.56 14328.97 0.95
879018.56 14328.97 0.95
879018.56 14328.97 0.95
879018.56 14328.97 0.95
813682.12 12948.37 0.88
813682.12 12948.37 0.88
813682.12 12948.37 0.88
813682.12 12948.37 0.88
813682.12 12948.37 0.88
813682.12 12948.37 0.88
813682.12 12948.37 0.88
813682.12 12948.37 0.88
813682.12 12948.37 0.88
813682.12 12948.37 0.88
813682.12 12948.37 0.88
813682.12 12948.37 0.88
813682.12 12948.37 0.88
815759.94 12773.75 0.88
815759.94 12773.75 0.88
815759.94 12773.75 0.88
815759.94 12773.75 0.88
815759.94 12773.75 0.88
815759.94 12773.75 0.88
815759.94 12773.75 0.88
815759.94 12773.75 0.88
813682.12 12948.37 0.88
813682.12 12948.37 0.88
813682.12 12948.37 0.88
813682.12 12948.37 0.88
813682.12 12948.37 0.88
813682.12 12948.37 0.88
813682.12 12948.37 0.88
813682.12 12948.37 0.88
813682.12 12948.37 0.88
813682.12 12948.37 0.88
815759.94 12773.75 0.88
813682.12 12948.37 0.88
813682.12 12948.37 0.88
813682.12 12948.37 0.88
813682.12 12948.37 0.88
813682.12 12948.37 0.88
813682.12 12948.37 0.88
813682.12 12948.37 0.88
813682.12 12948.37 0.88
813682.12 12948.37 0.88
816101.69 12709.30 0.88
815759.94 12773.75 0.88
815759.94 12773.75 0.88
815759.94 12773.75 0.88
815759.94 12773.75 0.88
816101.69 12709.30 0.88
816101.69 12709.30 0.88
816101.69 12709.30 0.88
816101.69 12709.30 0.88
816101.69 12709.30 0.88
815759.94 12773.75 0.88
816101.69 12709.30 0.88
816101.69 12709.30 0.88
816101.69 12709.30 0.88
816101.69 12709.30 0.88
816101.69 12709.30 0.88
816101.69 12709.30 0.88
816101.69 12709.30 0.88
813682.12 12948.37 0.88
813682.12 12948.37 0.88
815759.94 12773.75 0.88
815759.94 12773.75 0.88
815759.94 12773.75 0.88
815759.94 12773.75 0.88
815759.94 12773.75 0.88
815759.94 12773.75 0.88
815759.94 12773.75 0.88
815759.94 12773.75 0.88
815759.94 12773.75 0.88
815759.94 12773.75 0.88
815759.94 12773.75 0.88
815759.94 12773.75 0.88
815759.94 12773.75 0.88
815759.94 12773.75 0.88
815759.94 12773.75 0.88
815759.94 12773.75 0.88
815759.94 12773.75 0.88
815759.94 12773.75 0.88
815759.94 12773.75 0.88
949111.00 15814.78 0.88
949995.19 15809.78 0.88
948956.00 15825.60 0.88
838099.88 12335.25 0.91
834809.06 12102.52 0.98
834809.06 12102.52 0.98
834809.06 12102.52 0.98
834809.06 12102.52 0.98
834809.06 12102.52 0.98
834809.06 12102.52 0.98
834809.06 12102.52 0.98
834809.06 12102.52 0.98
834809.06 12102.52 0.98
814515.19 16260.31 3.17
814515.19 16260.31 3.17
814515.19 16260.31 3.17
814515.19 16260.31 3.17
814515.19 16260.31 3.17
814515.19 16260.31 3.17
814515.19 16260.31 3.17
814515.19 16260.31 3.17
814515.19 16260.31 3.17
814515.19 16260.31 3.17
814515.19 16260.31 3.17
814515.19 16260.31 3.17
814515.19 16260.31 3.17
814515.19 16260.31 3.17
814515.19 16260.31 3.17
814515.19 16260.31 3.17
814515.19 16260.31 3.17
814515.19 16260.31 3.17
814515.19 16260.31 3.17
814515.19 16260.31 3.17
814515.19 16260.31 3.17
814515.19 16260.31 3.17
814515.19 16260.31 3.17
814515.19 16260.31 3.17
814515.19 16260.31 3.17
814515.19 16260.31 3.17
814515.19 16260.31 3.17
814515.19 16260.31 3.17
814515.19 16260.31 3.17
814515.19 16260.31 3.17
814515.19 16260.31 3.17
814515.19 16260.31 3.17
814515.19 16260.31 3.17
814515.19 16260.31 3.17
814515.19 16260.31 3.17
833411.25 15348.77 3.17
833411.25 15348.77 3.17
833411.25 15348.77 3.17
833411.25 15348.77 3.17
833411.25 15348.77 3.17
833411.25 15348.77 3.17
833411.25 15348.77 3.17
833411.25 15348.77 3.17
833411.25 15348.77 3.17
814515.19 16260.31 3.17
833411.25 15348.77 3.17
833411.25 15348.77 3.17
833411.25 15348.77 3.17
833411.25 15348.77 3.17
833411.25 15348.77 3.17
833411.25 15348.77 3.17
834596.75 15160.72 3.17
817364.31 15512.20 3.17
814515.19 16260.31 3.17
814515.19 16260.31 3.17
814515.19 16260.31 3.17
814515.19 16260.31 3.17
814714.94 16253.05 3.17
814714.94 16253.05 3.17
814714.94 16253.05 3.17
814714.94 16253.05 3.17
814714.94 16253.05 3.17
814714.94 16253.05 3.17
814714.94 16253.05 3.17
814714.94 16253.05 3.17
814714.94 16253.05 3.17
817364.31 15512.20 3.17
866527.12 13017.88 0.91
861158.50 12613.50 0.96
861158.50 12613.50 0.96
861158.50 12613.50 0.96
861158.50 12613.50 0.96
861158.50 12613.50 0.96
861158.50 12613.50 0.96
861158.50 12613.50 0.96
861158.50 12613.50 0.96
861158.50 12613.50 0.96
861158.50 12613.50 0.96
861158.50 12613.50 0.96
861158.50 12613.50 0.96
861158.50 12613.50 0.96
861158.50 12613.50 0.96
861158.50 12613.50 0.96
861158.50 12613.50 0.96
861158.50 12613.50 0.96
861158.50 12613.50 0.96
861158.50 12613.50 0.96
861158.50 12613.50 0.96
861158.50 12613.50 0.96
861158.50 12613.50 0.96
861158.50 12613.50 0.96
861158.50 12613.50 0.96
861158.50 12613.50 0.96
861158.50 12613.50 0.96
861158.50 12613.50 0.96
861158.50 12613.50 0.96
861158.50 12613.50 0.96
861158.50 12613.50 0.96
861158.50 12613.50 0.96
861158.50 12613.50 0.96
861158.50 12613.50 0.96
861158.50 12613.50 0.96
861158.50 12613.50 0.96
861158.50 12613.50 0.96
861158.50 12613.50 0.96
861158.50 12613.50 0.96
861158.50 12613.50 0.96
861158.50 12613.50 0.96
861158.50 12613.50 0.96
861158.50 12613.50 0.96
861158.50 12613.50 0.96
861158.50 12613.50 0.96
861158.50 12613.50 0.96
861158.50 12613.50 0.96
861158.50 12613.50 0.96
861158.50 12613.50 0.96
861158.50 12613.50 0.96
861158.50 12613.50 0.96
861158.50 12613.50 0.96
858340.81 12788.11 1.03
858340.81 12788.11 1.03
858340.81 12788.11 1.03
858340.81 12788.11 1.03
858340.81 12788.11 1.03
858340.81 12788.11 1.03
858340.81 12788.11 1.03
858340.81 12788.11 1.03
858340.81 12788.11 1.03
858340.81 12788.11 1.03
858340.81 12788.11 1.03
858340.81 12788.11 1.03
858340.81 12788.11 1.03
858340.81 12788.11 1.03
858340.81 12788.11 1.03
858340.81 12788.11 1.03
858340.81 12788.11 1.03
858340.81 12788.11 1.03
858340.81 12788.11 1.03
844499.00 12797.88 1.04
858658.75 12573.50 1.08
858658.75 12573.50 1.08
858658.75 12573.50 1.08
858658.75 12573.50 1.08
858658.75 12573.50 1.08
858658.75 12573.50 1.08
858658.75 12573.50 1.08
858658.75 12573.50 1.08
837938.62 13443.85 0.88
837938.62 13443.85 0.88
836281.31 13246.12 1.00
823399.44 14031.30 1.41
825242.00 13586.62 1.41
825242.00 13586.62 1.41
825242.00 13586.62 1.41
823399.44 14031.30 1.41
883519.12 13115.25 1.47
901181.81 12867.52 1.48
839160.19 12505.25 1.48
826466.12 12648.02 1.56
826466.12 12648.02 1.56
826466.12 12648.02 1.56
826466.12 12648.02 1.56
826466.12 12648.02 1.56
826466.12 12648.02 1.56
826466.12 12648.02 1.56
826466.12 12648.02 1.56
826466.12 12648.02 1.56
826466.12 12648.02 1.56
826466.12 12648.02 1.56
824623.56 13092.70 1.56
826466.12 12648.02 1.56
826466.12 12648.02 1.56
826466.12 12648.02 1.56
826466.12 12648.02 1.56
824623.56 13092.70 1.56
824623.56 13092.70 1.56
824623.56 13092.70 1.56
824623.56 13092.70 1.56
824623.56 13092.70 1.56
826466.12 12648.02 1.56
826466.12 12648.02 1.56
826466.12 12648.02 1.56
826466.12 12648.02 1.56
826466.12 12648.02 1.56
826466.12 12648.02 1.56
826466.12 12648.02 1.56
826466.12 12648.02 1.56
826466.12 12648.02 1.56
826466.12 12648.02 1.56
826466.12 12648.02 1.56
837479.19 12307.52 1.58
837479.19 12307.52 1.58
837479.19 12307.52 1.58
837479.19 12307.52 1.58
837479.19 12307.52 1.58
837479.19 12307.52 1.58
837479.19 12307.52 1.58
837479.19 12307.52 1.58
837479.19 12307.52 1.58
837479.19 12307.52 1.58
837479.19 12307.52 1.58
837479.19 12307.52 1.58
837479.19 12307.52 1.58
837479.19 12307.52 1.58
837479.19 12307.52 1.58
837479.19 12307.52 1.58
837479.19 12307.52 1.58
837479.19 12307.52 1.58
821752.00 14325.06 2.07
783892.44 14963.32 2.07
785089.38 14161.98 2.07
785089.38 14161.98 2.07
785089.38 14161.98 2.07
796102.44 13821.47 2.09
811739.88 13432.91 2.09
811739.88 13432.91 2.09
811739.88 13432.91 2.09
811739.88 13432.91 2.09
811739.88 13432.91 2.09
811739.88 13432.91 2.09
811739.88 13432.91 2.09
811739.88 13432.91 2.09
822752.94 13092.41 2.11
822752.94 13092.41 2.11
822752.94 13092.41 2.11
822752.94 13092.41 2.11
822752.94 13092.41 2.11
831991.69 12896.10 0.88
831991.69 12896.10 0.88
831991.69 12896.10 0.88
831991.69 12896.10 0.88
831991.69 12896.10 0.88
831991.69 12896.10 0.88
831991.69 12896.10 0.88
831991.69 12896.10 0.88
831991.69 12896.10 0.88
831991.69 12896.10 0.88
831991.69 12896.10 0.88
831991.69 12896.10 0.88
831991.69 12896.10 0.88
831991.69 12896.10 0.88
831991.69 12896.10 0.88
831991.69 12896.10 0.88
831991.69 12896.10 0.88
831991.69 12896.10 0.88
831991.69 12896.10 0.88
831991.69 12896.10 0.88
831991.69 12896.10 0.88
831991.69 12896.10 0.88
831991.69 12896.10 0.88
831991.69 12896.10 0.88
831991.69 12896.10 0.88
831991.69 12896.10 0.88
831991.69 12896.10 0.88
831991.69 12896.10 0.88
829874.31 12965.66 0.88
831991.69 12896.10 0.88
831991.69 12896.10 0.88
831991.69 12896.10 0.88
831991.69 12896.10 0.88
831991.69 12896.10 0.88
831991.69 12896.10 0.88
831991.69 12896.10 0.88
831991.69 12896.10 0.88
829813.00 13222.68 0.93
829699.38 13370.95 0.96
829773.56 13113.92 0.96
829773.56 13113.92 0.96
829773.56 13113.92 0.96
829773.56 13113.92 0.96
829773.56 13113.92 0.96
829773.56 13113.92 0.96
829773.56 13113.92 0.96
829773.56 13113.92 0.96
829773.56 13113.92 0.96
829699.38 13370.95 0.96
829699.38 13370.95 0.96
829699.38 13370.95 0.96
829699.38 13370.95 0.96
829699.38 13370.95 0.96
829699.38 13370.95 0.96
829699.38 13370.95 0.96
829699.38 13370.95 0.96
829699.38 13370.95 0.96
829699.38 13370.95 0.96
829699.38 13370.95 0.96
829699.38 13370.95 0.96
829773.56 13113.92 0.96
829773.56 13113.92 0.96
829773.56 13113.92 0.96
829773.56 13113.92 0.96
829773.56 13113.92 0.96
829773.56 13113.92 0.96
829773.56 13113.92 0.96
829773.56 13113.92 0.96
829773.56 13113.92 0.96
829773.56 13113.92 0.96
829510.12 13109.66 1.07
830866.62 12708.08 1.07
830866.62 12708.08 1.07
830866.62 12708.08 1.07
830866.62 12708.08 1.07
829584.31 12852.63 1.07
829584.31 12852.63 1.07
829584.31 12852.63 1.07
829510.12 13109.66 1.07
829510.12 13109.66 1.07
921786.75 14299.11 0.97
928289.00 14210.96 0.97
870095.06 13287.58 1.16
842378.31 13326.24 1.20
896577.44 13120.97 1.25
780030.38 12467.30 1.29
780030.38 12467.30 1.29
780030.38 12467.30 1.29
780030.38 12467.30 1.29
780030.38 12467.30 1.29
780030.38 12467.30 1.29
780030.38 12467.30 1.29
780030.38 12467.30 1.29
780030.38 12467.30 1.29
780030.38 12467.30 1.29
780030.38 12467.30 1.29
780030.38 12467.30 1.29
780030.38 12467.30 1.29
780030.38 12467.30 1.29
780030.38 12467.30 1.29
780030.38 12467.30 1.29
780030.38 12467.30 1.29
780030.38 12467.30 1.29
780030.38 12467.30 1.29
780030.38 12467.30 1.29
780030.38 12467.30 1.29
780030.38 12467.30 1.29
780030.38 12467.30 1.29
780030.38 12467.30 1.29
780030.38 12467.30 1.29
780030.38 12467.30 1.29
780030.38 12467.30 1.29
780030.38 12467.30 1.29
780030.38 12467.30 1.29
780030.38 12467.30 1.29
780030.38 12467.30 1.29
780030.38 12467.30 1.29
780030.38 12467.30 1.29
780030.38 12467.30 1.29
780030.38 12467.30 1.29
780030.38 12467.30 1.29
780030.38 12467.30 1.29
780030.38 12467.30 1.29
780030.38 12467.30 1.29
780030.38 12467.30 1.29
780030.38 12467.30 1.29
780030.38 12467.30 1.29
780030.38 12467.30 1.29
780030.38 12467.30 1.29
780030.38 12467.30 1.29
780030.38 12467.30 1.29
780030.38 12467.30 1.29
780030.38 12467.30 1.29
780030.38 12467.30 1.29
780030.38 12467.30 1.29
784918.00 12346.21 1.29
784918.00 12346.21 1.29
784918.00 12346.21 1.29
784918.00 12346.21 1.29
782288.19 12320.66 1.29
782288.19 12320.66 1.29
782288.19 12320.66 1.29
782288.19 12320.66 1.29
782288.19 12320.66 1.29
782288.19 12320.66 1.29
782288.19 12320.66 1.29
782288.19 12320.66 1.29
782288.19 12320.66 1.29
782288.19 12320.66 1.29
782288.19 12320.66 1.29
782288.19 12320.66 1.29
782288.19 12320.66 1.29
782288.19 12320.66 1.29
782288.19 12320.66 1.29
782288.19 12320.66 1.29
782288.19 12320.66 1.29
782288.19 12320.66 1.29
782288.19 12320.66 1.29
782288.19 12320.66 1.29
782288.19 12320.66 1.29
930352.12 13709.91 0.91
930352.12 13709.91 0.91
930352.12 13709.91 0.91
930352.12 13709.91 0.91
930352.12 13709.91 0.91
930352.12 13709.91 0.91
930352.12 13709.91 0.91
930352.12 13709.91 0.91
930352.12 13709.91 0.91
930352.12 13709.91 0.91
930352.12 13709.91 0.91
930352.12 13709.91 0.91
930352.12 13709.91 0.91
930352.12 13709.91 0.91
930352.12 13709.91 0.91
930352.12 13709.91 0.91
930352.12 13709.91 0.91
930352.12 13709.91 0.91
930352.12 13709.91 0.91
930352.12 13709.91 0.91
930352.12 13709.91 0.91
930352.12 13709.91 0.91
930352.12 13709.91 0.91
930352.12 13709.91 0.91
930352.12 13709.91 0.91
930352.12 13709.91 0.91
930352.12 13709.91 0.91
930352.12 13709.91 0.91
930352.12 13709.91 0.91
930352.12 13709.91 0.91
930352.12 13709.91 0.91
930352.12 13709.91 0.91
930352.12 13709.91 0.91
930352.12 13709.91 0.91
930352.12 13709.91 0.91
930352.12 13709.91 0.91
930352.12 13709.91 0.91
930352.12 13709.91 0.91
930352.12 13709.91 0.91
930352.12 13709.91 0.91
930352.12 13709.91 0.91
930999.56 13689.91 0.91
930999.56 13689.91 0.91
930999.56 13689.91 0.91
930999.56 13689.91 0.91
930999.56 13689.91 0.91
930999.56 13689.91 0.91
930999.56 13689.91 0.91
930999.56 13689.91 0.91
930999.56 13689.91 0.91
930999.56 13689.91 0.91
930352.12 13709.91 0.91
930999.56 13689.91 0.91
930999.56 13689.91 0.91
930999.56 13689.91 0.91
930999.56 13689.91 0.91
930999.56 13689.91 0.91
930999.56 13689.91 0.91
930999.56 13689.91 0.91
930999.56 13689.91 0.91
931645.38 13646.55 0.91
930999.56 13689.91 0.91
930352.12 13709.91 0.91
930352.12 13709.91 0.91
930999.56 13689.91 0.91
930999.56 13689.91 0.91
930999.56 13689.91 0.91
930999.56 13689.91 0.91
930999.56 13689.91 0.91
930999.56 13689.91 0.91
930999.56 13689.91 0.91
930999.56 13689.91 0.91
930999.56 13689.91 0.91
930999.56 13689.91 0.91
930999.56 13689.91 0.91
930999.56 13689.91 0.91
930999.56 13689.91 0.91
930999.56 13689.91 0.91
930999.56 13689.91 0.91
930999.56 13689.91 0.91
860758.88 13741.73 0.88
857163.38 13493.99 0.97
857163.38 13493.99 0.97
857163.38 13493.99 0.97
857163.38 13493.99 0.97
857163.38 13493.99 0.97
857163.38 13493.99 0.97
857163.38 13493.99 0.97
857163.38 13493.99 0.97
857163.38 13493.99 0.97
857163.38 13493.99 0.97
857163.38 13493.99 0.97
857163.38 13493.99 0.97
857163.38 13493.99 0.97
857163.38 13493.99 0.97
857163.38 13493.99 0.97
857163.38 13493.99 0.97
857163.38 13493.99 0.97
857163.38 13493.99 0.97
857163.38 13493.99 0.97
857163.38 13493.99 0.97
857163.38 13493.99 0.97
857163.38 13493.99 0.97
857163.38 13493.99 0.97
857163.38 13493.99 0.97
857163.38 13493.99 0.97
857163.38 13493.99 0.97
857163.38 13493.99 0.97
857163.38 13493.99 0.97
857163.38 13493.99 0.97
857163.38 13493.99 0.97
857163.38 13493.99 0.97
857163.38 13493.99 0.97
857163.38 13493.99 0.97
857163.38 13493.99 0.97
857163.38 13493.99 0.97
857163.38 13493.99 0.97
857163.38 13493.99 0.97
857163.38 13493.99 0.97
857163.38 13493.99 0.97
857163.38 13493.99 0.97
857163.38 13493.99 0.97
857163.38 13493.99 0.97
857163.38 13493.99 0.97
857163.38 13493.99 0.97
857163.38 13493.99 0.97
857163.38 13493.99 0.97
857163.38 13493.99 0.97
857163.38 13493.99 0.97
857163.38 13493.99 0.97
857163.38 13493.99 0.97
857163.38 13493.99 0.97
857163.38 13493.99 0.97
857163.38 13493.99 0.97
840877.19 13250.96 0.97
840877.19 13250.96 0.97
840877.19 13250.96 0.97
840877.19 13250.96 0.97
840877.19 13250.96 0.97
839553.75 13520.63 1.13
839553.75 13520.63 1.13
839553.75 13520.63 1.13
839553.75 13520.63 1.13
839553.75 13520.63 1.13
839553.75 13520.63 1.13
839553.75 13520.63 1.13
839553.75 13520.63 1.13
839553.75 13520.63 1.13
839553.75 13520.63 1.13
839553.75 13520.63 1.13
839553.75 13520.63 1.13
839553.75 13520.63 1.13
839553.75 13520.63 1.13
839553.75 13520.63 1.13
839553.75 13520.63 1.13
839553.75 13520.63 1.13
839553.75 13520.63 1.13
839553.75 13520.63 1.13
839553.75 13520.63 1.13
839553.75 13520.63 1.13
1288987.00 17754.24 0.91
1288987.00 17754.24 0.91
1041189.19 15458.74 0.96
870678.31 14119.43 1.32
870678.31 14119.43 1.32
870678.31 14119.43 1.32
870678.31 14119.43 1.32
870678.31 14119.43 1.32
870678.31 14119.43 1.32
870678.31 14119.43 1.32
870678.31 14119.43 1.32
870678.31 14119.43 1.32
870678.31 14119.43 1.32
870678.31 14119.43 1.32
870678.31 14119.43 1.32
870678.31 14119.43 1.32
870678.31 14119.43 1.32
870678.31 14119.43 1.32
870678.31 14119.43 1.32
870678.31 14119.43 1.32
870678.31 14119.43 1.32
870678.31 14119.43 1.32
870678.31 14119.43 1.32
870087.31 14149.43 1.32
870678.31 14119.43 1.32
870678.31 14119.43 1.32
870678.31 14119.43 1.32
870678.31 14119.43 1.32
870678.31 14119.43 1.32
870678.31 14119.43 1.32
870678.31 14119.43 1.32
870678.31 14119.43 1.32
870678.31 14119.43 1.32
870678.31 14119.43 1.32
870678.31 14119.43 1.32
870678.31 14119.43 1.32
870678.31 14119.43 1.32
870678.31 14119.43 1.32
870678.31 14119.43 1.32
870678.31 14119.43 1.32
870678.31 14119.43 1.32
870678.31 14119.43 1.32
870678.31 14119.43 1.32
870678.31 14119.43 1.32
870678.31 14119.43 1.32
870678.31 14119.43 1.32
870678.31 14119.43 1.32
870678.31 14119.43 1.32
870678.31 14119.43 1.32
870678.31 14119.43 1.32
870678.31 14119.43 1.32
870678.31 14119.43 1.32
870678.31 14119.43 1.32
870678.31 14119.43 1.32
870678.31 14119.43 1.32
870678.31 14119.43 1.32
870678.31 14119.43 1.32
861295.12 13974.43 1.33
861295.12 13974.43 1.33
861295.12 13974.43 1.33
861295.12 13974.43 1.33
861295.12 13974.43 1.33
861295.12 13974.43 1.33
861295.12 13974.43 1.33
861295.12 13974.43 1.33
861295.12 13974.43 1.33
861295.12 13974.43 1.33
861295.12 13974.43 1.33
861295.12 13974.43 1.33
861295.12 13974.43 1.33
861295.12 13974.43 1.33
861295.12 13974.43 1.33
861295.12 13974.43 1.33
861295.12 13974.43 1.33
861295.12 13974.43 1.33
861295.12 13974.43 1.33
861295.12 13974.43 1.33
861295.12 13974.43 1.33
861295.12 13974.43 1.33
861295.12 13974.43 1.33
912394.44 14952.92 0.97
912394.44 14952.92 0.97
912394.44 14952.92 0.97
912394.44 14952.92 0.97
912394.44 14952.92 0.97
912394.44 14952.92 0.97
912394.44 14952.92 0.97
912394.44 14952.92 0.97
912394.44 14952.92 0.97
912394.44 14952.92 0.97
912394.44 14952.92 0.97
912394.44 14952.92 0.97
912394.44 14952.92 0.97
912394.44 14952.92 0.97
912394.44 14952.92 0.97
913748.00 14640.49 0.97
913748.00 14640.49 0.97
912394.44 14952.92 0.97
912394.44 14952.92 0.97
912394.44 14952.92 0.97
912394.44 14952.92 0.97
912394.44 14952.92 0.97
912394.44 14952.92 0.97
912394.44 14952.92 0.97
912394.44 14952.92 0.97
912394.44 14952.92 0.97
913748.00 14640.49 0.97
912394.44 14952.92 0.97
912394.44 14952.92 0.97
912394.44 14952.92 0.97
912394.44 14952.92 0.97
912394.44 14952.92 0.97
912394.44 14952.92 0.97
912394.44 14952.92 0.97
913748.00 14640.49 0.97
913748.00 14640.49 0.97
913748.00 14640.49 0.97
913748.00 14640.49 0.97
913748.00 14640.49 0.97
913748.00 14640.49 0.97
913748.00 14640.49 0.97
913748.00 14640.49 0.97
913748.00 14640.49 0.97
913748.00 14640.49 0.97
913748.00 14640.49 0.97
913748.00 14640.49 0.97
912394.44 14952.92 0.97
912394.44 14952.92 0.97
912394.44 14952.92 0.97
912394.44 14952.92 0.97
912394.44 14952.92 0.97
913748.00 14640.49 0.97
913748.00 14640.49 0.97
913748.00 14640.49 0.97
913748.00 14640.49 0.97
913748.00 14640.49 0.97
913748.00 14640.49 0.97
913748.00 14640.49 0.97
913748.00 14640.49 0.97
913748.00 14640.49 0.97
913748.00 14640.49 0.97
913748.00 14640.49 0.97
913748.00 14640.49 0.97
913748.00 14640.49 0.97
913748.00 14640.49 0.97
913748.00 14640.49 0.97
913748.00 14640.49 0.97
912405.81 14819.56 0.98
912405.81 14819.56 0.98
912405.81 14819.56 0.98
912405.81 14819.56 0.98
912405.81 14819.56 0.98
912405.81 14819.56 0.98
912405.81 14819.56 0.98
912405.81 14819.56 0.98
912405.81 14819.56 0.98
912405.81 14819.56 0.98
912405.81 14819.56 0.98
912405.81 14819.56 0.98
912405.81 14819.56 0.98
963997.19 13646.52 1.11
906927.88 13758.83 1.46
906927.88 13758.83 1.46
910751.56 13758.20 1.50
878609.88 13772.71 1.60
837790.62 13883.30 1.61
880402.62 13772.71 1.63
860598.62 13682.71 1.68
804614.00 12927.71 1.69
804614.00 12927.71 1.69
804614.00 12927.71 1.69
804614.00 12927.71 1.69
804614.00 12927.71 1.69
804614.00 12927.71 1.69
804614.00 12927.71 1.69
804614.00 12927.71 1.69
804614.00 12927.71 1.69
804614.00 12927.71 1.69
804614.00 12927.71 1.69
804614.00 12927.71 1.69
804614.00 12927.71 1.69
804614.00 12927.71 1.69
804614.00 12927.71 1.69
804614.00 12927.71 1.69
804614.00 12927.71 1.69
804614.00 12927.71 1.69
804614.00 12927.71 1.69
804614.00 12927.71 1.69
804614.00 12927.71 1.69
804614.00 12927.71 1.69
804614.00 12927.71 1.69
804614.00 12927.71 1.69
804614.00 12927.71 1.69
804614.00 12927.71 1.69
804614.00 12927.71 1.69
804614.00 12927.71 1.69
804614.00 12927.71 1.69
804614.00 12927.71 1.69
804614.00 12927.71 1.69
804614.00 12927.71 1.69
804614.00 12927.71 1.69
804614.00 12927.71 1.69
804614.00 12927.71 1.69
836697.31 12913.20 1.69
804614.00 12927.71 1.69
804614.00 12927.71 1.69
804614.00 12927.71 1.69
804614.00 12927.71 1.69
804614.00 12927.71 1.69
804614.00 12927.71 1.69
836697.31 12913.20 1.69
836697.31 12913.20 1.69
836697.31 12913.20 1.69
804614.00 12927.71 1.69
836697.31 12913.20 1.69
836697.31 12913.20 1.69
836697.31 12913.20 1.69
836697.31 12913.20 1.69
836697.31 12913.20 1.69
853164.81 12892.23 1.69
853164.81 12892.23 1.69
853164.81 12892.23 1.69
804614.00 12927.71 1.69
804614.00 12927.71 1.69
804614.00 12927.71 1.69
804614.00 12927.71 1.69
804614.00 12927.71 1.69
804614.00 12927.71 1.69
804614.00 12927.71 1.69
804614.00 12927.71 1.69
804614.00 12927.71 1.69
804614.00 12927.71 1.69
804614.00 12927.71 1.69
804614.00 12927.71 1.69
804614.00 12927.71 1.69
804614.00 12927.71 1.69
804614.00 12927.71 1.69
804614.00 12927.71 1.69
804614.00 12927.71 1.69
777909.00 14252.16 2.78
875992.06 12628.50 0.91
875992.06 12628.50 0.91
850100.94 12545.80 1.00
850100.94 12545.80 1.00
850100.94 12545.80 1.00
850100.94 12545.80 1.00
850100.94 12545.80 1.00
850100.94 12545.80 1.00
850100.94 12545.80 1.00
850100.94 12545.80 1.00
850100.94 12545.80 1.00
850100.94 12545.80 1.00
850100.94 12545.80 1.00
850100.94 12545.80 1.00
850100.94 12545.80 1.00
850100.94 12545.80 1.00
850100.94 12545.80 1.00
850100.94 12545.80 1.00
850100.94 12545.80 1.00
850100.94 12545.80 1.00
850100.94 12545.80 1.00
850100.94 12545.80 1.00
850100.94 12545.80 1.00
850100.94 12545.80 1.00
850100.94 12545.80 1.00
850100.94 12545.80 1.00
850100.94 12545.80 1.00
850100.94 12545.80 1.00
850100.94 12545.80 1.00
850100.94 12545.80 1.00
850100.94 12545.80 1.00
850100.94 12545.80 1.00
850100.94 12545.80 1.00
850100.94 12545.80 1.00
850100.94 12545.80 1.00
850100.94 12545.80 1.00
850100.94 12545.80 1.00
850100.94 12545.80 1.00
850100.94 12545.80 1.00
850100.94 12545.80 1.00
850100.94 12545.80 1.00
850100.94 12545.80 1.00
850100.94 12545.80 1.00
850100.94 12545.80 1.00
850100.94 12545.80 1.00
850100.94 12545.80 1.00
850100.94 12545.80 1.00
850100.94 12545.80 1.00
850100.94 12545.80 1.00
850100.94 12545.80 1.00
850100.94 12545.80 1.00
850100.94 12545.80 1.00
850100.94 12545.80 1.00
850100.94 12545.80 1.00
850100.94 12545.80 1.00
850100.94 12545.80 1.00
850100.94 12545.80 1.00
850100.94 12545.80 1.00
850100.94 12545.80 1.00
850100.94 12545.80 1.00
850100.94 12545.80 1.00
850100.94 12545.80 1.00
850100.94 12545.80 1.00
850100.94 12545.80 1.00
846220.00 12559.93 1.01
846220.00 12559.93 1.01
846220.00 12559.93 1.01
846220.00 12559.93 1.01
846220.00 12559.93 1.01
846220.00 12559.93 1.01
846220.00 12559.93 1.01
846220.00 12559.93 1.01
846220.00 12559.93 1.01
846220.00 12559.93 1.01
846220.00 12559.93 1.01
846220.00 12559.93 1.01
846220.00 12559.93 1.01
846220.00 12559.93 1.01
846220.00 12559.93 1.01
849988.12 12530.37 1.04
849842.44 14049.34 0.88
849842.44 14049.34 0.88
849842.44 14049.34 0.88
849842.44 14049.34 0.88
849842.44 14049.34 0.88
849842.44 14049.34 0.88
849842.44 14049.34 0.88
849842.44 14049.34 0.88
849842.44 14049.34 0.88
849842.44 14049.34 0.88
849842.44 14049.34 0.88
849842.44 14049.34 0.88
849842.44 14049.34 0.88
849842.44 14049.34 0.88
849842.44 14049.34 0.88
849842.44 14049.34 0.88
849842.44 14049.34 0.88
849842.44 14049.34 0.88
849842.44 14049.34 0.88
852838.12 14019.34 0.88
852838.12 14019.34 0.88
849842.44 14049.34 0.88
849842.44 14049.34 0.88
849842.44 14049.34 0.88
849842.44 14049.34 0.88
849842.44 14049.34 0.88
849842.44 14049.34 0.88
849842.44 14049.34 0.88
849842.44 14049.34 0.88
849842.44 14049.34 0.88
849842.44 14049.34 0.88
849842.44 14049.34 0.88
852838.12 14019.34 0.88
849842.44 14049.34 0.88
849842.44 14049.34 0.88
849842.44 14049.34 0.88
849842.44 14049.34 0.88
849842.44 14049.34 0.88
849842.44 14049.34 0.88
849842.44 14049.34 0.88
849842.44 14049.34 0.88
849842.44 14049.34 0.88
852838.12 14019.34 0.88
849842.44 14049.34 0.88
849842.44 14049.34 0.88
849842.44 14049.34 0.88
849842.44 14049.34 0.88
852838.12 14019.34 0.88
852838.12 14019.34 0.88
852838.12 14019.34 0.88
852838.12 14019.34 0.88
852838.12 14019.34 0.88
852838.12 14019.34 0.88
852838.12 14019.34 0.88
852838.12 14019.34 0.88
852838.12 14019.34 0.88
838409.44 13902.56 0.89
838409.44 13902.56 0.89
841405.19 13872.56 0.89
841405.19 13872.56 0.89
841405.19 13872.56 0.89
841405.19 13872.56 0.89
841405.19 13872.56 0.89
841405.19 13872.56 0.89
841405.19 13872.56 0.89
841405.19 13872.56 0.89
838409.44 13902.56 0.89
838409.44 13902.56 0.89
838409.44 13902.56 0.89
838409.44 13902.56 0.89
838409.44 13902.56 0.89
838409.44 13902.56 0.89
838409.44 13902.56 0.89
838409.44 13902.56 0.89
838409.44 13902.56 0.89
838409.44 13902.56 0.89
838409.44 13902.56 0.89
838409.44 13902.56 0.89
838409.44 13902.56 0.89
838409.44 13902.56 0.89
831916.69 12959.34 0.88
831916.69 12959.34 0.88
831916.69 12959.34 0.88
831916.69 12959.34 0.88
831916.69 12959.34 0.88
831916.69 12959.34 0.88
831916.69 12959.34 0.88
831916.69 12959.34 0.88
831916.69 12959.34 0.88
831916.69 12959.34 0.88
831916.69 12959.34 0.88
831916.69 12959.34 0.88
831916.69 12959.34 0.88
831916.69 12959.34 0.88
831916.69 12959.34 0.88
831916.69 12959.34 0.88
831916.69 12959.34 0.88
831916.69 12959.34 0.88
831916.69 12959.34 0.88
831916.69 12959.34 0.88
831916.69 12959.34 0.88
831916.69 12959.34 0.88
818906.44 13049.60 0.88
818906.44 13049.60 0.88
818906.44 13049.60 0.88
829874.31 12965.66 0.88
831916.69 12959.34 0.88
831916.69 12959.34 0.88
831916.69 12959.34 0.88
831916.69 12959.34 0.88
831916.69 12959.34 0.88
831916.69 12959.34 0.88
831916.69 12959.34 0.88
831916.69 12959.34 0.88
831916.69 12959.34 0.88
831916.69 12959.34 0.88
831916.69 12959.34 0.88
831916.69 12959.34 0.88
831916.69 12959.34 0.88
831916.69 12959.34 0.88
831916.69 12959.34 0.88
831991.69 12896.10 0.88
831916.69 12959.34 0.88
831916.69 12959.34 0.88
831916.69 12959.34 0.88
831916.69 12959.34 0.88
831916.69 12959.34 0.88
831991.69 12896.10 0.88
831991.69 12896.10 0.88
831991.69 12896.10 0.88
831991.69 12896.10 0.88
831916.69 12959.34 0.88
831991.69 12896.10 0.88
831991.69 12896.10 0.88
831991.69 12896.10 0.88
831991.69 12896.10 0.88
831991.69 12896.10 0.88
831991.69 12896.10 0.88
831991.69 12896.10 0.88
831991.69 12896.10 0.88
818906.44 13049.60 0.88
831916.69 12959.34 0.88
831916.69 12959.34 0.88
831916.69 12959.34 0.88
831916.69 12959.34 0.88
831916.69 12959.34 0.88
831916.69 12959.34 0.88
831916.69 12959.34 0.88
831916.69 12959.34 0.88
831916.69 12959.34 0.88
831916.69 12959.34 0.88
831916.69 12959.34 0.88
831916.69 12959.34 0.88
831916.69 12959.34 0.88
831916.69 12959.34 0.88
831916.69 12959.34 0.88
831916.69 12959.34 0.88
831916.69 12959.34 0.88
831916.69 12959.34 0.88
831916.69 12959.34 0.88