820410.31 12668.14 0.83
820410.31 12668.14 0.83
820410.31 12668.14 0.83
820410.31 12668.14 0.83
820410.31 12668.14 0.83
820410.31 12668.14 0.83
820410.31 12668.14 0.83
820410.31 12668.14 0.83
820410.31 12668.14 0.83
820410.31 12668.14 0.83
820410.31 12668.14 0.83
820410.31 12668.14 0.83
820410.31 12668.14 0.83
820410.31 12668.14 0.83
820410.31 12668.14 0.83
822460.06 12628.14 0.83
822460.06 12628.14 0.83
820410.31 12668.14 0.83
820410.31 12668.14 0.83
820410.31 12668.14 0.83
820410.31 12668.14 0.83
820410.31 12668.14 0.83
820410.31 12668.14 0.83
820410.31 12668.14 0.83
820410.31 12668.14 0.83
820410.31 12668.14 0.83
820410.31 12668.14 0.83
820410.31 12668.14 0.83
820410.31 12668.14 0.83
820410.31 12668.14 0.83
820410.31 12668.14 0.83
820410.31 12668.14 0.83
820410.31 12668.14 0.83
820410.31 12668.14 0.83
820410.31 12668.14 0.83
820410.31 12668.14 0.83
820410.31 12668.14 0.83
783010.81 12221.70 0.86
783010.81 12221.70 0.86
783010.81 12221.70 0.86
783010.81 12221.70 0.86
783010.81 12221.70 0.86
783010.81 12221.70 0.86
783010.81 12221.70 0.86
783010.81 12221.70 0.86
783010.81 12221.70 0.86
783010.81 12221.70 0.86
783010.81 12221.70 0.86
783010.81 12221.70 0.86
783010.81 12221.70 0.86
783010.81 12221.70 0.86
783010.81 12221.70 0.86
783010.81 12221.70 0.86
783010.81 12221.70 0.86
783010.81 12221.70 0.86
783010.81 12221.70 0.86
783010.81 12221.70 0.86
783010.81 12221.70 0.86
783010.81 12221.70 0.86
783010.81 12221.70 0.86
783010.81 12221.70 0.86
783010.81 12221.70 0.86
783010.81 12221.70 0.86
779396.56 12242.76 0.91
779396.56 12242.76 0.91
779396.56 12242.76 0.91
779396.56 12242.76 0.91
779396.56 12242.76 0.91
779396.56 12242.76 0.91
779396.56 12242.76 0.91
779396.56 12242.76 0.91
779396.56 12242.76 0.91
779396.56 12242.76 0.91
779396.56 12242.76 0.91
779396.56 12242.76 0.91
779396.56 12242.76 0.91
779396.56 12242.76 0.91
779396.56 12242.76 0.91
779396.56 12242.76 0.91
779396.56 12242.76 0.91
718577.12 10909.44 0.77
718577.12 10909.44 0.77
718577.12 10909.44 0.77
718577.12 10909.44 0.77
718577.12 10909.44 0.77
718577.12 10909.44 0.77
718577.12 10909.44 0.77
718577.12 10909.44 0.77
718577.12 10909.44 0.77
718577.12 10909.44 0.77
718577.12 10909.44 0.77
718577.12 10909.44 0.77
718577.12 10909.44 0.77
718577.12 10909.44 0.77
718577.12 10909.44 0.77
718577.12 10909.44 0.77
718577.12 10909.44 0.77
718577.12 10909.44 0.77
718577.12 10909.44 0.77
718577.12 10909.44 0.77
718577.12 10909.44 0.77
718577.12 10909.44 0.77
718577.12 10909.44 0.77
718577.12 10909.44 0.77
718577.12 10909.44 0.77
718577.12 10909.44 0.77
718577.12 10909.44 0.77
718577.12 10909.44 0.77
718577.12 10909.44 0.77
718577.12 10909.44 0.77
718577.12 10909.44 0.77
718577.12 10909.44 0.77
718577.12 10909.44 0.77
718577.12 10909.44 0.77
718577.12 10909.44 0.77
718577.12 10909.44 0.77
718577.12 10909.44 0.77
718577.12 10909.44 0.77
718577.12 10909.44 0.77
718577.12 10909.44 0.77
718577.12 10909.44 0.77
718577.12 10909.44 0.77
718577.12 10909.44 0.77
718577.12 10909.44 0.77
718577.12 10909.44 0.77
718577.12 10909.44 0.77
718577.12 10909.44 0.77
718577.12 10909.44 0.77
718577.12 10909.44 0.77
718577.12 10909.44 0.77
718577.12 10909.44 0.77
718577.12 10909.44 0.77
718577.12 10909.44 0.77
718577.12 10909.44 0.77
718577.12 10909.44 0.77
718577.12 10909.44 0.77
718577.12 10909.44 0.77
718577.12 10909.44 0.77
718577.12 10909.44 0.77
718577.12 10909.44 0.77
718577.12 10909.44 0.77
718577.12 10909.44 0.77
718577.12 10909.44 0.77
718577.12 10909.44 0.77
718577.12 10909.44 0.77
718577.12 10909.44 0.77
718577.12 10909.44 0.77
718577.12 10909.44 0.77
718577.12 10909.44 0.77
718577.12 10909.44 0.77
718577.12 10909.44 0.77
718577.12 10909.44 0.77
718577.12 10909.44 0.77
718577.12 10909.44 0.77
718577.12 10909.44 0.77
718577.12 10909.44 0.77
718577.12 10909.44 0.77
718577.12 10909.44 0.77
718577.12 10909.44 0.77
718577.12 10909.44 0.77
955125.81 13966.70 0.86
955125.81 13966.70 0.86
877719.06 13294.00 1.10
861539.88 13222.34 1.25
853370.69 13429.00 1.28
875389.25 12984.00 1.28
879353.81 12879.00 1.31
844458.06 12394.00 1.31
844458.06 12394.00 1.31
844458.06 12394.00 1.31
844458.06 12394.00 1.31
844458.06 12394.00 1.31
844458.06 12394.00 1.31
844458.06 12394.00 1.31
844458.06 12394.00 1.31
844458.06 12394.00 1.31
844458.06 12394.00 1.31
844458.06 12394.00 1.31
844458.06 12394.00 1.31
844458.06 12394.00 1.31
843819.69 12459.00 1.34
831140.31 12279.00 1.35
831140.31 12279.00 1.35
831140.31 12279.00 1.35
831140.31 12279.00 1.35
831140.31 12279.00 1.35
831140.31 12279.00 1.35
831140.31 12279.00 1.35
831140.31 12279.00 1.35
831140.31 12279.00 1.35
831140.31 12279.00 1.35
831140.31 12279.00 1.35
831140.31 12279.00 1.35
831140.31 12279.00 1.35
831140.31 12279.00 1.35
831140.31 12279.00 1.35
831140.31 12279.00 1.35
831140.31 12279.00 1.35
831140.31 12279.00 1.35
831140.31 12279.00 1.35
831140.31 12279.00 1.35
831140.31 12279.00 1.35
831140.31 12279.00 1.35
831140.31 12279.00 1.35
831140.31 12279.00 1.35
831140.31 12279.00 1.35
831140.31 12279.00 1.35
831140.31 12279.00 1.35
831140.31 12279.00 1.35
831140.31 12279.00 1.35
831140.31 12279.00 1.35
831140.31 12279.00 1.35
831140.31 12279.00 1.35
831140.31 12279.00 1.35
831140.31 12279.00 1.35
831140.31 12279.00 1.35
831140.31 12279.00 1.35
831140.31 12279.00 1.35
831140.31 12279.00 1.35
831140.31 12279.00 1.35
831140.31 12279.00 1.35
831140.31 12279.00 1.35
831140.31 12279.00 1.35
831140.31 12279.00 1.35
831140.31 12279.00 1.35
831140.31 12279.00 1.35
831140.31 12279.00 1.35
831140.31 12279.00 1.35
831140.31 12279.00 1.35
831140.31 12279.00 1.35
831140.31 12279.00 1.35
831140.31 12279.00 1.35
831140.31 12279.00 1.35
831140.31 12279.00 1.35
831140.31 12279.00 1.35
831140.31 12279.00 1.35
831140.31 12279.00 1.35
831140.31 12279.00 1.35
831140.31 12279.00 1.35
830735.06 12993.52 1.46
729422.69 11224.44 0.77
729422.69 11224.44 0.77
729422.69 11224.44 0.77
729422.69 11224.44 0.77
729422.69 11224.44 0.77
729422.69 11224.44 0.77
729422.69 11224.44 0.77
729422.69 11224.44 0.77
729422.69 11224.44 0.77
729422.69 11224.44 0.77
729422.69 11224.44 0.77
729422.69 11224.44 0.77
729422.69 11224.44 0.77
729422.69 11224.44 0.77
729422.69 11224.44 0.77
729422.69 11224.44 0.77
729422.69 11224.44 0.77
729422.69 11224.44 0.77
729422.69 11224.44 0.77
729422.69 11224.44 0.77
729422.69 11224.44 0.77
729422.69 11224.44 0.77
729422.69 11224.44 0.77
729422.69 11224.44 0.77
729422.69 11224.44 0.77
729422.69 11224.44 0.77
729422.69 11224.44 0.77
729422.69 11224.44 0.77
729422.69 11224.44 0.77
729422.69 11224.44 0.77
729422.69 11224.44 0.77
729422.69 11224.44 0.77
729422.69 11224.44 0.77
729422.69 11224.44 0.77
729422.69 11224.44 0.77
729422.69 11224.44 0.77
729422.69 11224.44 0.77
729422.69 11224.44 0.77
729422.69 11224.44 0.77
729422.69 11224.44 0.77
729422.69 11224.44 0.77
745705.69 11214.44 0.77
745705.69 11214.44 0.77
745705.69 11214.44 0.77
745705.69 11214.44 0.77
745705.69 11214.44 0.77
745705.69 11214.44 0.77
745705.69 11214.44 0.77
745705.69 11214.44 0.77
745705.69 11214.44 0.77
745705.69 11214.44 0.77
745705.69 11214.44 0.77
745705.69 11214.44 0.77
745705.69 11214.44 0.77
745705.69 11214.44 0.77
745705.69 11214.44 0.77
745705.69 11214.44 0.77
745705.69 11214.44 0.77
745705.69 11214.44 0.77
745705.69 11214.44 0.77
729422.69 11224.44 0.77
729422.69 11224.44 0.77
729422.69 11224.44 0.77
729422.69 11224.44 0.77
729422.69 11224.44 0.77
729422.69 11224.44 0.77
729422.69 11224.44 0.77
729422.69 11224.44 0.77
729422.69 11224.44 0.77
729422.69 11224.44 0.77
729422.69 11224.44 0.77
729422.69 11224.44 0.77
729422.69 11224.44 0.77
729422.69 11224.44 0.77
729422.69 11224.44 0.77
729422.69 11224.44 0.77
729422.69 11224.44 0.77
729422.69 11224.44 0.77
745705.69 11214.44 0.77
745705.69 11214.44 0.77
750344.69 11154.44 0.77
750344.69 11154.44 0.77
727436.44 10967.78 0.91
727436.44 10967.78 0.91
727436.44 10967.78 0.91
727436.44 10967.78 0.91
727436.44 10967.78 0.91
727436.44 10967.78 0.91
727436.44 10967.78 0.91
727436.44 10967.78 0.91
727436.44 10967.78 0.91
727436.44 10967.78 0.91
727436.44 10967.78 0.91
727436.44 10967.78 0.91
727436.44 10967.78 0.91
727436.44 10967.78 0.91
727436.44 10967.78 0.91
727436.44 10967.78 0.91
727436.44 10967.78 0.91
727436.44 10967.78 0.91
727436.44 10967.78 0.91
727436.44 10967.78 0.91
727436.44 10967.78 0.91
727436.44 10967.78 0.91
727436.44 10967.78 0.91
727436.44 10967.78 0.91
727436.44 10967.78 0.91
727436.44 10967.78 0.91
727436.44 10967.78 0.91
727436.44 10967.78 0.91
727436.44 10967.78 0.91
727436.44 10967.78 0.91
727436.44 10967.78 0.91
727436.44 10967.78 0.91
727436.44 10967.78 0.91
727436.44 10967.78 0.91
727436.44 10967.78 0.91
727436.44 10967.78 0.91
727436.44 10967.78 0.91
727436.44 10967.78 0.91
727436.44 10967.78 0.91
727436.44 10967.78 0.91
727436.44 10967.78 0.91
727436.44 10967.78 0.91
727436.44 10967.78 0.91
727436.44 10967.78 0.91
727436.44 10967.78 0.91
727436.44 10967.78 0.91
727436.44 10967.78 0.91
727436.44 10967.78 0.91
727436.44 10967.78 0.91
727436.44 10967.78 0.91
727436.44 10967.78 0.91
727436.44 10967.78 0.91
727436.44 10967.78 0.91
727436.44 10967.78 0.91
727436.44 10967.78 0.91
727436.44 10967.78 0.91
727436.44 10967.78 0.91
727436.44 10967.78 0.91
727436.44 10967.78 0.91
727436.44 10967.78 0.91
727436.44 10967.78 0.91
727436.44 10967.78 0.91
724141.81 10868.61 0.92
724141.81 10868.61 0.92
724141.81 10868.61 0.92
724141.81 10868.61 0.92
724141.81 10868.61 0.92
724141.81 10868.61 0.92
724141.81 10868.61 0.92
724141.81 10868.61 0.92
724141.81 10868.61 0.92
724141.81 10868.61 0.92
724141.81 10868.61 0.92
724141.81 10868.61 0.92
724141.81 10868.61 0.92
724141.81 10868.61 0.92
724141.81 10868.61 0.92
724141.81 10868.61 0.92
797768.25 12627.22 0.94
797768.25 12627.22 0.94
797768.25 12627.22 0.94
797768.25 12627.22 0.94
797768.25 12627.22 0.94
797768.25 12627.22 0.94
797768.25 12627.22 0.94
797768.25 12627.22 0.94
797768.25 12627.22 0.94
797768.25 12627.22 0.94
797768.25 12627.22 0.94
797768.25 12627.22 0.94
797768.25 12627.22 0.94
797768.25 12627.22 0.94
797768.25 12627.22 0.94
797768.25 12627.22 0.94
797768.25 12627.22 0.94
797768.25 12627.22 0.94
797768.25 12627.22 0.94
797768.25 12627.22 0.94
797768.25 12627.22 0.94
797768.25 12627.22 0.94
797768.25 12627.22 0.94
797768.25 12627.22 0.94
797768.25 12627.22 0.94
797768.25 12627.22 0.94
797768.25 12627.22 0.94
797768.25 12627.22 0.94
797768.25 12627.22 0.94
797768.25 12627.22 0.94
797768.25 12627.22 0.94
797768.25 12627.22 0.94
797768.25 12627.22 0.94
797768.25 12627.22 0.94
797768.25 12627.22 0.94
797768.25 12627.22 0.94
797768.25 12627.22 0.94
797768.25 12627.22 0.94
797768.25 12627.22 0.94
797768.25 12627.22 0.94
797768.25 12627.22 0.94
797768.25 12627.22 0.94
797768.25 12627.22 0.94
797768.25 12627.22 0.94
797768.25 12627.22 0.94
797768.25 12627.22 0.94
797768.25 12627.22 0.94
797768.25 12627.22 0.94
798099.94 12627.22 0.94
771595.00 12440.56 1.08
771595.00 12440.56 1.08
771595.00 12440.56 1.08
771595.00 12440.56 1.08
771595.00 12440.56 1.08
771595.00 12440.56 1.08
771595.00 12440.56 1.08
771595.00 12440.56 1.08
771595.00 12440.56 1.08
771595.00 12440.56 1.08
771595.00 12440.56 1.08
771595.00 12440.56 1.08
771595.00 12440.56 1.08
771595.00 12440.56 1.08
771595.00 12440.56 1.08
771595.00 12440.56 1.08
771595.00 12440.56 1.08
771595.00 12440.56 1.08
771595.00 12440.56 1.08
771595.00 12440.56 1.08
771595.00 12440.56 1.08
771595.00 12440.56 1.08
771595.00 12440.56 1.08
771595.00 12440.56 1.08
771595.00 12440.56 1.08
771595.00 12440.56 1.08
771595.00 12440.56 1.08
771595.00 12440.56 1.08
771595.00 12440.56 1.08
771595.00 12440.56 1.08
771595.00 12440.56 1.08
753625.25 11484.44 0.77
728399.31 11312.78 0.91
728399.31 11312.78 0.91
728399.31 11312.78 0.91
728399.31 11312.78 0.91
728399.31 11312.78 0.91
728399.31 11312.78 0.91
728399.31 11312.78 0.91
728399.31 11312.78 0.91
728399.31 11312.78 0.91
728399.31 11312.78 0.91
728399.31 11312.78 0.91
728399.31 11312.78 0.91
728399.31 11312.78 0.91
728399.31 11312.78 0.91
728399.31 11312.78 0.91
728399.31 11312.78 0.91
728399.31 11312.78 0.91
728399.31 11312.78 0.91
728399.31 11312.78 0.91
728399.31 11312.78 0.91
728399.31 11312.78 0.91
728399.31 11312.78 0.91
728399.31 11312.78 0.91
728399.31 11312.78 0.91
728399.31 11312.78 0.91
728399.31 11312.78 0.91
728399.31 11312.78 0.91
728399.31 11312.78 0.91
728399.31 11312.78 0.91
728399.31 11312.78 0.91
728399.31 11312.78 0.91
728399.31 11312.78 0.91
728399.31 11312.78 0.91
728399.31 11312.78 0.91
728399.31 11312.78 0.91
724329.00 11208.61 0.92
724329.00 11208.61 0.92
724329.00 11208.61 0.92
724329.00 11208.61 0.92
724329.00 11208.61 0.92
724329.00 11208.61 0.92
724329.00 11208.61 0.92
724329.00 11208.61 0.92
724329.00 11208.61 0.92
724329.00 11208.61 0.92
724329.00 11208.61 0.92
724329.00 11208.61 0.92
724329.00 11208.61 0.92
724329.00 11208.61 0.92
724329.00 11208.61 0.92
724329.00 11208.61 0.92
724329.00 11208.61 0.92
724329.00 11208.61 0.92
724329.00 11208.61 0.92
724329.00 11208.61 0.92
724329.00 11208.61 0.92
724329.00 11208.61 0.92
724329.00 11208.61 0.92
724329.00 11208.61 0.92
724329.00 11208.61 0.92
724329.00 11208.61 0.92
724329.00 11208.61 0.92
724329.00 11208.61 0.92
724329.00 11208.61 0.92
724329.00 11208.61 0.92
724329.00 11208.61 0.92
724329.00 11208.61 0.92
724329.00 11208.61 0.92
724329.00 11208.61 0.92
724329.00 11208.61 0.92
724329.00 11208.61 0.92
724329.00 11208.61 0.92
724329.00 11208.61 0.92
724329.00 11208.61 0.92
724329.00 11208.61 0.92
724329.00 11208.61 0.92
724329.00 11208.61 0.92
724329.00 11208.61 0.92
724329.00 11208.61 0.92
842123.38 12961.79 0.72
816607.38 12758.76 0.85
809866.50 12947.67 0.90
780847.81 12581.43 0.93
780847.81 12581.43 0.93
780847.81 12581.43 0.93
780847.81 12581.43 0.93
780847.81 12581.43 0.93
780847.81 12581.43 0.93
780847.81 12581.43 0.93
780847.81 12581.43 0.93
780847.81 12581.43 0.93
774279.94 12184.06 0.94
765675.88 12227.83 0.96
765675.88 12227.83 0.96
765675.88 12227.83 0.96
765675.88 12227.83 0.96
765675.88 12227.83 0.96
765675.88 12227.83 0.96
765675.88 12227.83 0.96
765675.88 12227.83 0.96
765675.88 12227.83 0.96
765675.88 12227.83 0.96
765675.88 12227.83 0.96
765675.88 12227.83 0.96
765675.88 12227.83 0.96
765675.88 12227.83 0.96
765675.88 12227.83 0.96
765675.88 12227.83 0.96
765675.88 12227.83 0.96
765675.88 12227.83 0.96
765675.88 12227.83 0.96
765675.88 12227.83 0.96
765675.88 12227.83 0.96
765675.88 12227.83 0.96
765675.88 12227.83 0.96
765675.88 12227.83 0.96
765675.88 12227.83 0.96
765675.88 12227.83 0.96
765675.88 12227.83 0.96
765675.88 12227.83 0.96
765675.88 12227.83 0.96
765675.88 12227.83 0.96
765675.88 12227.83 0.96
765675.88 12227.83 0.96
765675.88 12227.83 0.96
765675.88 12227.83 0.96
765675.88 12227.83 0.96
765675.88 12227.83 0.96
765675.88 12227.83 0.96
765675.88 12227.83 0.96
765675.88 12227.83 0.96
765675.88 12227.83 0.96
765675.88 12227.83 0.96
765675.88 12227.83 0.96
765675.88 12227.83 0.96
765675.88 12227.83 0.96
765675.88 12227.83 0.96
765675.88 12227.83 0.96
765675.88 12227.83 0.96
765675.88 12227.83 0.96
765675.88 12227.83 0.96
765675.88 12227.83 0.96
765675.88 12227.83 0.96
765675.88 12227.83 0.96
765675.88 12227.83 0.96
765675.88 12227.83 0.96
765675.88 12227.83 0.96
742743.94 12254.77 1.07
742743.94 12254.77 1.07
734427.12 11857.41 1.09
734427.12 11857.41 1.09
727550.12 11901.17 1.11
727550.12 11901.17 1.11
727550.12 11901.17 1.11
727550.12 11901.17 1.11
727550.12 11901.17 1.11
727550.12 11901.17 1.11
727550.12 11901.17 1.11
727550.12 11901.17 1.11
821864.81 12738.14 0.83
821864.81 12738.14 0.83
821864.81 12738.14 0.83
821864.81 12738.14 0.83
821864.81 12738.14 0.83
821864.81 12738.14 0.83
821864.81 12738.14 0.83
821864.81 12738.14 0.83
821864.81 12738.14 0.83
821864.81 12738.14 0.83
821864.81 12738.14 0.83
821864.81 12738.14 0.83
821864.81 12738.14 0.83
821864.81 12738.14 0.83
821864.81 12738.14 0.83
821864.81 12738.14 0.83
821864.81 12738.14 0.83
821864.81 12738.14 0.83
821864.81 12738.14 0.83
821864.81 12738.14 0.83
821864.81 12738.14 0.83
817341.00 12783.14 0.83
817341.00 12783.14 0.83
817341.00 12783.14 0.83
817341.00 12783.14 0.83
817341.00 12783.14 0.83
817341.00 12783.14 0.83
817341.00 12783.14 0.83
817341.00 12783.14 0.83
817341.00 12783.14 0.83
817341.00 12783.14 0.83
821864.81 12738.14 0.83
817341.00 12783.14 0.83
817341.00 12783.14 0.83
817341.00 12783.14 0.83
821864.81 12738.14 0.83
821864.81 12738.14 0.83
821864.81 12738.14 0.83
821864.81 12738.14 0.83
821864.81 12738.14 0.83
821864.81 12738.14 0.83
821864.81 12738.14 0.83
817341.00 12783.14 0.83
821864.81 12738.14 0.83
821864.81 12738.14 0.83
821864.81 12738.14 0.83
821864.81 12738.14 0.83
821864.81 12738.14 0.83
821864.81 12738.14 0.83
821864.81 12738.14 0.83
821864.81 12738.14 0.83
821864.81 12738.14 0.83
821864.81 12738.14 0.83
821864.81 12738.14 0.83
821864.81 12738.14 0.83
821864.81 12738.14 0.83
821864.81 12738.14 0.83
821864.81 12738.14 0.83
821864.81 12738.14 0.83
821864.81 12738.14 0.83
821864.81 12738.14 0.83
821864.81 12738.14 0.83
821864.81 12738.14 0.83
821864.81 12738.14 0.83
821864.81 12738.14 0.83
821864.81 12738.14 0.83
821864.81 12738.14 0.83
821864.81 12738.14 0.83
821864.81 12738.14 0.83
821864.81 12738.14 0.83
821864.81 12738.14 0.83
821864.81 12738.14 0.83
779927.94 12336.70 0.86
779927.94 12336.70 0.86
779927.94 12336.70 0.86
779927.94 12336.70 0.86
779927.94 12336.70 0.86
779927.94 12336.70 0.86
779927.94 12336.70 0.86
779927.94 12336.70 0.86
898757.88 13069.44 0.77
829986.62 12671.38 0.80
829986.62 12671.38 0.80
829986.62 12671.38 0.80
829986.62 12671.38 0.80
829986.62 12671.38 0.80
829986.62 12671.38 0.80
829986.62 12671.38 0.80
829986.62 12671.38 0.80
829986.62 12671.38 0.80
829986.62 12671.38 0.80
829986.62 12671.38 0.80
829986.62 12671.38 0.80
829986.62 12671.38 0.80
829986.62 12671.38 0.80
829986.62 12671.38 0.80
829986.62 12671.38 0.80
829986.62 12671.38 0.80
829986.62 12671.38 0.80
829986.62 12671.38 0.80
840981.44 12661.38 0.80
829986.62 12671.38 0.80
826758.69 12776.38 0.80
829986.62 12671.38 0.80
829986.62 12671.38 0.80
829986.62 12671.38 0.80
829986.62 12671.38 0.80
829986.62 12671.38 0.80
829986.62 12671.38 0.80
829986.62 12671.38 0.80
829986.62 12671.38 0.80
829986.62 12671.38 0.80
829986.62 12671.38 0.80
829986.62 12671.38 0.80
829986.62 12671.38 0.80
829986.62 12671.38 0.80
829986.62 12671.38 0.80
829986.62 12671.38 0.80
829986.62 12671.38 0.80
829986.62 12671.38 0.80
829986.62 12671.38 0.80
840981.44 12661.38 0.80
829986.62 12671.38 0.80
829986.62 12671.38 0.80
840981.44 12661.38 0.80
840981.44 12661.38 0.80
840981.44 12661.38 0.80
840981.44 12661.38 0.80
840981.44 12661.38 0.80
840981.44 12661.38 0.80
840981.44 12661.38 0.80
829986.62 12671.38 0.80
840981.44 12661.38 0.80
840981.44 12661.38 0.80
840981.44 12661.38 0.80
840981.44 12661.38 0.80
840981.44 12661.38 0.80
840981.44 12661.38 0.80
840981.44 12661.38 0.80
840981.44 12661.38 0.80
840981.44 12661.38 0.80
829986.62 12671.38 0.80
829986.62 12671.38 0.80
829986.62 12671.38 0.80
829986.62 12671.38 0.80
829986.62 12671.38 0.80
829986.62 12671.38 0.80
829986.62 12671.38 0.80
829986.62 12671.38 0.80
829986.62 12671.38 0.80
829986.62 12671.38 0.80
829986.62 12671.38 0.80
829986.62 12671.38 0.80
829986.62 12671.38 0.80
829986.62 12671.38 0.80
829986.62 12671.38 0.80
829986.62 12671.38 0.80
829986.62 12671.38 0.80
829986.62 12671.38 0.80
829986.62 12671.38 0.80
814776.50 11939.44 0.77
809416.50 11999.44 0.77
809416.50 11999.44 0.77
809416.50 11999.44 0.77
809416.50 11999.44 0.77
809416.50 11999.44 0.77
809416.50 11999.44 0.77
809416.50 11999.44 0.77
814776.50 11939.44 0.77
814776.50 11939.44 0.77
814776.50 11939.44 0.77
809416.50 11999.44 0.77
814776.50 11939.44 0.77
814776.50 11939.44 0.77
814776.50 11939.44 0.77
814776.50 11939.44 0.77
814776.50 11939.44 0.77
814776.50 11939.44 0.77
814776.50 11939.44 0.77
814776.50 11939.44 0.77
814776.50 11939.44 0.77
809416.50 11999.44 0.77
798996.38 12014.44 0.77
809416.50 11999.44 0.77
809416.50 11999.44 0.77
809416.50 11999.44 0.77
809416.50 11999.44 0.77
809416.50 11999.44 0.77
809416.50 11999.44 0.77
809416.50 11999.44 0.77
809416.50 11999.44 0.77
814776.50 11939.44 0.77
809416.50 11999.44 0.77
809416.50 11999.44 0.77
809416.50 11999.44 0.77
809416.50 11999.44 0.77
809416.50 11999.44 0.77
809416.50 11999.44 0.77
809416.50 11999.44 0.77
809416.50 11999.44 0.77
809416.50 11999.44 0.77
814776.50 11939.44 0.77
814776.50 11939.44 0.77
814776.50 11939.44 0.77
814776.50 11939.44 0.77
814776.50 11939.44 0.77
814776.50 11939.44 0.77
814776.50 11939.44 0.77
814776.50 11939.44 0.77
814776.50 11939.44 0.77
814776.50 11939.44 0.77
814776.50 11939.44 0.77
814776.50 11939.44 0.77
814776.50 11939.44 0.77
814776.50 11939.44 0.77
814776.50 11939.44 0.77
814776.50 11939.44 0.77
814776.50 11939.44 0.77
814776.50 11939.44 0.77
814776.50 11939.44 0.77
814776.50 11939.44 0.77
817303.75 11934.44 0.77
814776.50 11939.44 0.77
814776.50 11939.44 0.77
814776.50 11939.44 0.77
814776.50 11939.44 0.77
814776.50 11939.44 0.77
814776.50 11939.44 0.77
814776.50 11939.44 0.77
814776.50 11939.44 0.77
814776.50 11939.44 0.77
814776.50 11939.44 0.77
814776.50 11939.44 0.77
814776.50 11939.44 0.77
814776.50 11939.44 0.77
814776.50 11939.44 0.77
814776.50 11939.44 0.77
814776.50 11939.44 0.77
814776.50 11939.44 0.77
814776.50 11939.44 0.77
738655.00 11931.79 0.72
760037.69 11851.79 0.72
761887.81 11846.79 0.72
708363.88 11571.66 0.92
708363.88 11571.66 0.92
708363.88 11571.66 0.92
708363.88 11571.66 0.92
708363.88 11571.66 0.92
708363.88 11571.66 0.92
708363.88 11571.66 0.92
708363.88 11571.66 0.92
708363.88 11571.66 0.92
708363.88 11571.66 0.92
708363.88 11571.66 0.92
708363.88 11571.66 0.92
708363.88 11571.66 0.92
708363.88 11571.66 0.92
708363.88 11571.66 0.92
708363.88 11571.66 0.92
708363.88 11571.66 0.92
708363.88 11571.66 0.92
708363.88 11571.66 0.92
708363.88 11571.66 0.92
708363.88 11571.66 0.92
708363.88 11571.66 0.92
708363.88 11571.66 0.92
708363.88 11571.66 0.92
708363.88 11571.66 0.92
708363.88 11571.66 0.92
708363.88 11571.66 0.92
708363.88 11571.66 0.92
708363.88 11571.66 0.92
708363.88 11571.66 0.92
708363.88 11571.66 0.92
708363.88 11571.66 0.92
708363.88 11571.66 0.92
708363.88 11571.66 0.92
708363.88 11571.66 0.92
708363.88 11571.66 0.92
708363.88 11571.66 0.92
708363.88 11571.66 0.92
708363.88 11571.66 0.92
708363.88 11571.66 0.92
708363.88 11571.66 0.92
721498.75 11481.66 0.92
721498.75 11481.66 0.92
721498.75 11481.66 0.92
721498.75 11481.66 0.92
721498.75 11481.66 0.92
708363.88 11571.66 0.92
708363.88 11571.66 0.92
708363.88 11571.66 0.92
708363.88 11571.66 0.92
708363.88 11571.66 0.92
695919.19 11474.73 0.93
708455.81 11384.73 0.93
695919.19 11474.73 0.93
695919.19 11474.73 0.93
695919.19 11474.73 0.93
695919.19 11474.73 0.93
695919.19 11474.73 0.93
695919.19 11474.73 0.93
695919.19 11474.73 0.93
695919.19 11474.73 0.93
695919.19 11474.73 0.93
695919.19 11474.73 0.93
708455.81 11384.73 0.93
708455.81 11384.73 0.93
708455.81 11384.73 0.93
708455.81 11384.73 0.93
695919.19 11474.73 0.93
695919.19 11474.73 0.93
695919.19 11474.73 0.93
695919.19 11474.73 0.93
695919.19 11474.73 0.93
695919.19 11474.73 0.93
695919.19 11474.73 0.93
695919.19 11474.73 0.93
695919.19 11474.73 0.93
695919.19 11474.73 0.93
813184.50 12293.14 0.83
813184.50 12293.14 0.83
813184.50 12293.14 0.83
813184.50 12293.14 0.83
813184.50 12293.14 0.83
813184.50 12293.14 0.83
813184.50 12293.14 0.83
813184.50 12293.14 0.83
813184.50 12293.14 0.83
813184.50 12293.14 0.83
813184.50 12293.14 0.83
813184.50 12293.14 0.83
813184.50 12293.14 0.83
813184.50 12293.14 0.83
813184.50 12293.14 0.83
813184.50 12293.14 0.83
813184.50 12293.14 0.83
813184.50 12293.14 0.83
813184.50 12293.14 0.83
813184.50 12293.14 0.83
813184.50 12293.14 0.83
813184.50 12293.14 0.83
813184.50 12293.14 0.83
813184.50 12293.14 0.83
813184.50 12293.14 0.83
813184.50 12293.14 0.83
813184.50 12293.14 0.83
813184.50 12293.14 0.83
813184.50 12293.14 0.83
813184.50 12293.14 0.83
813184.50 12293.14 0.83
813184.50 12293.14 0.83
813184.50 12293.14 0.83
813184.50 12293.14 0.83
813184.50 12293.14 0.83
813184.50 12293.14 0.83
813184.50 12293.14 0.83
813184.50 12293.14 0.83
813184.50 12293.14 0.83
813184.50 12293.14 0.83
813184.50 12293.14 0.83
813184.50 12293.14 0.83
813184.50 12293.14 0.83
813184.50 12293.14 0.83
813184.50 12293.14 0.83
813184.50 12293.14 0.83
813184.50 12293.14 0.83
813184.50 12293.14 0.83
813184.50 12293.14 0.83
813184.50 12293.14 0.83
813184.50 12293.14 0.83
813184.50 12293.14 0.83
813184.50 12293.14 0.83
813184.50 12293.14 0.83
816787.62 12253.14 0.83
816787.62 12253.14 0.83
813184.50 12293.14 0.83
813184.50 12293.14 0.83
813184.50 12293.14 0.83
813184.50 12293.14 0.83
813184.50 12293.14 0.83
813184.50 12293.14 0.83
813184.50 12293.14 0.83
813184.50 12293.14 0.83
813184.50 12293.14 0.83
813184.50 12293.14 0.83
813184.50 12293.14 0.83
813184.50 12293.14 0.83
813184.50 12293.14 0.83
813184.50 12293.14 0.83
813184.50 12293.14 0.83
813184.50 12293.14 0.83
813184.50 12293.14 0.83
806382.38 12324.26 0.90
806382.38 12324.26 0.90
806382.38 12324.26 0.90
806382.38 12324.26 0.90
806382.38 12324.26 0.90
806382.38 12324.26 0.90
806382.38 12324.26 0.90
782115.81 11996.79 0.72
782115.81 11996.79 0.72
782115.81 11996.79 0.72
732506.50 11544.73 0.93
732506.50 11544.73 0.93
710893.56 11450.51 1.15
710893.56 11450.51 1.15
710893.56 11450.51 1.15
710893.56 11450.51 1.15
710893.56 11450.51 1.15
710893.56 11450.51 1.15
710893.56 11450.51 1.15
710893.56 11450.51 1.15
710893.56 11450.51 1.15
710893.56 11450.51 1.15
710893.56 11450.51 1.15
710893.56 11450.51 1.15
710893.56 11450.51 1.15
710893.56 11450.51 1.15
710893.56 11450.51 1.15
710893.56 11450.51 1.15
710893.56 11450.51 1.15
710893.56 11450.51 1.15
710893.56 11450.51 1.15
710893.56 11450.51 1.15
710893.56 11450.51 1.15
710893.56 11450.51 1.15
710893.56 11450.51 1.15
710893.56 11450.51 1.15
710893.56 11450.51 1.15
710893.56 11450.51 1.15
710893.56 11450.51 1.15
710893.56 11450.51 1.15
710893.56 11450.51 1.15
710893.56 11450.51 1.15
710893.56 11450.51 1.15
710893.56 11450.51 1.15
710893.56 11450.51 1.15
710893.56 11450.51 1.15
710893.56 11450.51 1.15
710893.56 11450.51 1.15
710893.56 11450.51 1.15
710893.56 11450.51 1.15
710893.56 11450.51 1.15
710893.56 11450.51 1.15
710893.56 11450.51 1.15
710893.56 11450.51 1.15
710893.56 11450.51 1.15
710893.56 11450.51 1.15
710893.56 11450.51 1.15
710893.56 11450.51 1.15
710893.56 11450.51 1.15
710893.56 11450.51 1.15
710893.56 11450.51 1.15
710893.56 11450.51 1.15
710893.56 11450.51 1.15
710893.56 11450.51 1.15
710893.56 11450.51 1.15
710893.56 11450.51 1.15
707407.56 11524.95 1.25
697284.75 11398.53 1.26
697284.75 11398.53 1.26
697284.75 11398.53 1.26
694393.81 11590.80 1.43
694393.81 11590.80 1.43
694393.81 11590.80 1.43
688767.81 11568.89 1.50
688767.81 11568.89 1.50
688767.81 11568.89 1.50
688767.81 11568.89 1.50
688767.81 11568.89 1.50
688767.81 11568.89 1.50
688767.81 11568.89 1.50
688767.81 11568.89 1.50
688767.81 11568.89 1.50
688767.81 11568.89 1.50
688767.81 11568.89 1.50
688767.81 11568.89 1.50
688767.81 11568.89 1.50
688767.81 11568.89 1.50
730497.44 10929.44 0.77
730497.44 10929.44 0.77
730497.44 10929.44 0.77
730497.44 10929.44 0.77
730497.44 10929.44 0.77
730497.44 10929.44 0.77
730497.44 10929.44 0.77
730497.44 10929.44 0.77
730497.44 10929.44 0.77
730497.44 10929.44 0.77
730497.44 10929.44 0.77
730497.44 10929.44 0.77
730497.44 10929.44 0.77
730497.44 10929.44 0.77
730497.44 10929.44 0.77
730497.44 10929.44 0.77
730497.44 10929.44 0.77
730497.44 10929.44 0.77
730497.44 10929.44 0.77
730497.44 10929.44 0.77
730497.44 10929.44 0.77
730497.44 10929.44 0.77
730497.44 10929.44 0.77
730497.44 10929.44 0.77
730497.44 10929.44 0.77
730497.44 10929.44 0.77
730497.44 10929.44 0.77
730497.44 10929.44 0.77
730497.44 10929.44 0.77
730497.44 10929.44 0.77
730497.44 10929.44 0.77
730497.44 10929.44 0.77
730497.44 10929.44 0.77
730497.44 10929.44 0.77
730497.44 10929.44 0.77
730497.44 10929.44 0.77
730497.44 10929.44 0.77
730497.44 10929.44 0.77
730497.44 10929.44 0.77
730497.44 10929.44 0.77
730497.44 10929.44 0.77
730497.44 10929.44 0.77
730497.44 10929.44 0.77
730497.44 10929.44 0.77
730497.44 10929.44 0.77
730497.44 10929.44 0.77
730497.44 10929.44 0.77
730497.44 10929.44 0.77
730497.44 10929.44 0.77
730497.44 10929.44 0.77
730497.44 10929.44 0.77
730497.44 10929.44 0.77
730497.44 10929.44 0.77
730497.44 10929.44 0.77
730497.44 10929.44 0.77
730497.44 10929.44 0.77
730497.44 10929.44 0.77
730497.44 10929.44 0.77
730497.44 10929.44 0.77
730497.44 10929.44 0.77
730497.44 10929.44 0.77
730497.44 10929.44 0.77
730497.44 10929.44 0.77
730497.44 10929.44 0.77
730497.44 10929.44 0.77
730497.44 10929.44 0.77
730497.44 10929.44 0.77
730497.44 10929.44 0.77
730497.44 10929.44 0.77
730497.44 10929.44 0.77
730497.44 10929.44 0.77
730497.44 10929.44 0.77
730497.44 10929.44 0.77
730497.44 10929.44 0.77
730497.44 10929.44 0.77
730497.44 10929.44 0.77
730497.44 10929.44 0.77
728380.56 10992.51 0.84
728380.56 10992.51 0.84
728380.56 10992.51 0.84