881082.56 14053.75 0.88
876257.31 13826.28 1.13
876257.31 13826.28 1.13
876257.31 13826.28 1.13
870088.56 13954.91 1.13
870088.56 13954.91 1.13
870088.56 13954.91 1.13
870088.56 13954.91 1.13
841534.19 13811.51 1.27
841534.19 13811.51 1.27
845032.50 13651.51 1.27
860230.44 13112.78 1.38
849682.06 13126.14 1.68
831323.12 13137.78 1.68
848710.69 12767.52 1.76
807443.31 12896.53 1.78
830640.62 12756.14 1.95
830640.62 12756.14 1.95
830640.62 12756.14 1.95
830640.62 12756.14 1.95
830640.62 12756.14 1.95
830640.62 12756.14 1.95
830640.62 12756.14 1.95
830640.62 12756.14 1.95
830640.62 12756.14 1.95
830640.62 12756.14 1.95
830640.62 12756.14 1.95
830640.62 12756.14 1.95
845364.12 13452.33 1.27
772451.25 13883.79 4.93
785086.88 13872.19 4.93
764974.31 14214.76 4.93
830640.62 12756.14 1.95
830640.62 12756.14 1.95
857999.75 13440.73 1.15
857999.75 13440.73 1.15
857999.75 13440.73 1.15
853169.56 12917.52 1.68
830640.62 12756.14 1.95
848870.38 13559.15 1.27
785086.88 13872.19 4.93
777703.81 14023.12 4.43
854169.81 13600.73 1.15
767205.38 13924.34 4.98
759775.69 14901.40 4.35
930631.56 14737.28 0.97
930631.56 14737.28 0.97
930631.56 14737.28 0.97
930631.56 14737.28 0.97
930631.56 14737.28 0.97
930631.56 14737.28 0.97
930631.56 14737.28 0.97
930631.56 14737.28 0.97
930631.56 14737.28 0.97
930631.56 14737.28 0.97
930631.56 14737.28 0.97
930631.56 14737.28 0.97
930631.56 14737.28 0.97
937159.38 14705.49 0.97
937159.38 14705.49 0.97
937159.38 14705.49 0.97
937159.38 14705.49 0.97
937159.38 14705.49 0.97
937159.38 14705.49 0.97
937159.38 14705.49 0.97
937159.38 14705.49 0.97
930631.56 14737.28 0.97
930631.56 14737.28 0.97
930631.56 14737.28 0.97
930631.56 14737.28 0.97
930631.56 14737.28 0.97
930631.56 14737.28 0.97
930631.56 14737.28 0.97
930631.56 14737.28 0.97
930631.56 14737.28 0.97
930631.56 14737.28 0.97
937159.38 14705.49 0.97
930631.56 14737.28 0.97
930631.56 14737.28 0.97
930631.56 14737.28 0.97
930631.56 14737.28 0.97
930631.56 14737.28 0.97
930631.56 14737.28 0.97
930631.56 14737.28 0.97
930631.56 14737.28 0.97
930631.56 14737.28 0.97
937159.38 14705.49 0.97
937159.38 14705.49 0.97
937159.38 14705.49 0.97
937159.38 14705.49 0.97
937159.38 14705.49 0.97
937159.38 14705.49 0.97
937159.38 14705.49 0.97
937159.38 14705.49 0.97
937159.38 14705.49 0.97
937159.38 14705.49 0.97
937159.38 14705.49 0.97
937159.38 14705.49 0.97
937159.38 14705.49 0.97
937159.38 14705.49 0.97
937159.38 14705.49 0.97
937159.38 14705.49 0.97
937159.38 14705.49 0.97
937159.38 14705.49 0.97
937159.38 14705.49 0.97
930631.56 14737.28 0.97
937159.38 14705.49 0.97
937159.38 14705.49 0.97
937159.38 14705.49 0.97
937159.38 14705.49 0.97
937159.38 14705.49 0.97
937159.38 14705.49 0.97
937159.38 14705.49 0.97
937159.38 14705.49 0.97
937159.38 14705.49 0.97
937159.38 14705.49 0.97
937159.38 14705.49 0.97
937159.38 14705.49 0.97
937159.38 14705.49 0.97
937159.38 14705.49 0.97
937159.38 14705.49 0.97
937159.38 14705.49 0.97
937159.38 14705.49 0.97
937159.38 14705.49 0.97
937159.38 14705.49 0.97
862371.50 13529.31 0.88
862371.50 13529.31 0.88
862371.50 13529.31 0.88
862371.50 13529.31 0.88
857409.50 13529.31 0.90
857409.50 13529.31 0.90
857409.50 13529.31 0.90
857409.50 13529.31 0.90
857409.50 13529.31 0.90
857409.50 13529.31 0.90
857409.50 13529.31 0.90
857409.50 13529.31 0.90
857409.50 13529.31 0.90
857409.50 13529.31 0.90
857409.50 13529.31 0.90
857409.50 13529.31 0.90
857409.50 13529.31 0.90
857409.50 13529.31 0.90
857409.50 13529.31 0.90
857409.50 13529.31 0.90
857409.50 13529.31 0.90
857409.50 13529.31 0.90
857409.50 13529.31 0.90
857409.50 13529.31 0.90
857409.50 13529.31 0.90
857409.50 13529.31 0.90
857409.50 13529.31 0.90
857409.50 13529.31 0.90
857409.50 13529.31 0.90
857409.50 13529.31 0.90
857409.50 13529.31 0.90
857409.50 13529.31 0.90
857409.50 13529.31 0.90
857409.50 13529.31 0.90
857409.50 13529.31 0.90
857409.50 13529.31 0.90
857409.50 13529.31 0.90
857409.50 13529.31 0.90
857409.50 13529.31 0.90
857409.50 13529.31 0.90
857409.50 13529.31 0.90
857409.50 13529.31 0.90
857409.50 13529.31 0.90
857409.50 13529.31 0.90
857409.50 13529.31 0.90
857409.50 13529.31 0.90
857409.50 13529.31 0.90
857409.50 13529.31 0.90
857409.50 13529.31 0.90
857409.50 13529.31 0.90
857409.50 13529.31 0.90
857409.50 13529.31 0.90
857409.50 13529.31 0.90
857409.50 13529.31 0.90
857409.50 13529.31 0.90
857409.50 13529.31 0.90
857409.50 13529.31 0.90
859184.69 13296.57 0.98
859184.69 13296.57 0.98
859184.69 13296.57 0.98
859184.69 13296.57 0.98
859184.69 13296.57 0.98
859184.69 13296.57 0.98
859184.69 13296.57 0.98
859184.69 13296.57 0.98
859184.69 13296.57 0.98
859184.69 13296.57 0.98
859184.69 13296.57 0.98
859184.69 13296.57 0.98
859184.69 13296.57 0.98
859184.69 13296.57 0.98
859184.69 13296.57 0.98
859184.69 13296.57 0.98
859184.69 13296.57 0.98
859184.69 13296.57 0.98
859184.69 13296.57 0.98
857810.94 13475.63 0.98
850254.81 13623.37 0.98
856525.12 13602.57 0.98
856525.12 13602.57 0.98
822524.44 12986.10 0.88
822524.44 12986.10 0.88
822524.44 12986.10 0.88
822524.44 12986.10 0.88
822524.44 12986.10 0.88
822524.44 12986.10 0.88
822524.44 12986.10 0.88
822524.44 12986.10 0.88
822524.44 12986.10 0.88
822524.44 12986.10 0.88
822524.44 12986.10 0.88
822524.44 12986.10 0.88
822524.44 12986.10 0.88
822524.44 12986.10 0.88
822524.44 12986.10 0.88
822524.44 12986.10 0.88
822524.44 12986.10 0.88
822524.44 12986.10 0.88
822524.44 12986.10 0.88
822524.44 12986.10 0.88
822524.44 12986.10 0.88
821248.50 13130.66 0.88
821248.50 13130.66 0.88
821248.50 13130.66 0.88
821248.50 13130.66 0.88
821248.50 13130.66 0.88
822524.44 12986.10 0.88
822524.44 12986.10 0.88
822524.44 12986.10 0.88
822524.44 12986.10 0.88
822524.44 12986.10 0.88
822524.44 12986.10 0.88
822524.44 12986.10 0.88
822524.44 12986.10 0.88
822524.44 12986.10 0.88
822524.44 12986.10 0.88
822524.44 12986.10 0.88
822524.44 12986.10 0.88
822524.44 12986.10 0.88
822524.44 12986.10 0.88
822524.44 12986.10 0.88
822524.44 12986.10 0.88
822524.44 12986.10 0.88
822524.44 12986.10 0.88
822524.44 12986.10 0.88
822524.44 12986.10 0.88
822524.44 12986.10 0.88
822524.44 12986.10 0.88
822524.44 12986.10 0.88
822524.44 12986.10 0.88
822524.44 12986.10 0.88
822524.44 12986.10 0.88
822524.44 12986.10 0.88
822524.44 12986.10 0.88
822524.44 12986.10 0.88
822524.44 12986.10 0.88
822524.44 12986.10 0.88
822524.44 12986.10 0.88
822524.44 12986.10 0.88
822524.44 12986.10 0.88
822524.44 12986.10 0.88
822524.44 12986.10 0.88
822524.44 12986.10 0.88
822524.44 12986.10 0.88
822524.44 12986.10 0.88
822524.44 12986.10 0.88
822524.44 12986.10 0.88
822524.44 12986.10 0.88
822524.44 12986.10 0.88
822524.44 12986.10 0.88
822524.44 12986.10 0.88
822524.44 12986.10 0.88
822524.44 12986.10 0.88
822524.44 12986.10 0.88
822524.44 12986.10 0.88
822524.44 12986.10 0.88
822524.44 12986.10 0.88
822524.44 12986.10 0.88
822524.44 12986.10 0.88
822524.44 12986.10 0.88
845542.12 13231.47 0.91
845542.12 13231.47 0.91
845542.12 13231.47 0.91
845542.12 13231.47 0.91
845542.12 13231.47 0.91
845542.12 13231.47 0.91
845542.12 13231.47 0.91
845542.12 13231.47 0.91
845542.12 13231.47 0.91
845542.12 13231.47 0.91
845542.12 13231.47 0.91
845542.12 13231.47 0.91
845542.12 13231.47 0.91
845542.12 13231.47 0.91
845542.12 13231.47 0.91
845542.12 13231.47 0.91
845542.12 13231.47 0.91
845542.12 13231.47 0.91
845542.12 13231.47 0.91
845542.12 13231.47 0.91
845542.12 13231.47 0.91
845542.12 13231.47 0.91
845542.12 13231.47 0.91
845542.12 13231.47 0.91
845542.12 13231.47 0.91
845542.12 13231.47 0.91
845542.12 13231.47 0.91
845542.12 13231.47 0.91
845542.12 13231.47 0.91
845542.12 13231.47 0.91
845542.12 13231.47 0.91
845542.12 13231.47 0.91
845542.12 13231.47 0.91
845542.12 13231.47 0.91
845542.12 13231.47 0.91
845542.12 13231.47 0.91
845542.12 13231.47 0.91
845542.12 13231.47 0.91
845542.12 13231.47 0.91
845542.12 13231.47 0.91
845542.12 13231.47 0.91
845542.12 13231.47 0.91
845542.12 13231.47 0.91
845542.12 13231.47 0.91
845542.12 13231.47 0.91
845542.12 13231.47 0.91
845542.12 13231.47 0.91
845542.12 13231.47 0.91
845542.12 13231.47 0.91
845542.12 13231.47 0.91
845542.12 13231.47 0.91
845542.12 13231.47 0.91
827092.50 13148.78 1.01
827092.50 13148.78 1.01
827092.50 13148.78 1.01
827092.50 13148.78 1.01
827092.50 13148.78 1.01
827092.50 13148.78 1.01
827092.50 13148.78 1.01
827092.50 13148.78 1.01
827092.50 13148.78 1.01
813950.88 13096.27 1.11
813950.88 13096.27 1.11
813950.88 13096.27 1.11
813950.88 13096.27 1.11
813950.88 13096.27 1.11
813950.88 13096.27 1.11
813950.88 13096.27 1.11
813950.88 13096.27 1.11
813950.88 13096.27 1.11
813950.88 13096.27 1.11
813950.88 13096.27 1.11
813950.88 13096.27 1.11
813950.88 13096.27 1.11
813950.88 13096.27 1.11
813950.88 13096.27 1.11
813950.88 13096.27 1.11
813950.88 13096.27 1.11
813950.88 13096.27 1.11
813950.88 13096.27 1.11
896744.75 13908.60 0.91
927543.19 13748.60 0.91
889495.94 14008.78 1.01
889495.94 14008.78 1.01
889495.94 14008.78 1.01
830832.38 13507.08 1.02
833565.88 13491.07 1.02
834250.69 13486.07 1.02
834250.69 13486.07 1.02
834250.69 13486.07 1.02
833565.88 13491.07 1.02
833565.88 13491.07 1.02
881157.50 13428.34 1.05
854780.44 12657.23 1.07
854780.44 12657.23 1.07
854780.44 12657.23 1.07
854780.44 12657.23 1.07
851915.75 12617.23 1.08
851915.75 12617.23 1.08
851915.75 12617.23 1.08
851915.75 12617.23 1.08
851915.75 12617.23 1.08
851915.75 12617.23 1.08
851915.75 12617.23 1.08
851915.75 12617.23 1.08
851915.75 12617.23 1.08
851915.75 12617.23 1.08
851915.75 12617.23 1.08
851915.75 12617.23 1.08
844059.00 13346.47 1.08
844059.00 13346.47 1.08
844059.00 13346.47 1.08
828818.94 13406.07 1.08
828818.94 13406.07 1.08
828818.94 13406.07 1.08
828818.94 13406.07 1.08
828818.94 13406.07 1.08
828818.94 13406.07 1.08
828818.94 13406.07 1.08
828818.94 13406.07 1.08
851915.75 12617.23 1.08
851915.75 12617.23 1.08
851915.75 12617.23 1.08
851915.75 12617.23 1.08
851915.75 12617.23 1.08
851915.75 12617.23 1.08
851915.75 12617.23 1.08
851915.75 12617.23 1.08
851915.75 12617.23 1.08
851915.75 12617.23 1.08
851915.75 12617.23 1.08
851915.75 12617.23 1.08
851915.75 12617.23 1.08
851915.75 12617.23 1.08
851915.75 12617.23 1.08
851915.75 12617.23 1.08
851915.75 12617.23 1.08
851915.75 12617.23 1.08
851915.75 12617.23 1.08
851915.75 12617.23 1.08
851915.75 12617.23 1.08
851915.75 12617.23 1.08
851915.75 12617.23 1.08
851915.75 12617.23 1.08
851915.75 12617.23 1.08
851915.75 12617.23 1.08
851915.75 12617.23 1.08
851915.75 12617.23 1.08
851915.75 12617.23 1.08
851915.75 12617.23 1.08
851915.75 12617.23 1.08
851915.75 12617.23 1.08
851915.75 12617.23 1.08
851915.75 12617.23 1.08
851915.75 12617.23 1.08
851915.75 12617.23 1.08
851915.75 12617.23 1.08
851915.75 12617.23 1.08
851915.75 12617.23 1.08
851915.75 12617.23 1.08
958566.81 14349.25 0.91
936993.94 14356.44 0.97
869047.06 13396.44 1.01
869047.06 13396.44 1.01
862119.88 13326.44 1.02
862119.88 13326.44 1.02
857026.06 13370.50 1.07
856471.19 13410.50 1.07
856471.19 13410.50 1.07
828384.00 13586.53 1.32
828384.00 13586.53 1.32
828384.00 13586.53 1.32
828384.00 13586.53 1.32
828384.00 13586.53 1.32
828384.00 13586.53 1.32
828384.00 13586.53 1.32
828384.00 13586.53 1.32
828384.00 13586.53 1.32
828384.00 13586.53 1.32
828384.00 13586.53 1.32
828384.00 13586.53 1.32
828384.00 13586.53 1.32
828384.00 13586.53 1.32
828384.00 13586.53 1.32
828384.00 13586.53 1.32
828384.00 13586.53 1.32
828384.00 13586.53 1.32
828384.00 13586.53 1.32
828384.00 13586.53 1.32
828384.00 13586.53 1.32
828384.00 13586.53 1.32
828384.00 13586.53 1.32
828384.00 13586.53 1.32
828384.00 13586.53 1.32
828384.00 13586.53 1.32
828384.00 13586.53 1.32
828384.00 13586.53 1.32
828384.00 13586.53 1.32
828384.00 13586.53 1.32
828384.00 13586.53 1.32
828384.00 13586.53 1.32
828384.00 13586.53 1.32
828384.00 13586.53 1.32
828969.69 13546.53 1.32
828969.69 13546.53 1.32
828969.69 13546.53 1.32
828969.69 13546.53 1.32
828969.69 13546.53 1.32
828969.69 13546.53 1.32
828969.69 13546.53 1.32
828969.69 13546.53 1.32
828969.69 13546.53 1.32
828384.00 13586.53 1.32
828969.69 13546.53 1.32
828969.69 13546.53 1.32
833962.44 13502.47 1.32
833962.44 13502.47 1.32
833962.44 13502.47 1.32
833962.44 13502.47 1.32
833962.44 13502.47 1.32
833962.44 13502.47 1.32
828969.69 13546.53 1.32
828384.00 13586.53 1.32
828384.00 13586.53 1.32
828384.00 13586.53 1.32
828384.00 13586.53 1.32
828384.00 13586.53 1.32
828384.00 13586.53 1.32
828384.00 13586.53 1.32
828384.00 13586.53 1.32
828384.00 13586.53 1.32
828969.69 13546.53 1.32
828969.69 13546.53 1.32
828969.69 13546.53 1.32
828969.69 13546.53 1.32
828969.69 13546.53 1.32
828969.69 13546.53 1.32
828969.69 13546.53 1.32
818648.50 13841.35 1.86
818648.50 13841.35 1.86
961137.88 14969.78 0.88
935972.94 14594.78 0.90
838080.69 12335.25 0.91
838080.69 12335.25 0.91
838080.69 12335.25 0.91
838080.69 12335.25 0.91
838080.69 12335.25 0.91
838080.69 12335.25 0.91
838080.69 12335.25 0.91
838080.69 12335.25 0.91
838080.69 12335.25 0.91
838080.69 12335.25 0.91
838080.69 12335.25 0.91
838080.69 12335.25 0.91
838080.69 12335.25 0.91
838080.69 12335.25 0.91
838080.69 12335.25 0.91
838080.69 12335.25 0.91
838080.69 12335.25 0.91
838080.69 12335.25 0.91
838080.69 12335.25 0.91
837036.88 12408.52 0.96
837036.88 12408.52 0.96
837036.88 12408.52 0.96
837036.88 12408.52 0.96
837036.88 12408.52 0.96
837036.88 12408.52 0.96
837036.88 12408.52 0.96
837036.88 12408.52 0.96
837036.88 12408.52 0.96
837036.88 12408.52 0.96
837036.88 12408.52 0.96
834789.88 12102.52 0.98
834789.88 12102.52 0.98
834789.88 12102.52 0.98
834789.88 12102.52 0.98
834789.88 12102.52 0.98
834789.88 12102.52 0.98
834789.88 12102.52 0.98
834789.88 12102.52 0.98
834789.88 12102.52 0.98
834789.88 12102.52 0.98
834789.88 12102.52 0.98
834789.88 12102.52 0.98
834789.88 12102.52 0.98
834789.88 12102.52 0.98
834789.88 12102.52 0.98
834789.88 12102.52 0.98
834789.88 12102.52 0.98
834789.88 12102.52 0.98
834789.88 12102.52 0.98
834789.88 12102.52 0.98
834789.88 12102.52 0.98
834789.88 12102.52 0.98
834789.88 12102.52 0.98
834789.88 12102.52 0.98
834789.88 12102.52 0.98
834789.88 12102.52 0.98
834789.88 12102.52 0.98
832875.38 12547.19 1.11
834555.69 12515.95 1.44
829735.31 12928.13 1.94
807290.12 13297.16 2.11
796880.94 13658.08 2.11
802089.50 12839.16 2.68
743050.50 12813.98 3.96
743050.50 12813.98 3.96
740341.88 12888.98 4.06
727648.56 12968.40 4.24
715176.19 13252.05 4.43
715176.19 13252.05 4.43
715176.19 13252.05 4.43
715176.19 13252.05 4.43
715176.19 13252.05 4.43
715176.19 13252.05 4.43
715176.19 13252.05 4.43
715176.19 13252.05 4.43
715176.19 13252.05 4.43
715176.19 13252.05 4.43
708352.81 13933.31 5.12
870114.56 12787.23 1.11
870114.56 12787.23 1.11
870114.56 12787.23 1.11
870114.56 12787.23 1.11
870114.56 12787.23 1.11
849475.06 13526.39 1.11
869604.81 12787.23 1.11
869604.81 12787.23 1.11
869604.81 12787.23 1.11
869604.81 12787.23 1.11
869604.81 12787.23 1.11
869604.81 12787.23 1.11
869604.81 12787.23 1.11
863403.44 12667.23 1.14
863403.44 12667.23 1.14
847765.88 13531.39 1.16
841495.88 13301.39 1.21
841495.88 13301.39 1.21
841495.88 13301.39 1.21
841495.88 13301.39 1.21
841495.88 13301.39 1.21
841495.88 13301.39 1.21
841495.88 13301.39 1.21
841495.88 13301.39 1.21
841495.88 13301.39 1.21
841495.88 13301.39 1.21
841495.88 13301.39 1.21
841495.88 13301.39 1.21
841495.88 13301.39 1.21
841495.88 13301.39 1.21
841495.88 13301.39 1.21
841495.88 13301.39 1.21
841495.88 13301.39 1.21
841495.88 13301.39 1.21
841495.88 13301.39 1.21
841495.88 13301.39 1.21
841495.88 13301.39 1.21
841495.88 13301.39 1.21
841495.88 13301.39 1.21
841495.88 13301.39 1.21
841495.88 13301.39 1.21
841495.88 13301.39 1.21
841495.88 13301.39 1.21
841495.88 13301.39 1.21
838554.50 13346.39 1.21
841495.88 13301.39 1.21
841495.88 13301.39 1.21
841495.88 13301.39 1.21
841495.88 13301.39 1.21
841495.88 13301.39 1.21
841495.88 13301.39 1.21
841495.88 13301.39 1.21
841495.88 13301.39 1.21
841495.88 13301.39 1.21
841495.88 13301.39 1.21
841495.88 13301.39 1.21
841495.88 13301.39 1.21
841495.88 13301.39 1.21
841495.88 13301.39 1.21
841495.88 13301.39 1.21
841495.88 13301.39 1.21
850464.19 12387.23 1.21
841495.88 13301.39 1.21
841495.88 13301.39 1.21
841495.88 13301.39 1.21
841495.88 13301.39 1.21
841495.88 13301.39 1.21
841495.88 13301.39 1.21
841495.88 13301.39 1.21
841495.88 13301.39 1.21
841495.88 13301.39 1.21
822660.00 13468.28 1.44
813314.75 13558.25 1.67
778695.06 13369.15 1.98
778695.06 13369.15 1.98
778695.06 13369.15 1.98
778695.06 13369.15 1.98
802582.62 13297.72 2.05
802582.62 13297.72 2.05
802582.62 13297.72 2.05
801463.25 12853.85 0.88
798233.69 12621.12 0.98
798233.69 12621.12 0.98
796405.56 12591.12 1.00
834257.69 12252.52 1.11
834257.69 12252.52 1.11
834257.69 12252.52 1.11
834257.69 12252.52 1.11
834257.69 12252.52 1.11
834257.69 12252.52 1.11
834257.69 12252.52 1.11
834257.69 12252.52 1.11
834257.69 12252.52 1.11
834257.69 12252.52 1.11
834257.69 12252.52 1.11
834257.69 12252.52 1.11
834257.69 12252.52 1.11
834257.69 12252.52 1.11
834257.69 12252.52 1.11
834257.69 12252.52 1.11
834257.69 12252.52 1.11
834257.69 12252.52 1.11
834257.69 12252.52 1.11
834257.69 12252.52 1.11
834257.69 12252.52 1.11
834257.69 12252.52 1.11
834257.69 12252.52 1.11
834257.69 12252.52 1.11
834257.69 12252.52 1.11
834257.69 12252.52 1.11
834257.69 12252.52 1.11
834257.69 12252.52 1.11
834257.69 12252.52 1.11
834257.69 12252.52 1.11
834257.69 12252.52 1.11
834257.69 12252.52 1.11
834257.69 12252.52 1.11
834257.69 12252.52 1.11
834257.69 12252.52 1.11
834257.69 12252.52 1.11
834257.69 12252.52 1.11
834257.69 12252.52 1.11
834257.69 12252.52 1.11
834257.69 12252.52 1.11
834257.69 12252.52 1.11
834257.69 12252.52 1.11
834257.69 12252.52 1.11
834257.69 12252.52 1.11
834257.69 12252.52 1.11
834257.69 12252.52 1.11
834257.69 12252.52 1.11
834257.69 12252.52 1.11
834257.69 12252.52 1.11
834257.69 12252.52 1.11
834257.69 12252.52 1.11
834257.69 12252.52 1.11
834257.69 12252.52 1.11
834257.69 12252.52 1.11
834257.69 12252.52 1.11
834257.69 12252.52 1.11
834257.69 12252.52 1.11
834257.69 12252.52 1.11
834257.69 12252.52 1.11
834257.69 12252.52 1.11
834257.69 12252.52 1.11
834257.69 12252.52 1.11
834257.69 12252.52 1.11
834257.69 12252.52 1.11
834257.69 12252.52 1.11
834257.69 12252.52 1.11
834257.69 12252.52 1.11
834257.69 12252.52 1.11
834257.69 12252.52 1.11
834257.69 12252.52 1.11
834257.69 12252.52 1.11
834257.69 12252.52 1.11
834257.69 12252.52 1.11
834257.69 12252.52 1.11
834257.69 12252.52 1.11
834257.69 12252.52 1.11
822430.38 13049.34 0.88
822430.38 13049.34 0.88
822430.38 13049.34 0.88
822430.38 13049.34 0.88
822430.38 13049.34 0.88
822430.38 13049.34 0.88
822430.38 13049.34 0.88
822430.38 13049.34 0.88
822430.38 13049.34 0.88
822430.38 13049.34 0.88
822430.38 13049.34 0.88
822430.38 13049.34 0.88
822430.38 13049.34 0.88
822430.38 13049.34 0.88
822430.38 13049.34 0.88
822430.38 13049.34 0.88
822430.38 13049.34 0.88
822430.38 13049.34 0.88
822430.38 13049.34 0.88
822430.38 13049.34 0.88
822430.38 13049.34 0.88
822430.38 13049.34 0.88
822430.38 13049.34 0.88
822430.38 13049.34 0.88
822430.38 13049.34 0.88
821117.62 13358.85 0.88
821117.62 13358.85 0.88
821117.62 13358.85 0.88
821248.50 13130.66 0.88
821248.50 13130.66 0.88
822430.38 13049.34 0.88
822430.38 13049.34 0.88
822430.38 13049.34 0.88
822430.38 13049.34 0.88
822430.38 13049.34 0.88
822430.38 13049.34 0.88
822430.38 13049.34 0.88
822430.38 13049.34 0.88
822430.38 13049.34 0.88
822430.38 13049.34 0.88
822430.38 13049.34 0.88
822430.38 13049.34 0.88
822430.38 13049.34 0.88
822430.38 13049.34 0.88
822430.38 13049.34 0.88
822430.38 13049.34 0.88
822430.38 13049.34 0.88
822524.44 12986.10 0.88
822524.44 12986.10 0.88
822524.44 12986.10 0.88
822524.44 12986.10 0.88
822524.44 12986.10 0.88
822524.44 12986.10 0.88
822524.44 12986.10 0.88
822524.44 12986.10 0.88
822524.44 12986.10 0.88
822430.38 13049.34 0.88
822524.44 12986.10 0.88
822524.44 12986.10 0.88
822524.44 12986.10 0.88
822524.44 12986.10 0.88
822524.44 12986.10 0.88
822524.44 12986.10 0.88
822524.44 12986.10 0.88
822524.44 12986.10 0.88
822430.38 13049.34 0.88
822430.38 13049.34 0.88
822430.38 13049.34 0.88
822430.38 13049.34 0.88
822430.38 13049.34 0.88
822430.38 13049.34 0.88
822430.38 13049.34 0.88
822430.38 13049.34 0.88
822430.38 13049.34 0.88
822430.38 13049.34 0.88
822524.44 12986.10 0.88
822524.44 12986.10 0.88
822524.44 12986.10 0.88
822524.44 12986.10 0.88
822430.38 13049.34 0.88
936353.06 14658.14 0.88
936353.06 14658.14 0.88
936353.06 14658.14 0.88
936353.06 14658.14 0.88
936353.06 14658.14 0.88
936353.06 14658.14 0.88
936353.06 14658.14 0.88
936353.06 14658.14 0.88
936353.06 14658.14 0.88
936353.06 14658.14 0.88
936353.06 14658.14 0.88
936353.06 14658.14 0.88
936353.06 14658.14 0.88
936353.06 14658.14 0.88
936353.06 14658.14 0.88
936353.06 14658.14 0.88
936353.06 14658.14 0.88
936353.06 14658.14 0.88
936353.06 14658.14 0.88
936353.06 14658.14 0.88
936353.06 14658.14 0.88
936353.06 14658.14 0.88
936353.06 14658.14 0.88
936353.06 14658.14 0.88
936353.06 14658.14 0.88
936353.06 14658.14 0.88
936353.06 14658.14 0.88
931469.69 14613.96 0.88
932741.19 14559.40 0.91
932741.19 14559.40 0.91
932741.19 14559.40 0.91
932741.19 14559.40 0.91
932741.19 14559.40 0.91
932741.19 14559.40 0.91
932741.19 14559.40 0.91
932741.19 14559.40 0.91
932741.19 14559.40 0.91
932741.19 14559.40 0.91
928848.94 14604.40 0.91
932741.19 14559.40 0.91
932741.19 14559.40 0.91
932741.19 14559.40 0.91
932741.19 14559.40 0.91
932741.19 14559.40 0.91
932741.19 14559.40 0.91
932741.19 14559.40 0.91
932741.19 14559.40 0.91
932741.19 14559.40 0.91
932741.19 14559.40 0.91
932741.19 14559.40 0.91
932741.19 14559.40 0.91
932741.19 14559.40 0.91
932741.19 14559.40 0.91
932741.19 14559.40 0.91
932741.19 14559.40 0.91
932741.19 14559.40 0.91
932741.19 14559.40 0.91
932741.19 14559.40 0.91
932741.19 14559.40 0.91
932741.19 14559.40 0.91
932741.19 14559.40 0.91
932741.19 14559.40 0.91
922948.94 14609.40 0.93
923168.31 14260.51 1.00
923168.31 14260.51 1.00
923168.31 14260.51 1.00
923168.31 14260.51 1.00
923168.31 14260.51 1.00
923168.31 14260.51 1.00
923168.31 14260.51 1.00
923168.31 14260.51 1.00
923168.31 14260.51 1.00
923168.31 14260.51 1.00
923168.31 14260.51 1.00
923168.31 14260.51 1.00
923168.31 14260.51 1.00
923168.31 14260.51 1.00
923168.31 14260.51 1.00
923168.31 14260.51 1.00
923168.31 14260.51 1.00
841214.62 13237.88 1.11
841214.62 13237.88 1.11
841214.62 13237.88 1.11
841214.62 13237.88 1.11
841214.62 13237.88 1.11
841214.62 13237.88 1.11
841214.62 13237.88 1.11
841214.62 13237.88 1.11
841214.62 13237.88 1.11
841214.62 13237.88 1.11
841214.62 13237.88 1.11
841214.62 13237.88 1.11
841214.62 13237.88 1.11
841214.62 13237.88 1.11
841214.62 13237.88 1.11
841214.62 13237.88 1.11
841214.62 13237.88 1.11
841214.62 13237.88 1.11
841214.62 13237.88 1.11
841214.62 13237.88 1.11
841214.62 13237.88 1.11
841214.62 13237.88 1.11
841214.62 13237.88 1.11
841214.62 13237.88 1.11
841214.62 13237.88 1.11
822739.81 13155.19 1.13
822739.81 13155.19 1.13
822739.81 13155.19 1.13
822739.81 13155.19 1.13
822739.81 13155.19 1.13
822739.81 13155.19 1.13
822739.81 13155.19 1.13
822739.81 13155.19 1.13
822739.81 13155.19 1.13
822739.81 13155.19 1.13
822739.81 13155.19 1.13
822739.81 13155.19 1.13
822739.81 13155.19 1.13
822739.81 13155.19 1.13
822739.81 13155.19 1.13
822739.81 13155.19 1.13
822739.81 13155.19 1.13
822739.81 13155.19 1.13
822739.81 13155.19 1.13
822739.81 13155.19 1.13
822739.81 13155.19 1.13
822739.81 13155.19 1.13
822739.81 13155.19 1.13
822739.81 13155.19 1.13
822739.81 13155.19 1.13
822739.81 13155.19 1.13
822739.81 13155.19 1.13
822739.81 13155.19 1.13
822739.81 13155.19 1.13
822739.81 13155.19 1.13
822739.81 13155.19 1.13
822739.81 13155.19 1.13
822739.81 13155.19 1.13
822739.81 13155.19 1.13
822739.81 13155.19 1.13
822739.81 13155.19 1.13
822739.81 13155.19 1.13
822739.81 13155.19 1.13
822739.81 13155.19 1.13
822739.81 13155.19 1.13
822739.81 13155.19 1.13
822739.81 13155.19 1.13
822739.81 13155.19 1.13
822739.81 13155.19 1.13
822739.81 13155.19 1.13
822739.81 13155.19 1.13
822739.81 13155.19 1.13
822739.81 13155.19 1.13
822739.81 13155.19 1.13
822739.81 13155.19 1.13
822739.81 13155.19 1.13
822739.81 13155.19 1.13
822739.81 13155.19 1.13
822739.81 13155.19 1.13
822739.81 13155.19 1.13
917037.38 14547.17 0.88
843167.12 12993.60 0.91
843167.12 12993.60 0.91
831005.81 13182.90 1.02
821480.38 13022.90 1.02
821480.38 13022.90 1.02
821480.38 13022.90 1.02
821480.38 13022.90 1.02
821480.38 13022.90 1.02
821480.38 13022.90 1.02
821480.38 13022.90 1.02
821480.38 13022.90 1.02
821480.38 13022.90 1.02
821480.38 13022.90 1.02
821480.38 13022.90 1.02
821480.38 13022.90 1.02
821480.38 13022.90 1.02
821480.38 13022.90 1.02
821480.38 13022.90 1.02
821480.38 13022.90 1.02
821480.38 13022.90 1.02
821480.38 13022.90 1.02
821480.38 13022.90 1.02
813866.31 13057.90 1.02
813866.31 13057.90 1.02
813866.31 13057.90 1.02
813866.31 13057.90 1.02
813866.31 13057.90 1.02
813866.31 13057.90 1.02
813866.31 13057.90 1.02
813866.31 13057.90 1.02
813866.31 13057.90 1.02
813866.31 13057.90 1.02
813866.31 13057.90 1.02
821480.38 13022.90 1.02
813866.31 13057.90 1.02
813866.31 13057.90 1.02
813866.31 13057.90 1.02
813866.31 13057.90 1.02
813866.31 13057.90 1.02
821480.38 13022.90 1.02
821480.38 13022.90 1.02
821480.38 13022.90 1.02
821480.38 13022.90 1.02
834353.56 12858.60 1.02
834353.56 12858.60 1.02
834353.56 12858.60 1.02
834353.56 12858.60 1.02
834353.56 12858.60 1.02
834353.56 12858.60 1.02
834353.56 12858.60 1.02
834353.56 12858.60 1.02
834353.56 12858.60 1.02
834353.56 12858.60 1.02
834353.56 12858.60 1.02
821480.38 13022.90 1.02
834353.56 12858.60 1.02
834353.56 12858.60 1.02
834353.56 12858.60 1.02
834353.56 12858.60 1.02
834353.56 12858.60 1.02
834353.56 12858.60 1.02
834353.56 12858.60 1.02
834353.56 12858.60 1.02
834353.56 12858.60 1.02
834353.56 12858.60 1.02
834353.56 12858.60 1.02
821480.38 13022.90 1.02
821480.38 13022.90 1.02
834353.56 12858.60 1.02
834353.56 12858.60 1.02
834353.56 12858.60 1.02
834353.56 12858.60 1.02
834353.56 12858.60 1.02
821480.38 13022.90 1.02
821480.38 13022.90 1.02
834353.56 12858.60 1.02
821480.38 13022.90 1.02
821480.38 13022.90 1.02
821480.38 13022.90 1.02
855527.44 13656.10 0.88
855527.44 13656.10 0.88
855527.44 13656.10 0.88
835087.12 13361.92 0.88
870351.25 12902.71 0.91
870351.25 12902.71 0.91
870351.25 12902.71 0.91
870351.25 12902.71 0.91
870351.25 12902.71 0.91
866373.62 12977.27 0.91
866373.62 12977.27 0.91
866373.62 12977.27 0.91
833336.56 12796.90 0.97
821204.19 12837.50 1.10
821204.19 12837.50 1.10
792774.25 13077.85 1.26
792774.25 13077.85 1.26
792774.25 13077.85 1.26
792774.25 13077.85 1.26
792774.25 13077.85 1.26
792774.25 13077.85 1.26
792774.25 13077.85 1.26
792774.25 13077.85 1.26
792774.25 13077.85 1.26
792774.25 13077.85 1.26
792774.25 13077.85 1.26
792774.25 13077.85 1.26
792774.25 13077.85 1.26
792774.25 13077.85 1.26
792774.25 13077.85 1.26
792774.25 13077.85 1.26
792774.25 13077.85 1.26
792774.25 13077.85 1.26
792774.25 13077.85 1.26
792774.25 13077.85 1.26
792774.25 13077.85 1.26
792774.25 13077.85 1.26
792774.25 13077.85 1.26
792774.25 13077.85 1.26
792774.25 13077.85 1.26
792774.25 13077.85 1.26
792774.25 13077.85 1.26
792774.25 13077.85 1.26
792774.25 13077.85 1.26
792774.25 13077.85 1.26
792774.25 13077.85 1.26
792774.25 13077.85 1.26
792774.25 13077.85 1.26
792774.25 13077.85 1.26
792774.25 13077.85 1.26
792774.25 13077.85 1.26
792774.25 13077.85 1.26
792774.25 13077.85 1.26
792774.25 13077.85 1.26
792774.25 13077.85 1.26
792774.25 13077.85 1.26
792774.25 13077.85 1.26
792774.25 13077.85 1.26
792774.25 13077.85 1.26
792774.25 13077.85 1.26
792774.25 13077.85 1.26
792774.25 13077.85 1.26
796443.62 13057.85 1.26
792774.25 13077.85 1.26
792774.25 13077.85 1.26
792774.25 13077.85 1.26
792774.25 13077.85 1.26
792774.25 13077.85 1.26
792774.25 13077.85 1.26
792774.25 13077.85 1.26
792774.25 13077.85 1.26
792774.25 13077.85 1.26
792774.25 13077.85 1.26
792774.25 13077.85 1.26
792774.25 13077.85 1.26
792774.25 13077.85 1.26
792774.25 13077.85 1.26
792774.25 13077.85 1.26
792774.25 13077.85 1.26
792774.25 13077.85 1.26