735305.75 10929.44 0.77
735305.75 10929.44 0.77
735305.75 10929.44 0.77
735305.75 10929.44 0.77
735305.75 10929.44 0.77
735305.75 10929.44 0.77
735305.75 10929.44 0.77
735305.75 10929.44 0.77
735305.75 10929.44 0.77
735305.75 10929.44 0.77
735305.75 10929.44 0.77
735305.75 10929.44 0.77
735305.75 10929.44 0.77
735305.75 10929.44 0.77
735305.75 10929.44 0.77
735305.75 10929.44 0.77
735305.75 10929.44 0.77
735305.75 10929.44 0.77
735305.75 10929.44 0.77
735305.75 10929.44 0.77
735305.75 10929.44 0.77
735305.75 10929.44 0.77
735305.75 10929.44 0.77
735305.75 10929.44 0.77
735305.75 10929.44 0.77
735305.75 10929.44 0.77
735305.75 10929.44 0.77
735305.75 10929.44 0.77
735305.75 10929.44 0.77
735305.75 10929.44 0.77
735305.75 10929.44 0.77
735305.75 10929.44 0.77
735305.75 10929.44 0.77
735305.75 10929.44 0.77
735305.75 10929.44 0.77
735305.75 10929.44 0.77
735305.75 10929.44 0.77
735305.75 10929.44 0.77
735305.75 10929.44 0.77
735305.75 10929.44 0.77
735305.75 10929.44 0.77
735305.75 10929.44 0.77
735305.75 10929.44 0.77
735305.75 10929.44 0.77
735305.75 10929.44 0.77
735305.75 10929.44 0.77
735305.75 10929.44 0.77
735305.75 10929.44 0.77
735305.75 10929.44 0.77
735305.75 10929.44 0.77
735305.75 10929.44 0.77
735305.75 10929.44 0.77
735305.75 10929.44 0.77
735305.75 10929.44 0.77
735305.75 10929.44 0.77
735305.75 10929.44 0.77
735305.75 10929.44 0.77
735305.75 10929.44 0.77
735305.75 10929.44 0.77
735305.75 10929.44 0.77
735305.75 10929.44 0.77
735305.75 10929.44 0.77
735305.75 10929.44 0.77
735305.75 10929.44 0.77
735305.75 10929.44 0.77
735305.75 10929.44 0.77
735305.75 10929.44 0.77
733188.81 10992.51 0.84
733188.81 10992.51 0.84
733188.81 10992.51 0.84
733188.81 10992.51 0.84
733188.81 10992.51 0.84
712397.50 10742.78 0.91
712397.50 10742.78 0.91
712397.50 10742.78 0.91
712397.50 10742.78 0.91
712397.50 10742.78 0.91
709102.81 10643.61 0.92
709102.81 10643.61 0.92
709102.81 10643.61 0.92
750484.62 11751.79 0.72
750484.62 11751.79 0.72
750484.62 11751.79 0.72
750484.62 11751.79 0.72
750484.62 11751.79 0.72
750484.62 11751.79 0.72
750484.62 11751.79 0.72
750484.62 11751.79 0.72
744297.25 11848.33 0.89
737574.00 11731.66 0.92
737574.00 11731.66 0.92
737574.00 11731.66 0.92
737574.00 11731.66 0.92
733595.38 11717.57 0.94
733595.38 11717.57 0.94
733595.38 11717.57 0.94
733595.38 11717.57 0.94
733595.38 11717.57 0.94
733595.38 11717.57 0.94
733595.38 11717.57 0.94
733595.38 11717.57 0.94
730911.88 11783.26 1.03
730911.88 11783.26 1.03
730911.88 11783.26 1.03
730911.88 11783.26 1.03
730911.88 11783.26 1.03
730251.31 11866.50 1.14
730251.31 11866.50 1.14
730251.31 11866.50 1.14
730251.31 11866.50 1.14
730251.31 11866.50 1.14
730251.31 11866.50 1.14
730251.31 11866.50 1.14
730251.31 11866.50 1.14
730251.31 11866.50 1.14
730251.31 11866.50 1.14
730251.31 11866.50 1.14
730251.31 11866.50 1.14
730251.31 11866.50 1.14
720636.62 11697.44 1.14
720636.62 11697.44 1.14
720636.62 11697.44 1.14
720636.62 11697.44 1.14
720636.62 11697.44 1.14
720636.62 11697.44 1.14
720636.62 11697.44 1.14
720636.62 11697.44 1.14
720636.62 11697.44 1.14
720636.62 11697.44 1.14
720636.62 11697.44 1.14
720636.62 11697.44 1.14
720636.62 11697.44 1.14
720636.62 11697.44 1.14
720636.62 11697.44 1.14
720636.62 11697.44 1.14
720636.62 11697.44 1.14
720636.62 11697.44 1.14
720636.62 11697.44 1.14
720636.62 11697.44 1.14
720636.62 11697.44 1.14
720636.62 11697.44 1.14
720636.62 11697.44 1.14
720636.62 11697.44 1.14
717963.75 11763.13 1.24
717963.75 11763.13 1.24
713971.06 11749.04 1.25
713971.06 11749.04 1.25
713971.06 11749.04 1.25
713971.06 11749.04 1.25
713971.06 11749.04 1.25
710615.75 11897.97 1.46
710615.75 11897.97 1.46
710615.75 11897.97 1.46
710615.75 11897.97 1.46
710615.75 11897.97 1.46
710615.75 11897.97 1.46
710615.75 11897.97 1.46
710615.75 11897.97 1.46
710615.75 11897.97 1.46
710615.75 11897.97 1.46
762182.56 11509.44 0.77
762182.56 11509.44 0.77
762182.56 11509.44 0.77
762182.56 11509.44 0.77
762182.56 11509.44 0.77
762182.56 11509.44 0.77
762182.56 11509.44 0.77
762182.56 11509.44 0.77
762182.56 11509.44 0.77
762182.56 11509.44 0.77
762182.56 11509.44 0.77
762182.56 11509.44 0.77
762182.56 11509.44 0.77
762182.56 11509.44 0.77
762182.56 11509.44 0.77
762182.56 11509.44 0.77
762182.56 11509.44 0.77
762182.56 11509.44 0.77
762182.56 11509.44 0.77
762182.56 11509.44 0.77
762182.56 11509.44 0.77
762182.56 11509.44 0.77
762182.56 11509.44 0.77
762182.56 11509.44 0.77
762182.56 11509.44 0.77
762182.56 11509.44 0.77
762182.56 11509.44 0.77
762182.56 11509.44 0.77
762182.56 11509.44 0.77
762182.56 11509.44 0.77
762182.56 11509.44 0.77
783340.25 11509.44 0.77
762182.56 11509.44 0.77
762182.56 11509.44 0.77
762182.56 11509.44 0.77
762182.56 11509.44 0.77
762182.56 11509.44 0.77
762182.56 11509.44 0.77
762182.56 11509.44 0.77
762182.56 11509.44 0.77
762182.56 11509.44 0.77
783340.25 11509.44 0.77
783340.25 11509.44 0.77
783340.25 11509.44 0.77
783340.25 11509.44 0.77
783340.25 11509.44 0.77
783340.25 11509.44 0.77
783340.25 11509.44 0.77
783340.25 11509.44 0.77
783340.25 11509.44 0.77
783340.25 11509.44 0.77
762182.56 11509.44 0.77
783340.25 11509.44 0.77
783340.25 11509.44 0.77
783340.25 11509.44 0.77
783340.25 11509.44 0.77
783340.25 11509.44 0.77
783340.25 11509.44 0.77
783340.25 11509.44 0.77
783340.25 11509.44 0.77
783340.25 11509.44 0.77
783340.25 11509.44 0.77
762182.56 11509.44 0.77
762182.56 11509.44 0.77
762182.56 11509.44 0.77
762182.56 11509.44 0.77
762182.56 11509.44 0.77
762182.56 11509.44 0.77
762182.56 11509.44 0.77
762182.56 11509.44 0.77
783340.25 11509.44 0.77
783340.25 11509.44 0.77
783340.25 11509.44 0.77
783340.25 11509.44 0.77
783340.25 11509.44 0.77
783340.25 11509.44 0.77
783340.25 11509.44 0.77
783340.25 11509.44 0.77
783340.25 11509.44 0.77
783340.25 11509.44 0.77
792142.25 12024.44 0.77
792142.25 12024.44 0.77
792142.25 12024.44 0.77
792142.25 12024.44 0.77
792142.25 12024.44 0.77
792142.25 12024.44 0.77
792142.25 12024.44 0.77
792142.25 12024.44 0.77
792142.25 12024.44 0.77
792142.25 12024.44 0.77
792142.25 12024.44 0.77
792142.25 12024.44 0.77
792142.25 12024.44 0.77
792142.25 12024.44 0.77
792142.25 12024.44 0.77
792142.25 12024.44 0.77
792142.25 12024.44 0.77
792142.25 12024.44 0.77
792142.25 12024.44 0.77
792142.25 12024.44 0.77
792142.25 12024.44 0.77
792142.25 12024.44 0.77
792142.25 12024.44 0.77
792142.25 12024.44 0.77
792142.25 12024.44 0.77
792142.25 12024.44 0.77
792142.25 12024.44 0.77
792142.25 12024.44 0.77
792142.25 12024.44 0.77
792142.25 12024.44 0.77
792142.25 12024.44 0.77
792142.25 12024.44 0.77
792142.25 12024.44 0.77
792142.25 12024.44 0.77
792142.25 12024.44 0.77
792142.25 12024.44 0.77
792142.25 12024.44 0.77
792142.25 12024.44 0.77
792142.25 12024.44 0.77
792142.25 12024.44 0.77
792142.25 12024.44 0.77
792142.25 12024.44 0.77
792142.25 12024.44 0.77
792142.25 12024.44 0.77
792142.25 12024.44 0.77
792142.25 12024.44 0.77
792142.25 12024.44 0.77
792142.25 12024.44 0.77
792142.25 12024.44 0.77
792142.25 12024.44 0.77
792142.25 12024.44 0.77
792142.25 12024.44 0.77
792142.25 12024.44 0.77
792142.25 12024.44 0.77
792142.25 12024.44 0.77
792142.25 12024.44 0.77
792142.25 12024.44 0.77
792142.25 12024.44 0.77
792142.25 12024.44 0.77
792142.25 12024.44 0.77
792142.25 12024.44 0.77
792142.25 12024.44 0.77
792142.25 12024.44 0.77
792142.25 12024.44 0.77
792142.25 12024.44 0.77
792142.25 12024.44 0.77
792142.25 12024.44 0.77
792142.25 12024.44 0.77
792142.25 12024.44 0.77
792142.25 12024.44 0.77
792142.25 12024.44 0.77
792142.25 12024.44 0.77
792142.25 12024.44 0.77
792142.25 12024.44 0.77
792142.25 12024.44 0.77
792142.25 12024.44 0.77
789879.94 12087.51 0.84
789879.94 12087.51 0.84
789879.94 12087.51 0.84
765641.50 11837.78 0.91
748468.81 11069.44 0.77
748468.81 11069.44 0.77
748468.81 11069.44 0.77
748468.81 11069.44 0.77
748468.81 11069.44 0.77
748468.81 11069.44 0.77
748468.81 11069.44 0.77
748468.81 11069.44 0.77
748468.81 11069.44 0.77
748468.81 11069.44 0.77
748468.81 11069.44 0.77
748468.81 11069.44 0.77
748468.81 11069.44 0.77
748468.81 11069.44 0.77
748468.81 11069.44 0.77
748468.81 11069.44 0.77
748468.81 11069.44 0.77
748468.81 11069.44 0.77
748468.81 11069.44 0.77
748468.81 11069.44 0.77
748468.81 11069.44 0.77
748468.81 11069.44 0.77
748468.81 11069.44 0.77
748468.81 11069.44 0.77
748468.81 11069.44 0.77
748468.81 11069.44 0.77
748468.81 11069.44 0.77
748468.81 11069.44 0.77
748468.81 11069.44 0.77
748468.81 11069.44 0.77
748468.81 11069.44 0.77
748468.81 11069.44 0.77
748468.81 11069.44 0.77
748468.81 11069.44 0.77
748468.81 11069.44 0.77
748468.81 11069.44 0.77
748468.81 11069.44 0.77
748468.81 11069.44 0.77
748468.81 11069.44 0.77
748468.81 11069.44 0.77
748468.81 11069.44 0.77
748468.81 11069.44 0.77
748468.81 11069.44 0.77
748468.81 11069.44 0.77
748468.81 11069.44 0.77
748468.81 11069.44 0.77
748468.81 11069.44 0.77
748468.81 11069.44 0.77
748468.81 11069.44 0.77
748468.81 11069.44 0.77
748468.81 11069.44 0.77
748468.81 11069.44 0.77
748468.81 11069.44 0.77
748468.81 11069.44 0.77
748468.81 11069.44 0.77
748468.81 11069.44 0.77
748468.81 11069.44 0.77
748468.81 11069.44 0.77
748468.81 11069.44 0.77
748468.81 11069.44 0.77
748468.81 11069.44 0.77
748468.81 11069.44 0.77
748468.81 11069.44 0.77
748468.81 11069.44 0.77
748468.81 11069.44 0.77
748468.81 11069.44 0.77
748468.81 11069.44 0.77
748468.81 11069.44 0.77
748468.81 11069.44 0.77
748468.81 11069.44 0.77
748468.81 11069.44 0.77
748468.81 11069.44 0.77
748468.81 11069.44 0.77
748468.81 11069.44 0.77
748468.81 11069.44 0.77
748468.81 11069.44 0.77
748468.81 11069.44 0.77
748468.81 11069.44 0.77
748468.81 11069.44 0.77
748468.81 11069.44 0.77
731290.81 11174.44 0.77
731290.81 11174.44 0.77
731290.81 11174.44 0.77
731290.81 11174.44 0.77
731290.81 11174.44 0.77
731290.81 11174.44 0.77
731290.81 11174.44 0.77
731290.81 11174.44 0.77
731290.81 11174.44 0.77
731290.81 11174.44 0.77
731290.81 11174.44 0.77
731290.81 11174.44 0.77
731290.81 11174.44 0.77
731290.81 11174.44 0.77
731290.81 11174.44 0.77
731290.81 11174.44 0.77
731290.81 11174.44 0.77
731290.81 11174.44 0.77
731290.81 11174.44 0.77
731290.81 11174.44 0.77
731290.81 11174.44 0.77
731290.81 11174.44 0.77
731290.81 11174.44 0.77
731290.81 11174.44 0.77
731290.81 11174.44 0.77
731290.81 11174.44 0.77
731290.81 11174.44 0.77
731290.81 11174.44 0.77
731290.81 11174.44 0.77
731290.81 11174.44 0.77
731290.81 11174.44 0.77
731290.81 11174.44 0.77
731290.81 11174.44 0.77
731290.81 11174.44 0.77
731290.81 11174.44 0.77
731290.81 11174.44 0.77
731290.81 11174.44 0.77
731290.81 11174.44 0.77
731290.81 11174.44 0.77
731290.81 11174.44 0.77
731290.81 11174.44 0.77
751869.06 11124.44 0.77
751869.06 11124.44 0.77
751869.06 11124.44 0.77
751869.06 11124.44 0.77
751869.06 11124.44 0.77
751869.06 11124.44 0.77
751869.06 11124.44 0.77
751869.06 11124.44 0.77
751869.06 11124.44 0.77
751869.06 11124.44 0.77
751869.06 11124.44 0.77
751869.06 11124.44 0.77
751869.06 11124.44 0.77
751869.06 11124.44 0.77
751869.06 11124.44 0.77
751869.06 11124.44 0.77
751869.06 11124.44 0.77
751869.06 11124.44 0.77
751869.06 11124.44 0.77
731290.81 11174.44 0.77
731290.81 11174.44 0.77
731290.81 11174.44 0.77
731290.81 11174.44 0.77
731290.81 11174.44 0.77
731290.81 11174.44 0.77
731290.81 11174.44 0.77
731290.81 11174.44 0.77
731290.81 11174.44 0.77
731290.81 11174.44 0.77
731290.81 11174.44 0.77
731290.81 11174.44 0.77
731290.81 11174.44 0.77
731290.81 11174.44 0.77
731290.81 11174.44 0.77
731290.81 11174.44 0.77
731290.81 11174.44 0.77
731290.81 11174.44 0.77
731290.81 11174.44 0.77
751869.06 11124.44 0.77
753074.06 11844.68 1.42
728726.00 11974.69 1.47
741264.81 11550.66 1.57
741264.81 11550.66 1.57
741264.81 11550.66 1.57
741264.81 11550.66 1.57
741264.81 11550.66 1.57
741264.81 11550.66 1.57
741264.81 11550.66 1.57
741264.81 11550.66 1.57
741264.81 11550.66 1.57
741264.81 11550.66 1.57
741264.81 11550.66 1.57
741264.81 11550.66 1.57
741264.81 11550.66 1.57
741264.81 11550.66 1.57
741264.81 11550.66 1.57
741264.81 11550.66 1.57
741264.81 11550.66 1.57
741264.81 11550.66 1.57
741264.81 11550.66 1.57
741264.81 11550.66 1.57
741264.81 11550.66 1.57
741264.81 11550.66 1.57
741264.81 11550.66 1.57
741264.81 11550.66 1.57
741264.81 11550.66 1.57
741264.81 11550.66 1.57
741264.81 11550.66 1.57
741264.81 11550.66 1.57
741264.81 11550.66 1.57
741264.81 11550.66 1.57
741264.81 11550.66 1.57
741264.81 11550.66 1.57
741264.81 11550.66 1.57
741264.81 11550.66 1.57
741264.81 11550.66 1.57
741264.81 11550.66 1.57
741264.81 11550.66 1.57
741264.81 11550.66 1.57
741264.81 11550.66 1.57
741264.81 11550.66 1.57
741264.81 11550.66 1.57
741264.81 11550.66 1.57
741264.81 11550.66 1.57
741264.81 11550.66 1.57
741264.81 11550.66 1.57
741264.81 11550.66 1.57
741264.81 11550.66 1.57
741264.81 11550.66 1.57
741264.81 11550.66 1.57
741264.81 11550.66 1.57
741264.81 11550.66 1.57
741264.81 11550.66 1.57
741264.81 11550.66 1.57
741264.81 11550.66 1.57
741264.81 11550.66 1.57
741264.81 11550.66 1.57
741264.81 11550.66 1.57
741264.81 11550.66 1.57
741264.81 11550.66 1.57
741264.81 11550.66 1.57
741264.81 11550.66 1.57
741264.81 11550.66 1.57
741264.81 11550.66 1.57
767068.75 11519.44 0.77
653215.44 11510.12 2.09
729090.88 10824.44 0.77
706182.62 10637.78 0.91
706182.62 10637.78 0.91
706182.62 10637.78 0.91
706182.62 10637.78 0.91
706182.62 10637.78 0.91
706182.62 10637.78 0.91
706182.62 10637.78 0.91
706182.62 10637.78 0.91
706182.62 10637.78 0.91
706182.62 10637.78 0.91
706182.62 10637.78 0.91
706182.62 10637.78 0.91
706182.62 10637.78 0.91
706182.62 10637.78 0.91
706182.62 10637.78 0.91
706182.62 10637.78 0.91
706182.62 10637.78 0.91
706182.62 10637.78 0.91
706182.62 10637.78 0.91
706182.62 10637.78 0.91
706182.62 10637.78 0.91
706182.62 10637.78 0.91
706182.62 10637.78 0.91
706182.62 10637.78 0.91
706182.62 10637.78 0.91
706182.62 10637.78 0.91
706182.62 10637.78 0.91
706182.62 10637.78 0.91
706182.62 10637.78 0.91
706182.62 10637.78 0.91
706182.62 10637.78 0.91
706182.62 10637.78 0.91
706182.62 10637.78 0.91
706182.62 10637.78 0.91
706182.62 10637.78 0.91
706182.62 10637.78 0.91
706182.62 10637.78 0.91
706182.62 10637.78 0.91
706182.62 10637.78 0.91
706182.62 10637.78 0.91
706182.62 10637.78 0.91
706182.62 10637.78 0.91
706182.62 10637.78 0.91
706182.62 10637.78 0.91
706182.62 10637.78 0.91
706182.62 10637.78 0.91
706182.62 10637.78 0.91
706182.62 10637.78 0.91
706182.62 10637.78 0.91
706182.62 10637.78 0.91
706182.62 10637.78 0.91
706182.62 10637.78 0.91
706182.62 10637.78 0.91
706182.62 10637.78 0.91
702888.00 10538.61 0.92
702888.00 10538.61 0.92
702888.00 10538.61 0.92
702888.00 10538.61 0.92
702888.00 10538.61 0.92
702888.00 10538.61 0.92
702888.00 10538.61 0.92
702888.00 10538.61 0.92
702888.00 10538.61 0.92
702888.00 10538.61 0.92
702888.00 10538.61 0.92
702888.00 10538.61 0.92
702888.00 10538.61 0.92
702888.00 10538.61 0.92
702888.00 10538.61 0.92
702888.00 10538.61 0.92
702888.00 10538.61 0.92
702888.00 10538.61 0.92
702888.00 10538.61 0.92
702888.00 10538.61 0.92
702888.00 10538.61 0.92
702888.00 10538.61 0.92
702888.00 10538.61 0.92
702888.00 10538.61 0.92
702888.00 10538.61 0.92
738266.25 11184.44 0.77
734734.44 11199.44 0.77
734734.44 11199.44 0.77
734734.44 11199.44 0.77
734734.44 11199.44 0.77
734734.44 11199.44 0.77
734734.44 11199.44 0.77
734734.44 11199.44 0.77
734734.44 11199.44 0.77
738266.25 11184.44 0.77
738266.25 11184.44 0.77
734734.44 11199.44 0.77
738266.25 11184.44 0.77
738266.25 11184.44 0.77
738266.25 11184.44 0.77
738266.25 11184.44 0.77
738266.25 11184.44 0.77
738266.25 11184.44 0.77
738266.25 11184.44 0.77
738266.25 11184.44 0.77
738266.25 11184.44 0.77
734734.44 11199.44 0.77
734734.44 11199.44 0.77
734734.44 11199.44 0.77
734734.44 11199.44 0.77
734734.44 11199.44 0.77
734734.44 11199.44 0.77
734734.44 11199.44 0.77
734734.44 11199.44 0.77
734734.44 11199.44 0.77
734734.44 11199.44 0.77
738402.25 11134.44 0.77
734734.44 11199.44 0.77
734734.44 11199.44 0.77
734734.44 11199.44 0.77
734734.44 11199.44 0.77
734734.44 11199.44 0.77
734734.44 11199.44 0.77
734734.44 11199.44 0.77
734734.44 11199.44 0.77
734734.44 11199.44 0.77
738402.25 11134.44 0.77
738402.25 11134.44 0.77
738402.25 11134.44 0.77
738402.25 11134.44 0.77
738402.25 11134.44 0.77
738402.25 11134.44 0.77
738402.25 11134.44 0.77
738402.25 11134.44 0.77
738402.25 11134.44 0.77
738402.25 11134.44 0.77
738402.25 11134.44 0.77
738266.25 11184.44 0.77
738402.25 11134.44 0.77
738402.25 11134.44 0.77
738402.25 11134.44 0.77
738402.25 11134.44 0.77
738402.25 11134.44 0.77
738402.25 11134.44 0.77
738402.25 11134.44 0.77
738402.25 11134.44 0.77
751665.69 11049.44 0.77
738266.25 11184.44 0.77
738266.25 11184.44 0.77
738266.25 11184.44 0.77
738266.25 11184.44 0.77
738266.25 11184.44 0.77
738266.25 11184.44 0.77
738266.25 11184.44 0.77
738266.25 11184.44 0.77
738266.25 11184.44 0.77
738266.25 11184.44 0.77
738266.25 11184.44 0.77
738266.25 11184.44 0.77
738266.25 11184.44 0.77
738266.25 11184.44 0.77
738266.25 11184.44 0.77
738266.25 11184.44 0.77
738266.25 11184.44 0.77
738266.25 11184.44 0.77
760710.69 11856.79 0.72
760710.69 11856.79 0.72
760710.69 11856.79 0.72
760710.69 11856.79 0.72
760710.69 11856.79 0.72
760710.69 11856.79 0.72
760710.69 11856.79 0.72
760710.69 11856.79 0.72
760710.69 11856.79 0.72
760710.69 11856.79 0.72
760710.69 11856.79 0.72
760710.69 11856.79 0.72
760710.69 11856.79 0.72
760710.69 11856.79 0.72
760710.69 11856.79 0.72
760710.69 11856.79 0.72
760710.69 11856.79 0.72
760710.69 11856.79 0.72
760710.69 11856.79 0.72
760710.69 11856.79 0.72
760710.69 11856.79 0.72
760710.69 11856.79 0.72
760710.69 11856.79 0.72
760710.69 11856.79 0.72
760710.69 11856.79 0.72
760710.69 11856.79 0.72
760710.69 11856.79 0.72
760710.69 11856.79 0.72
760710.69 11856.79 0.72
760710.69 11856.79 0.72
760710.69 11856.79 0.72
760710.69 11856.79 0.72
760710.69 11856.79 0.72
760710.69 11856.79 0.72
760710.69 11856.79 0.72
760710.69 11856.79 0.72
760710.69 11856.79 0.72
760710.69 11856.79 0.72
760710.69 11856.79 0.72
760710.69 11856.79 0.72
760710.69 11856.79 0.72
760710.69 11856.79 0.72
760710.69 11856.79 0.72
760710.69 11856.79 0.72
760710.69 11856.79 0.72
760710.69 11856.79 0.72
760710.69 11856.79 0.72
760710.69 11856.79 0.72
760710.69 11856.79 0.72
760710.69 11856.79 0.72
760710.69 11856.79 0.72
760710.69 11856.79 0.72
760710.69 11856.79 0.72
755789.06 11876.79 0.72
755789.06 11876.79 0.72
755789.06 11876.79 0.72
755789.06 11876.79 0.72
760710.69 11856.79 0.72
760710.69 11856.79 0.72
760710.69 11856.79 0.72
760710.69 11856.79 0.72
760710.69 11856.79 0.72
760710.69 11856.79 0.72
760710.69 11856.79 0.72
760710.69 11856.79 0.72
760710.69 11856.79 0.72
760710.69 11856.79 0.72
760710.69 11856.79 0.72
760710.69 11856.79 0.72
760710.69 11856.79 0.72
760710.69 11856.79 0.72
760710.69 11856.79 0.72
760710.69 11856.79 0.72
760710.69 11856.79 0.72
752454.88 12025.71 0.92
752454.88 12025.71 0.92
752454.88 12025.71 0.92
738706.00 11721.66 0.92
723390.69 11664.73 0.93
725396.88 11624.73 0.93
729090.88 10824.44 0.77
706182.62 10637.78 0.91
706182.62 10637.78 0.91
706182.62 10637.78 0.91
706182.62 10637.78 0.91
706182.62 10637.78 0.91
706182.62 10637.78 0.91
706182.62 10637.78 0.91
706182.62 10637.78 0.91
706182.62 10637.78 0.91
706182.62 10637.78 0.91
706182.62 10637.78 0.91
706182.62 10637.78 0.91
706182.62 10637.78 0.91
706182.62 10637.78 0.91
706182.62 10637.78 0.91
706182.62 10637.78 0.91
706182.62 10637.78 0.91
706182.62 10637.78 0.91
706182.62 10637.78 0.91
706182.62 10637.78 0.91
706182.62 10637.78 0.91
706182.62 10637.78 0.91
706182.62 10637.78 0.91
706182.62 10637.78 0.91
706182.62 10637.78 0.91
706182.62 10637.78 0.91
706182.62 10637.78 0.91
706182.62 10637.78 0.91
706182.62 10637.78 0.91
706182.62 10637.78 0.91
706182.62 10637.78 0.91
706182.62 10637.78 0.91
706182.62 10637.78 0.91
706182.62 10637.78 0.91
706182.62 10637.78 0.91
706182.62 10637.78 0.91
706182.62 10637.78 0.91
706182.62 10637.78 0.91
706182.62 10637.78 0.91
706182.62 10637.78 0.91
706182.62 10637.78 0.91
706182.62 10637.78 0.91
706182.62 10637.78 0.91
706182.62 10637.78 0.91
706182.62 10637.78 0.91
706182.62 10637.78 0.91
706182.62 10637.78 0.91
706182.62 10637.78 0.91
706182.62 10637.78 0.91
706182.62 10637.78 0.91
706182.62 10637.78 0.91
702888.00 10538.61 0.92
702888.00 10538.61 0.92
702888.00 10538.61 0.92
702888.00 10538.61 0.92
702888.00 10538.61 0.92
702888.00 10538.61 0.92
702888.00 10538.61 0.92
702888.00 10538.61 0.92
702888.00 10538.61 0.92
702888.00 10538.61 0.92
702888.00 10538.61 0.92
702888.00 10538.61 0.92
702888.00 10538.61 0.92
702888.00 10538.61 0.92
702888.00 10538.61 0.92
702888.00 10538.61 0.92
702888.00 10538.61 0.92
702888.00 10538.61 0.92
702888.00 10538.61 0.92
702888.00 10538.61 0.92
702888.00 10538.61 0.92
702888.00 10538.61 0.92
702888.00 10538.61 0.92
702888.00 10538.61 0.92
702888.00 10538.61 0.92
702888.00 10538.61 0.92
702888.00 10538.61 0.92
702888.00 10538.61 0.92
759928.25 11269.44 0.77
738036.12 11102.78 0.91
738036.12 11102.78 0.91
738036.12 11102.78 0.91
738036.12 11102.78 0.91
738036.12 11102.78 0.91
738036.12 11102.78 0.91
738036.12 11102.78 0.91
738036.12 11102.78 0.91
738036.12 11102.78 0.91
738036.12 11102.78 0.91
738036.12 11102.78 0.91
738036.12 11102.78 0.91
738036.12 11102.78 0.91
738036.12 11102.78 0.91
738036.12 11102.78 0.91
738036.12 11102.78 0.91
738036.12 11102.78 0.91
738036.12 11102.78 0.91
738036.12 11102.78 0.91
738036.12 11102.78 0.91
738036.12 11102.78 0.91
738036.12 11102.78 0.91
738036.12 11102.78 0.91
738036.12 11102.78 0.91
738036.12 11102.78 0.91
738036.12 11102.78 0.91
738036.12 11102.78 0.91
738036.12 11102.78 0.91
738036.12 11102.78 0.91
738036.12 11102.78 0.91
738036.12 11102.78 0.91
738036.12 11102.78 0.91
738036.12 11102.78 0.91
738036.12 11102.78 0.91
734741.50 11003.61 0.92
734741.50 11003.61 0.92
734741.50 11003.61 0.92
734741.50 11003.61 0.92
734741.50 11003.61 0.92
734741.50 11003.61 0.92
734741.50 11003.61 0.92
734741.50 11003.61 0.92
734741.50 11003.61 0.92
734741.50 11003.61 0.92
734741.50 11003.61 0.92
734741.50 11003.61 0.92
734741.50 11003.61 0.92
734741.50 11003.61 0.92
734741.50 11003.61 0.92
734741.50 11003.61 0.92
734741.50 11003.61 0.92
734741.50 11003.61 0.92
734741.50 11003.61 0.92
734741.50 11003.61 0.92
734741.50 11003.61 0.92
734741.50 11003.61 0.92
734741.50 11003.61 0.92
734741.50 11003.61 0.92
734741.50 11003.61 0.92
734741.50 11003.61 0.92
734741.50 11003.61 0.92
734741.50 11003.61 0.92
734741.50 11003.61 0.92
734741.50 11003.61 0.92
734741.50 11003.61 0.92
734741.50 11003.61 0.92
734741.50 11003.61 0.92
734741.50 11003.61 0.92
734741.50 11003.61 0.92
734741.50 11003.61 0.92
734741.50 11003.61 0.92
734741.50 11003.61 0.92
734741.50 11003.61 0.92
734741.50 11003.61 0.92
734741.50 11003.61 0.92
734741.50 11003.61 0.92
734741.50 11003.61 0.92
734741.50 11003.61 0.92
734741.50 11003.61 0.92
755653.19 11249.44 0.77
730938.75 11062.78 0.91
730938.75 11062.78 0.91
730938.75 11062.78 0.91
730938.75 11062.78 0.91
730938.75 11062.78 0.91
730938.75 11062.78 0.91
730938.75 11062.78 0.91
730938.75 11062.78 0.91
730938.75 11062.78 0.91
730938.75 11062.78 0.91
730938.75 11062.78 0.91
730938.75 11062.78 0.91
730938.75 11062.78 0.91
730938.75 11062.78 0.91
730938.75 11062.78 0.91
730938.75 11062.78 0.91
730938.75 11062.78 0.91
730938.75 11062.78 0.91
730938.75 11062.78 0.91
730938.75 11062.78 0.91
730938.75 11062.78 0.91
716838.44 11342.78 0.91
730938.75 11062.78 0.91
730938.75 11062.78 0.91
730938.75 11062.78 0.91
730938.75 11062.78 0.91
730938.75 11062.78 0.91
730938.75 11062.78 0.91
730938.75 11062.78 0.91
730938.75 11062.78 0.91
730938.75 11062.78 0.91
730938.75 11062.78 0.91
730938.75 11062.78 0.91
730938.75 11062.78 0.91
730938.75 11062.78 0.91
730938.75 11062.78 0.91
730938.75 11062.78 0.91
730938.75 11062.78 0.91
730938.75 11062.78 0.91
733262.88 11042.78 0.91
733262.88 11042.78 0.91
733262.88 11042.78 0.91
733262.88 11042.78 0.91
733262.88 11042.78 0.91
733262.88 11042.78 0.91
733262.88 11042.78 0.91
733262.88 11042.78 0.91
733262.88 11042.78 0.91
733262.88 11042.78 0.91
733262.88 11042.78 0.91
733262.88 11042.78 0.91
730938.75 11062.78 0.91
733262.88 11042.78 0.91
733262.88 11042.78 0.91
733262.88 11042.78 0.91
733262.88 11042.78 0.91
733262.88 11042.78 0.91
733262.88 11042.78 0.91
733262.88 11042.78 0.91
733262.88 11042.78 0.91
733262.88 11042.78 0.91
730938.75 11062.78 0.91
730938.75 11062.78 0.91
730938.75 11062.78 0.91
730938.75 11062.78 0.91
730938.75 11062.78 0.91
730938.75 11062.78 0.91
730938.75 11062.78 0.91
730938.75 11062.78 0.91
730938.75 11062.78 0.91
730938.75 11062.78 0.91
730938.75 11062.78 0.91
730938.75 11062.78 0.91
730938.75 11062.78 0.91
730938.75 11062.78 0.91
730938.75 11062.78 0.91
730938.75 11062.78 0.91
730938.75 11062.78 0.91
730938.75 11062.78 0.91
731619.56 11244.44 0.77
731619.56 11244.44 0.77
731619.56 11244.44 0.77
731619.56 11244.44 0.77
731619.56 11244.44 0.77
731619.56 11244.44 0.77
731619.56 11244.44 0.77
731619.56 11244.44 0.77
731619.56 11244.44 0.77
731619.56 11244.44 0.77
731619.56 11244.44 0.77
731619.56 11244.44 0.77
731619.56 11244.44 0.77
731619.56 11244.44 0.77
731619.56 11244.44 0.77
731619.56 11244.44 0.77
731619.56 11244.44 0.77
731619.56 11244.44 0.77
731619.56 11244.44 0.77
731619.56 11244.44 0.77
731619.56 11244.44 0.77
731619.56 11244.44 0.77
731619.56 11244.44 0.77
731619.56 11244.44 0.77
731619.56 11244.44 0.77
731619.56 11244.44 0.77
731619.56 11244.44 0.77
731619.56 11244.44 0.77
731619.56 11244.44 0.77
731619.56 11244.44 0.77
731619.56 11244.44 0.77
731619.56 11244.44 0.77
731619.56 11244.44 0.77
731619.56 11244.44 0.77
731619.56 11244.44 0.77
731619.56 11244.44 0.77
731619.56 11244.44 0.77
731619.56 11244.44 0.77
731619.56 11244.44 0.77
731619.56 11244.44 0.77
731619.56 11244.44 0.77
731619.56 11244.44 0.77
731619.56 11244.44 0.77
731619.56 11244.44 0.77
731619.56 11244.44 0.77
731619.56 11244.44 0.77
731619.56 11244.44 0.77
731619.56 11244.44 0.77
731619.56 11244.44 0.77
731619.56 11244.44 0.77
731619.56 11244.44 0.77
731619.56 11244.44 0.77
731619.56 11244.44 0.77
731619.56 11244.44 0.77
731619.56 11244.44 0.77
731619.56 11244.44 0.77
731619.56 11244.44 0.77
731619.56 11244.44 0.77
731619.56 11244.44 0.77
731619.56 11244.44 0.77
731619.56 11244.44 0.77
731619.56 11244.44 0.77
731619.56 11244.44 0.77
731619.56 11244.44 0.77
731619.56 11244.44 0.77
731619.56 11244.44 0.77
731619.56 11244.44 0.77
731619.56 11244.44 0.77
731619.56 11244.44 0.77
731619.56 11244.44 0.77
731619.56 11244.44 0.77
731619.56 11244.44 0.77
731619.56 11244.44 0.77
731619.56 11244.44 0.77
731619.56 11244.44 0.77
731619.56 11244.44 0.77
731619.56 11244.44 0.77
731619.56 11244.44 0.77
731619.56 11244.44 0.77
731619.56 11244.44 0.77
716739.38 11376.79 0.72
716739.38 11376.79 0.72
716739.38 11376.79 0.72
716739.38 11376.79 0.72
716739.38 11376.79 0.72
716739.38 11376.79 0.72
716739.38 11376.79 0.72
716739.38 11376.79 0.72
716739.38 11376.79 0.72
716739.38 11376.79 0.72
716739.38 11376.79 0.72
716739.38 11376.79 0.72
716739.38 11376.79 0.72
716739.38 11376.79 0.72
716739.38 11376.79 0.72
716739.38 11376.79 0.72
716739.38 11376.79 0.72
716739.38 11376.79 0.72
716739.38 11376.79 0.72
716739.38 11376.79 0.72
716739.38 11376.79 0.72
716739.38 11376.79 0.72
716739.38 11376.79 0.72
716739.38 11376.79 0.72
716739.38 11376.79 0.72
716739.38 11376.79 0.72
716739.38 11376.79 0.72
716739.38 11376.79 0.72
716739.38 11376.79 0.72
716739.38 11376.79 0.72
716739.38 11376.79 0.72
716739.38 11376.79 0.72
716739.38 11376.79 0.72
716739.38 11376.79 0.72
716739.38 11376.79 0.72
716739.38 11376.79 0.72
716739.38 11376.79 0.72
716739.38 11376.79 0.72
716739.38 11376.79 0.72
716739.38 11376.79 0.72
716739.38 11376.79 0.72
716739.38 11376.79 0.72
716739.38 11376.79 0.72
716739.38 11376.79 0.72
716739.38 11376.79 0.72
716739.38 11376.79 0.72
716739.38 11376.79 0.72
716739.38 11376.79 0.72
716739.38 11376.79 0.72
716739.38 11376.79 0.72
716739.38 11376.79 0.72
716739.38 11376.79 0.72
716739.38 11376.79 0.72
716739.38 11376.79 0.72
716739.38 11376.79 0.72
716739.38 11376.79 0.72
716739.38 11376.79 0.72
716739.38 11376.79 0.72
716739.38 11376.79 0.72
716739.38 11376.79 0.72
716739.38 11376.79 0.72
716739.38 11376.79 0.72
716739.38 11376.79 0.72
716739.38 11376.79 0.72
716739.38 11376.79 0.72
716739.38 11376.79 0.72
716739.38 11376.79 0.72
716739.38 11376.79 0.72
716739.38 11376.79 0.72
716739.38 11376.79 0.72
716739.38 11376.79 0.72
716739.38 11376.79 0.72
716739.38 11376.79 0.72
716739.38 11376.79 0.72
716739.38 11376.79 0.72
716739.38 11376.79 0.72
716739.38 11376.79 0.72
716739.38 11376.79 0.72
716739.38 11376.79 0.72
716739.38 11376.79 0.72