907987.50 14639.45 1.33
907987.50 14639.45 1.33
907987.50 14639.45 1.33
907987.50 14639.45 1.33
907987.50 14639.45 1.33
907987.50 14639.45 1.33
907987.50 14639.45 1.33
907987.50 14639.45 1.33
907987.50 14639.45 1.33
907987.50 14639.45 1.33
907987.50 14639.45 1.33
907987.50 14639.45 1.33
907987.50 14639.45 1.33
907987.50 14639.45 1.33
907987.50 14639.45 1.33
907987.50 14639.45 1.33
907987.50 14639.45 1.33
907987.50 14639.45 1.33
907987.50 14639.45 1.33
907987.50 14639.45 1.33
907987.50 14639.45 1.33
907987.50 14639.45 1.33
907987.50 14639.45 1.33
907987.50 14639.45 1.33
907987.50 14639.45 1.33
907987.50 14639.45 1.33
907987.50 14639.45 1.33
907987.50 14639.45 1.33
907987.50 14639.45 1.33
907987.50 14639.45 1.33
907987.50 14639.45 1.33
907987.50 14639.45 1.33
907987.50 14639.45 1.33
907987.50 14639.45 1.33
907987.50 14639.45 1.33
907987.50 14639.45 1.33
907987.50 14639.45 1.33
907987.50 14639.45 1.33
907987.50 14639.45 1.33
907987.50 14639.45 1.33
907987.50 14639.45 1.33
907987.50 14639.45 1.33
907987.50 14639.45 1.33
908562.56 14639.45 1.33
908562.56 14639.45 1.33
908562.56 14639.45 1.33
908562.56 14639.45 1.33
908562.56 14639.45 1.33
908562.56 14639.45 1.33
908562.56 14639.45 1.33
908562.56 14639.45 1.33
908562.56 14639.45 1.33
908562.56 14639.45 1.33
907987.50 14639.45 1.33
908562.56 14639.45 1.33
908562.56 14639.45 1.33
908562.56 14639.45 1.33
908562.56 14639.45 1.33
908562.56 14639.45 1.33
908562.56 14639.45 1.33
908562.56 14639.45 1.33
908562.56 14639.45 1.33
908562.56 14639.45 1.33
908562.56 14639.45 1.33
907987.50 14639.45 1.33
907987.50 14639.45 1.33
907987.50 14639.45 1.33
907987.50 14639.45 1.33
907987.50 14639.45 1.33
907987.50 14639.45 1.33
907987.50 14639.45 1.33
907987.50 14639.45 1.33
907987.50 14639.45 1.33
907987.50 14639.45 1.33
907987.50 14639.45 1.33
907987.50 14639.45 1.33
907987.50 14639.45 1.33
907987.50 14639.45 1.33
907987.50 14639.45 1.33
907987.50 14639.45 1.33
899237.06 15418.23 1.81
899237.06 15418.23 1.81
899237.06 15418.23 1.81
899237.06 15418.23 1.81
899237.06 15418.23 1.81
899237.06 15418.23 1.81
899237.06 15418.23 1.81
899237.06 15418.23 1.81
899237.06 15418.23 1.81
899237.06 15418.23 1.81
899237.06 15418.23 1.81
899237.06 15418.23 1.81
899237.06 15418.23 1.81
899237.06 15418.23 1.81
899237.06 15418.23 1.81
899237.06 15418.23 1.81
899237.06 15418.23 1.81
899237.06 15418.23 1.81
899237.06 15418.23 1.81
899237.06 15418.23 1.81
899237.06 15418.23 1.81
899237.06 15418.23 1.81
899237.06 15418.23 1.81
899237.06 15418.23 1.81
899237.06 15418.23 1.81
899237.06 15418.23 1.81
899237.06 15418.23 1.81
899237.06 15418.23 1.81
899237.06 15418.23 1.81
899237.06 15418.23 1.81
899237.06 15418.23 1.81
899237.06 15418.23 1.81
899237.06 15418.23 1.81
899237.06 15418.23 1.81
899237.06 15418.23 1.81
899237.06 15418.23 1.81
899237.06 15418.23 1.81
899237.06 15418.23 1.81
899237.06 15418.23 1.81
899237.06 15418.23 1.81
899237.06 15418.23 1.81
899237.06 15418.23 1.81
899237.06 15418.23 1.81
899237.06 15418.23 1.81
899237.06 15418.23 1.81
899237.06 15418.23 1.81
899237.06 15418.23 1.81
899237.06 15418.23 1.81
899237.06 15418.23 1.81
899237.06 15418.23 1.81
899237.06 15418.23 1.81
899237.06 15418.23 1.81
899237.06 15418.23 1.81
899237.06 15418.23 1.81
899237.06 15418.23 1.81
899237.06 15418.23 1.81
899237.06 15418.23 1.81
899237.06 15418.23 1.81
899237.06 15418.23 1.81
899237.06 15418.23 1.81
899237.06 15418.23 1.81
899237.06 15418.23 1.81
899237.06 15418.23 1.81
899237.06 15418.23 1.81
899237.06 15418.23 1.81
899237.06 15418.23 1.81
899237.06 15418.23 1.81
899237.06 15418.23 1.81
899237.06 15418.23 1.81
899237.06 15418.23 1.81
899237.06 15418.23 1.81
899237.06 15418.23 1.81
899237.06 15418.23 1.81
899237.06 15418.23 1.81
899237.06 15418.23 1.81
899237.06 15418.23 1.81
899237.06 15418.23 1.81
899237.06 15418.23 1.81
899237.06 15418.23 1.81
886396.06 15258.72 1.82
1078363.88 16943.54 1.30
1078732.00 16890.68 1.38
1082024.62 16885.68 1.38
1078852.25 16890.68 1.38
1078852.25 16890.68 1.38
1078852.25 16890.68 1.38
1078732.00 16890.68 1.38
1078732.00 16890.68 1.38
1078732.00 16890.68 1.38
1078732.00 16890.68 1.38
1078732.00 16890.68 1.38
1078635.38 16905.34 1.38
1078635.38 16905.34 1.38
1024613.19 15996.59 1.81
1024733.50 15996.59 1.81
1024733.50 15996.59 1.81
1024733.50 15996.59 1.81
1024613.19 15996.59 1.81
1024733.50 15996.59 1.81
1024733.50 15996.59 1.81
1024733.50 15996.59 1.81
1024733.50 15996.59 1.81
1024613.19 15996.59 1.81
1024613.19 15996.59 1.81
1024613.19 15996.59 1.81
1024613.19 15996.59 1.81
1024613.19 15996.59 1.81
1024613.19 15996.59 1.81
1024613.19 15996.59 1.81
1024245.06 16049.45 1.81
1031062.44 15956.59 1.81
922603.94 15244.92 1.81
924812.56 15065.40 1.82
886359.44 14700.40 2.36
886359.44 14700.40 2.36
886359.44 14700.40 2.36
856593.81 13334.19 3.23
868502.50 13149.19 3.27
850968.56 13527.41 3.27
840633.50 13713.19 3.28
840633.50 13713.19 3.28
839885.50 14030.86 3.53
839885.50 14030.86 3.53
839885.50 14030.86 3.53
839885.50 14030.86 3.53
839885.50 14030.86 3.53
839885.50 14030.86 3.53
831259.69 14554.34 3.53
831259.69 14554.34 3.53
831259.69 14554.34 3.53
831259.69 14554.34 3.53
866445.12 13199.19 3.57
866445.12 13199.19 3.57
825692.25 13815.86 3.68
825692.25 13815.86 3.68
825692.25 13815.86 3.68
825692.25 13815.86 3.68
825692.25 13815.86 3.68
825692.25 13815.86 3.68
825692.25 13815.86 3.68
825692.25 13815.86 3.68
836107.69 13666.23 3.68
836107.69 13666.23 3.68
836107.69 13666.23 3.68
836107.69 13666.23 3.68
836107.69 13666.23 3.68
836107.69 13666.23 3.68
836107.69 13666.23 3.68
836107.69 13666.23 3.68
817066.44 14339.34 3.68
817066.44 14339.34 3.68
817066.44 14339.34 3.68
817066.44 14339.34 3.68
817066.44 14339.34 3.68
817066.44 14339.34 3.68
817066.44 14339.34 3.68
817066.44 14339.34 3.68
817066.44 14339.34 3.68
817066.44 14339.34 3.68
817066.44 14339.34 3.68
1030596.06 16629.81 3.47
1030596.06 16629.81 3.47
1030596.06 16629.81 3.47
1030596.06 16629.81 3.47
1030596.06 16629.81 3.47
1030596.06 16629.81 3.47
1030596.06 16629.81 3.47
1030596.06 16629.81 3.47
1030596.06 16629.81 3.47
1030596.06 16629.81 3.47
1030596.06 16629.81 3.47
1030596.06 16629.81 3.47
1030596.06 16629.81 3.47
1030596.06 16629.81 3.47
1046946.38 16583.92 3.47
1046946.38 16583.92 3.47
1046946.38 16583.92 3.47
1046946.38 16583.92 3.47
1046946.38 16583.92 3.47
1046946.38 16583.92 3.47
1030499.38 16853.79 3.47
1030499.38 16853.79 3.47
1030499.38 16853.79 3.47
1030499.38 16853.79 3.47
1030499.38 16853.79 3.47
1030499.38 16853.79 3.47
1030499.38 16853.79 3.47
1030499.38 16853.79 3.47
1030499.38 16853.79 3.47
1030499.38 16853.79 3.47
1046946.38 16583.92 3.47
1030499.38 16853.79 3.47
1030499.38 16853.79 3.47
1030499.38 16853.79 3.47
1030499.38 16853.79 3.47
1030499.38 16853.79 3.47
1030499.38 16853.79 3.47
1030499.38 16853.79 3.47
1030596.06 16629.81 3.47
1030596.06 16629.81 3.47
1046946.38 16583.92 3.47
1046946.38 16583.92 3.47
1046946.38 16583.92 3.47
1046946.38 16583.92 3.47
1046946.38 16583.92 3.47
1046946.38 16583.92 3.47
1046946.38 16583.92 3.47
1046946.38 16583.92 3.47
1046946.38 16583.92 3.47
1046946.38 16583.92 3.47
1046946.38 16583.92 3.47
1046946.38 16583.92 3.47
1046946.38 16583.92 3.47
1046946.38 16583.92 3.47
1046946.38 16583.92 3.47
1046946.38 16583.92 3.47
1046946.38 16583.92 3.47
1046946.38 16583.92 3.47
1046946.38 16583.92 3.47
1039675.31 16588.92 3.47
1023612.00 16634.81 3.47
953454.81 15248.92 3.51
953454.81 15248.92 3.51
953454.81 15248.92 3.51
953454.81 15248.92 3.51
953454.81 15248.92 3.51
953454.81 15248.92 3.51
953454.81 15248.92 3.51
953454.81 15248.92 3.51
953454.81 15248.92 3.51
936932.06 15518.78 3.51
953454.81 15248.92 3.51
953454.81 15248.92 3.51
953454.81 15248.92 3.51
953454.81 15248.92 3.51
953454.81 15248.92 3.51
953454.81 15248.92 3.51
953454.81 15248.92 3.51
953454.81 15248.92 3.51
937028.75 15294.81 3.51
954400.25 15270.29 1.30
954400.25 15270.29 1.30
966486.44 15265.29 1.30
966486.44 15265.29 1.30
966486.44 15265.29 1.30
952944.50 15192.43 1.38
965030.75 15187.43 1.38
912219.75 14661.50 2.50
936458.94 13875.18 5.63
929415.44 14275.04 2.45
900133.62 14666.50 2.50
954400.25 15270.29 1.30
985303.94 13860.00 4.77
991452.94 13898.22 4.75
954400.25 15270.29 1.30
900133.62 14666.50 2.50
966486.44 15265.29 1.30
899412.50 14620.20 2.50
897690.94 13925.32 4.58
976580.25 13888.22 4.81
959396.44 13604.33 5.70
966486.44 15265.29 1.30
1177020.88 18815.95 1.81
1045504.94 17050.95 1.81
840679.00 13625.81 2.29
840679.00 13625.81 2.29
840679.00 13625.81 2.29
840679.00 13625.81 2.29
840679.00 13625.81 2.29
840679.00 13625.81 2.29
766760.44 13765.12 2.34
766760.44 13765.12 2.34
766760.44 13765.12 2.34
766760.44 13765.12 2.34
766760.44 13765.12 2.34
766760.44 13765.12 2.34
766760.44 13765.12 2.34
766760.44 13765.12 2.34
766760.44 13765.12 2.34
766760.44 13765.12 2.34
766760.44 13765.12 2.34
766760.44 13765.12 2.34
766760.44 13765.12 2.34
766760.44 13765.12 2.34
766760.44 13765.12 2.34
766760.44 13765.12 2.34
766760.44 13765.12 2.34
766760.44 13765.12 2.34
766760.44 13765.12 2.34
766760.44 13765.12 2.34
766760.44 13765.12 2.34
766760.44 13765.12 2.34
766760.44 13765.12 2.34
766760.44 13765.12 2.34
766760.44 13765.12 2.34
766760.44 13765.12 2.34
766760.44 13765.12 2.34
766760.44 13765.12 2.34
766760.44 13765.12 2.34
766760.44 13765.12 2.34
766760.44 13765.12 2.34
766760.44 13765.12 2.34
766760.44 13765.12 2.34
766760.44 13765.12 2.34
766760.44 13765.12 2.34
766760.44 13765.12 2.34
766760.44 13765.12 2.34
766760.44 13765.12 2.34
766760.44 13765.12 2.34
766760.44 13765.12 2.34
766760.44 13765.12 2.34
766760.44 13765.12 2.34
766760.44 13765.12 2.34
766760.44 13765.12 2.34
766760.44 13765.12 2.34
766760.44 13765.12 2.34
766760.44 13765.12 2.34
766760.44 13765.12 2.34
766760.44 13765.12 2.34
766760.44 13765.12 2.34
766760.44 13765.12 2.34
766760.44 13765.12 2.34
766760.44 13765.12 2.34
766760.44 13765.12 2.34
766760.44 13765.12 2.34
766760.44 13765.12 2.34
766760.44 13765.12 2.34
766760.44 13765.12 2.34
766760.44 13765.12 2.34
766760.44 13765.12 2.34
766760.44 13765.12 2.34
766760.44 13765.12 2.34
766760.44 13765.12 2.34
766760.44 13765.12 2.34
766760.44 13765.12 2.34
766760.44 13765.12 2.34
766760.44 13765.12 2.34
766760.44 13765.12 2.34
766760.44 13765.12 2.34
766760.44 13765.12 2.34
766760.44 13765.12 2.34
766760.44 13765.12 2.34
917414.56 15029.01 1.81
917414.56 15029.01 1.81
917414.56 15029.01 1.81
917414.56 15029.01 1.81
917414.56 15029.01 1.81
917414.56 15029.01 1.81
917414.56 15029.01 1.81
917414.56 15029.01 1.81
917414.56 15029.01 1.81
917414.56 15029.01 1.81
917414.56 15029.01 1.81
917414.56 15029.01 1.81
917414.56 15029.01 1.81
917414.56 15029.01 1.81
917414.56 15029.01 1.81
917414.56 15029.01 1.81
917414.56 15029.01 1.81
917414.56 15029.01 1.81
917414.56 15029.01 1.81
917414.56 15029.01 1.81
917414.56 15029.01 1.81
917414.56 15029.01 1.81
917414.56 15029.01 1.81
917414.56 15029.01 1.81
917414.56 15029.01 1.81
917414.56 15029.01 1.81
917414.56 15029.01 1.81
917414.56 15029.01 1.81
917414.56 15029.01 1.81
917414.56 15029.01 1.81
917414.56 15029.01 1.81
917414.56 15029.01 1.81
917414.56 15029.01 1.81
917414.56 15029.01 1.81
917414.56 15029.01 1.81
917414.56 15029.01 1.81
904563.25 14869.49 1.82
904563.25 14869.49 1.82
904563.25 14869.49 1.82
904563.25 14869.49 1.82
904563.25 14869.49 1.82
904563.25 14869.49 1.82
904563.25 14869.49 1.82
904563.25 14869.49 1.82
904563.25 14869.49 1.82
904563.25 14869.49 1.82
904563.25 14869.49 1.82
904563.25 14869.49 1.82
904563.25 14869.49 1.82
904563.25 14869.49 1.82
904563.25 14869.49 1.82
904563.25 14869.49 1.82
904563.25 14869.49 1.82
904563.25 14869.49 1.82
904563.25 14869.49 1.82
904563.25 14869.49 1.82
904563.25 14869.49 1.82
904563.25 14869.49 1.82
904563.25 14869.49 1.82
904563.25 14869.49 1.82
904563.25 14869.49 1.82
904563.25 14869.49 1.82
904563.25 14869.49 1.82
904563.25 14869.49 1.82
904563.25 14869.49 1.82
904563.25 14869.49 1.82
904563.25 14869.49 1.82
904563.25 14869.49 1.82
904563.25 14869.49 1.82
904563.25 14869.49 1.82
904563.25 14869.49 1.82
904563.25 14869.49 1.82
904563.25 14869.49 1.82
904563.25 14869.49 1.82
904563.25 14869.49 1.82
904563.25 14869.49 1.82
904563.25 14869.49 1.82
904563.25 14869.49 1.82
904563.25 14869.49 1.82
904563.25 14869.49 1.82
1088784.88 16246.98 2.38
1088784.88 16246.98 2.38
1088881.50 16207.09 2.38
1106924.62 16161.21 2.38
990270.50 15246.98 2.42
990270.50 15246.98 2.42
1010528.62 15186.21 2.42
937151.50 14318.78 2.42
908459.50 14610.81 2.51
890749.62 14450.81 2.51
918504.19 14213.78 2.52
914952.25 14103.78 2.58
862857.00 13563.78 2.59
862857.00 13563.78 2.59
848629.94 14027.06 2.72
822922.31 13705.81 2.75
784949.81 13726.69 3.41
785109.94 13700.45 3.41
785109.94 13700.45 3.41
785109.94 13700.45 3.41
785109.94 13700.45 3.41
784949.81 13726.69 3.41
784949.81 13726.69 3.41
784949.81 13726.69 3.41
784949.81 13726.69 3.41
784949.81 13726.69 3.41
784949.81 13726.69 3.41
784949.81 13726.69 3.41
784949.81 13726.69 3.41
784949.81 13726.69 3.41
784949.81 13726.69 3.41
784949.81 13726.69 3.41
784949.81 13726.69 3.41
784949.81 13726.69 3.41
784949.81 13726.69 3.41
784949.81 13726.69 3.41
784949.81 13726.69 3.41
785109.94 13700.45 3.41
784949.81 13726.69 3.41
784949.81 13726.69 3.41
784949.81 13726.69 3.41
784949.81 13726.69 3.41
784949.81 13726.69 3.41
784949.81 13726.69 3.41
784949.81 13726.69 3.41
795513.62 13550.81 3.41
795513.62 13550.81 3.41
795513.62 13550.81 3.41
795513.62 13550.81 3.41
795513.62 13550.81 3.41
795513.62 13550.81 3.41
795513.62 13550.81 3.41
795513.62 13550.81 3.41
795513.62 13550.81 3.41
795513.62 13550.81 3.41
795513.62 13550.81 3.41
795353.50 13577.06 3.41
795513.62 13550.81 3.41
795513.62 13550.81 3.41
795513.62 13550.81 3.41
795513.62 13550.81 3.41
795513.62 13550.81 3.41
795513.62 13550.81 3.41
795513.62 13550.81 3.41
795513.62 13550.81 3.41
795513.62 13550.81 3.41
785109.94 13700.45 3.41
785109.94 13700.45 3.41
785109.94 13700.45 3.41
785109.94 13700.45 3.41
785109.94 13700.45 3.41
785109.94 13700.45 3.41
785109.94 13700.45 3.41
785109.94 13700.45 3.41
785109.94 13700.45 3.41
785109.94 13700.45 3.41
785109.94 13700.45 3.41
785109.94 13700.45 3.41
785109.94 13700.45 3.41
785109.94 13700.45 3.41
970300.69 16047.93 1.36
970765.31 16042.93 1.36
934186.62 15141.00 1.48
933743.69 15308.28 1.49
933743.69 15308.28 1.49
933743.69 15308.28 1.49
893584.81 14658.28 1.56
846055.62 14176.00 1.64
954710.56 14082.71 2.47
954710.56 14082.71 2.47
954710.56 14082.71 2.47
940258.50 13862.71 2.47
875690.06 14042.57 2.52
879911.00 13858.48 2.52
879911.00 13858.48 2.52
879911.00 13858.48 2.52
879911.00 13858.48 2.52
879911.00 13858.48 2.52
879911.00 13858.48 2.52
835638.69 13402.57 2.55
835638.69 13402.57 2.55
835638.69 13402.57 2.55
839875.94 13218.48 2.55
839875.94 13218.48 2.55
839875.94 13218.48 2.55
839875.94 13218.48 2.55
839875.94 13218.48 2.55
839875.94 13218.48 2.55
839875.94 13218.48 2.55
839875.94 13218.48 2.55
839875.94 13218.48 2.55
839875.94 13218.48 2.55
839875.94 13218.48 2.55
839875.94 13218.48 2.55
839875.94 13218.48 2.55
839875.94 13218.48 2.55
839875.94 13218.48 2.55
839875.94 13218.48 2.55
839875.94 13218.48 2.55
839875.94 13218.48 2.55
839875.94 13218.48 2.55
839875.94 13218.48 2.55
839875.94 13218.48 2.55
855929.88 13132.71 2.61
855929.88 13132.71 2.61
839972.62 13178.60 2.62
839972.62 13178.60 2.62
839972.62 13178.60 2.62
839972.62 13178.60 2.62
839972.62 13178.60 2.62
839972.62 13178.60 2.62
839972.62 13178.60 2.62
839972.62 13178.60 2.62
839972.62 13178.60 2.62
839972.62 13178.60 2.62
821486.00 13357.21 2.67
821486.00 13357.21 2.67
821486.00 13357.21 2.67
821486.00 13357.21 2.67
821486.00 13357.21 2.67
821486.00 13357.21 2.67
821486.00 13357.21 2.67
821486.00 13357.21 2.67
821486.00 13357.21 2.67
821486.00 13357.21 2.67
821486.00 13357.21 2.67
821486.00 13357.21 2.67
821486.00 13357.21 2.67
821486.00 13357.21 2.67
821486.00 13357.21 2.67
821486.00 13357.21 2.67
821486.00 13357.21 2.67
821486.00 13357.21 2.67
821486.00 13357.21 2.67
821486.00 13357.21 2.67
821486.00 13357.21 2.67
821486.00 13357.21 2.67
821486.00 13357.21 2.67
821486.00 13357.21 2.67
821486.00 13357.21 2.67
843082.50 14528.67 1.81
843082.50 14528.67 1.81
843082.50 14528.67 1.81
843082.50 14528.67 1.81
843082.50 14528.67 1.81
843082.50 14528.67 1.81
843082.50 14528.67 1.81
843082.50 14528.67 1.81
843082.50 14528.67 1.81
843082.50 14528.67 1.81
843082.50 14528.67 1.81
843082.50 14528.67 1.81
843082.50 14528.67 1.81
843082.50 14528.67 1.81
843082.50 14528.67 1.81
843082.50 14528.67 1.81
843082.50 14528.67 1.81
843082.50 14528.67 1.81
843082.50 14528.67 1.81
843082.50 14528.67 1.81
843082.50 14528.67 1.81
843082.50 14528.67 1.81
843082.50 14528.67 1.81
843082.50 14528.67 1.81
843082.50 14528.67 1.81
843082.50 14528.67 1.81
843082.50 14528.67 1.81
843082.50 14528.67 1.81
843082.50 14528.67 1.81
843082.50 14528.67 1.81
843082.50 14528.67 1.81
843082.50 14528.67 1.81
843082.50 14528.67 1.81
843082.50 14528.67 1.81
843082.50 14528.67 1.81
843082.50 14528.67 1.81
843082.50 14528.67 1.81
843082.50 14528.67 1.81
843082.50 14528.67 1.81
843082.50 14528.67 1.81
843082.50 14528.67 1.81
843082.50 14528.67 1.81
843179.19 14514.01 1.81
843179.19 14514.01 1.81
843179.19 14514.01 1.81
843179.19 14514.01 1.81
843179.19 14514.01 1.81
843179.19 14514.01 1.81
843179.19 14514.01 1.81
843179.19 14514.01 1.81
843179.19 14514.01 1.81
843179.19 14514.01 1.81
843082.50 14528.67 1.81
843179.19 14514.01 1.81
843179.19 14514.01 1.81
843179.19 14514.01 1.81
843179.19 14514.01 1.81
843179.19 14514.01 1.81
843179.19 14514.01 1.81
843179.19 14514.01 1.81
843179.19 14514.01 1.81
843179.19 14514.01 1.81
843082.50 14528.67 1.81
843082.50 14528.67 1.81
843082.50 14528.67 1.81
843082.50 14528.67 1.81
843082.50 14528.67 1.81
843082.50 14528.67 1.81
843082.50 14528.67 1.81
843082.50 14528.67 1.81
843082.50 14528.67 1.81
843082.50 14528.67 1.81
843082.50 14528.67 1.81
843082.50 14528.67 1.81
843082.50 14528.67 1.81
843082.50 14528.67 1.81
843082.50 14528.67 1.81
843082.50 14528.67 1.81
843082.50 14528.67 1.81
843082.50 14528.67 1.81
940059.69 15849.63 2.66
971979.25 15096.21 2.66
917482.81 14241.21 2.70
917482.81 14241.21 2.70
923152.62 14191.21 2.70
923152.62 14191.21 2.70
904984.12 15294.63 2.70
915494.00 14191.21 2.70
904984.12 15294.63 2.70
904984.12 15294.63 2.70
909824.19 14241.21 2.70
909824.19 14241.21 2.70
909824.19 14241.21 2.70
909824.19 14241.21 2.70
909824.19 14241.21 2.70
903124.44 14461.21 2.72
906578.31 14341.21 2.72
903124.44 14461.21 2.72
883891.62 14794.63 2.72
883891.62 14794.63 2.72
883891.62 14794.63 2.72
883891.62 14794.63 2.72
883891.62 14794.63 2.72
899217.56 14341.21 2.72
899217.56 14341.21 2.72
895763.75 14461.21 2.72
895763.75 14461.21 2.72
895763.75 14461.21 2.72
895763.75 14461.21 2.72
895763.75 14461.21 2.72
895763.75 14461.21 2.72
876530.88 14794.63 2.72
876530.88 14794.63 2.72
876530.88 14794.63 2.72
876530.88 14794.63 2.72
876530.88 14794.63 2.72
876530.88 14794.63 2.72
876530.88 14794.63 2.72
820439.88 13889.63 2.75
820439.88 13889.63 2.75
820439.88 13889.63 2.75
820439.88 13889.63 2.75
839569.50 13556.21 2.75
839569.50 13556.21 2.75
839569.50 13556.21 2.75
839569.50 13556.21 2.75
839569.50 13556.21 2.75
839569.50 13556.21 2.75
839569.50 13556.21 2.75
839569.50 13556.21 2.75
839569.50 13556.21 2.75
839569.50 13556.21 2.75
839569.50 13556.21 2.75
839569.50 13556.21 2.75
845239.31 13506.21 2.75
845239.31 13506.21 2.75
845239.31 13506.21 2.75
845239.31 13506.21 2.75
845239.31 13506.21 2.75
845239.31 13506.21 2.75
845239.31 13506.21 2.75
845239.31 13506.21 2.75
845239.31 13506.21 2.75
820439.88 13889.63 2.75
820439.88 13889.63 2.75
820439.88 13889.63 2.75
820439.88 13889.63 2.75
820439.88 13889.63 2.75
820439.88 13889.63 2.75
820439.88 13889.63 2.75
820439.88 13889.63 2.75
820439.88 13889.63 2.75
820439.88 13889.63 2.75
820439.88 13889.63 2.75
820439.88 13889.63 2.75
820439.88 13889.63 2.75
820439.88 13889.63 2.75
820439.88 13889.63 2.75
820439.88 13889.63 2.75
820439.88 13889.63 2.75
1015106.88 16878.23 1.81
1014083.69 16903.23 1.81
1014083.69 16903.23 1.81
1014083.69 16903.23 1.81
1014083.69 16903.23 1.81
1015106.88 16878.23 1.81
1015106.88 16878.23 1.81
1015106.88 16878.23 1.81
1015106.88 16878.23 1.81
1015106.88 16878.23 1.81
1015106.88 16878.23 1.81
1015106.88 16878.23 1.81
1014083.69 16903.23 1.81
1015106.88 16878.23 1.81
1015106.88 16878.23 1.81
1015106.88 16878.23 1.81
1015106.88 16878.23 1.81
1015106.88 16878.23 1.81
1015106.88 16878.23 1.81
1015106.88 16878.23 1.81
1015106.88 16878.23 1.81
1015106.88 16878.23 1.81
1015106.88 16878.23 1.81
1014083.69 16903.23 1.81
1014083.69 16903.23 1.81
1014083.69 16903.23 1.81
1014083.69 16903.23 1.81
1014083.69 16903.23 1.81
1014083.69 16903.23 1.81
1014083.69 16903.23 1.81
1014083.69 16903.23 1.81
1014083.69 16903.23 1.81
1014083.69 16903.23 1.81
1014083.69 16903.23 1.81
1015106.88 16878.23 1.81
1014083.69 16903.23 1.81
1014083.69 16903.23 1.81
1014083.69 16903.23 1.81
1014083.69 16903.23 1.81
1014083.69 16903.23 1.81
1014083.69 16903.23 1.81
1014083.69 16903.23 1.81
1014083.69 16903.23 1.81
1014083.69 16903.23 1.81
1014083.69 16903.23 1.81
1031667.00 16703.22 1.81
1031667.00 16703.22 1.81
1031667.00 16703.22 1.81
1031667.00 16703.22 1.81
1031667.00 16703.22 1.81
1031667.00 16703.22 1.81
1031667.00 16703.22 1.81
1031667.00 16703.22 1.81
1031667.00 16703.22 1.81
1031667.00 16703.22 1.81
1031667.00 16703.22 1.81
1015106.88 16878.23 1.81
1031667.00 16703.22 1.81
1031667.00 16703.22 1.81
1031667.00 16703.22 1.81
1031667.00 16703.22 1.81
1031667.00 16703.22 1.81
1031667.00 16703.22 1.81
1031667.00 16703.22 1.81
1031667.00 16703.22 1.81
1031667.00 16703.22 1.81
1030644.69 16728.22 1.81
1015106.88 16878.23 1.81
1015106.88 16878.23 1.81
1015106.88 16878.23 1.81
1015106.88 16878.23 1.81
1015106.88 16878.23 1.81
1015106.88 16878.23 1.81
1015106.88 16878.23 1.81
1015106.88 16878.23 1.81
1015106.88 16878.23 1.81
1015106.88 16878.23 1.81
1015106.88 16878.23 1.81
1015106.88 16878.23 1.81
1015106.88 16878.23 1.81
1125207.88 16614.69 2.72
1139290.00 16528.92 2.72
1139290.00 16528.92 2.72
1139290.00 16528.92 2.72
1139290.00 16528.92 2.72
1139290.00 16528.92 2.72
1139290.00 16528.92 2.72
1139290.00 16528.92 2.72
1139290.00 16528.92 2.72
1139290.00 16528.92 2.72
1139290.00 16528.92 2.72
1139290.00 16528.92 2.72
1139290.00 16528.92 2.72
1139290.00 16528.92 2.72
1139290.00 16528.92 2.72
1139290.00 16528.92 2.72
1139290.00 16528.92 2.72
1139290.00 16528.92 2.72
970106.62 15912.48 2.74
970106.62 15912.48 2.74
970106.62 15912.48 2.74
989931.94 15523.92 2.74
989931.94 15523.92 2.74
1012597.00 15213.92 2.75
889444.94 14567.48 2.79
889444.94 14567.48 2.79
889444.94 14567.48 2.79
889444.94 14567.48 2.79
889444.94 14567.48 2.79
889444.94 14567.48 2.79
889444.94 14567.48 2.79
889444.94 14567.48 2.79
889444.94 14567.48 2.79
889444.94 14567.48 2.79
889444.94 14567.48 2.79
889444.94 14567.48 2.79
889444.94 14567.48 2.79
889444.94 14567.48 2.79
889444.94 14567.48 2.79
889444.94 14567.48 2.79
889444.94 14567.48 2.79
889444.94 14567.48 2.79
889444.94 14567.48 2.79
889444.94 14567.48 2.79
889444.94 14567.48 2.79
889444.94 14567.48 2.79
889444.94 14567.48 2.79
889444.94 14567.48 2.79
889444.94 14567.48 2.79
909375.94 14178.92 2.79
889444.94 14567.48 2.79
909375.94 14178.92 2.79
909375.94 14178.92 2.79
909375.94 14178.92 2.79
909375.94 14178.92 2.79
909375.94 14178.92 2.79
909375.94 14178.92 2.79
909375.94 14178.92 2.79
909375.94 14178.92 2.79
909375.94 14178.92 2.79
909375.94 14178.92 2.79
909375.94 14178.92 2.79
909375.94 14178.92 2.79
909375.94 14178.92 2.79
909375.94 14178.92 2.79
909375.94 14178.92 2.79
909375.94 14178.92 2.79
909375.94 14178.92 2.79
909375.94 14178.92 2.79
909375.94 14178.92 2.79
909375.94 14178.92 2.79
909375.94 14178.92 2.79
909375.94 14178.92 2.79
909375.94 14178.92 2.79
889444.94 14567.48 2.79
909375.94 14178.92 2.79
889444.94 14567.48 2.79
889444.94 14567.48 2.79
889444.94 14567.48 2.79
889444.94 14567.48 2.79
1145611.25 16945.72 2.66
982595.50 15045.73 2.70
982595.50 15045.73 2.70
982595.50 15045.73 2.70
974936.88 15045.73 2.70
974936.88 15045.73 2.70
974936.88 15045.73 2.70
923861.12 14941.61 2.75
860258.00 13680.73 2.79
860258.00 13680.73 2.79
860258.00 13680.73 2.79
860258.00 13680.73 2.79
860258.00 13680.73 2.79
860258.00 13680.73 2.79
825819.31 13461.61 2.87
825819.31 13461.61 2.87
825819.31 13461.61 2.87
825819.31 13461.61 2.87
825819.31 13461.61 2.87
825819.31 13461.61 2.87
825819.31 13461.61 2.87
825819.31 13461.61 2.87
825819.31 13461.61 2.87
825819.31 13461.61 2.87
825819.31 13461.61 2.87
825819.31 13461.61 2.87
825819.31 13461.61 2.87
825819.31 13461.61 2.87
825819.31 13461.61 2.87
825819.31 13461.61 2.87
825819.31 13461.61 2.87
825819.31 13461.61 2.87
825819.31 13461.61 2.87
825819.31 13461.61 2.87
825819.31 13461.61 2.87
825819.31 13461.61 2.87
825819.31 13461.61 2.87
825819.31 13461.61 2.87
825819.31 13461.61 2.87
825819.31 13461.61 2.87
825819.31 13461.61 2.87
839444.00 13415.73 2.87
839444.00 13415.73 2.87
839444.00 13415.73 2.87
839444.00 13415.73 2.87
839444.00 13415.73 2.87
839444.00 13415.73 2.87
839444.00 13415.73 2.87
839444.00 13415.73 2.87
839444.00 13415.73 2.87
839444.00 13415.73 2.87
825819.31 13461.61 2.87
839444.00 13415.73 2.87
839444.00 13415.73 2.87
839444.00 13415.73 2.87
839444.00 13415.73 2.87
839444.00 13415.73 2.87
839444.00 13415.73 2.87
839444.00 13415.73 2.87
839444.00 13415.73 2.87
839444.00 13415.73 2.87
839444.00 13415.73 2.87
825819.31 13461.61 2.87
825819.31 13461.61 2.87
825819.31 13461.61 2.87
839444.00 13415.73 2.87
839444.00 13415.73 2.87
839444.00 13415.73 2.87
839444.00 13415.73 2.87
839444.00 13415.73 2.87
839444.00 13415.73 2.87
839444.00 13415.73 2.87
839444.00 13415.73 2.87
839444.00 13415.73 2.87
839444.00 13415.73 2.87
839444.00 13415.73 2.87
839444.00 13415.73 2.87
839444.00 13415.73 2.87
839444.00 13415.73 2.87
839444.00 13415.73 2.87
1003088.31 15125.81 2.29
1003088.31 15125.81 2.29
1003088.31 15125.81 2.29
1003088.31 15125.81 2.29
1003088.31 15125.81 2.29
1003088.31 15125.81 2.29
1003088.31 15125.81 2.29
1003088.31 15125.81 2.29
1003088.31 15125.81 2.29
1003088.31 15125.81 2.29
1003088.31 15125.81 2.29
1003088.31 15125.81 2.29
1003088.31 15125.81 2.29
1003088.31 15125.81 2.29
1003088.31 15125.81 2.29
1003088.31 15125.81 2.29
1003088.31 15125.81 2.29
1003088.31 15125.81 2.29
1003088.31 15125.81 2.29
1003088.31 15125.81 2.29
1003088.31 15125.81 2.29
1003088.31 15125.81 2.29
952552.94 15215.81 2.42
856087.62 13670.81 2.45
856087.62 13670.81 2.45
856087.62 13670.81 2.45
856087.62 13670.81 2.45
856087.62 13670.81 2.45
856087.62 13670.81 2.45
856087.62 13670.81 2.45
856087.62 13670.81 2.45
856087.62 13670.81 2.45
856087.62 13670.81 2.45
856087.62 13670.81 2.45
856087.62 13670.81 2.45
856087.62 13670.81 2.45
856087.62 13670.81 2.45
856087.62 13670.81 2.45
856087.62 13670.81 2.45
856087.62 13670.81 2.45
856087.62 13670.81 2.45
856087.62 13670.81 2.45
856087.62 13670.81 2.45
856087.62 13670.81 2.45
837474.06 13485.86 2.57
837474.06 13485.86 2.57
837474.06 13485.86 2.57
837474.06 13485.86 2.57
837474.06 13485.86 2.57
837474.06 13485.86 2.57
837474.06 13485.86 2.57
837474.06 13485.86 2.57
837474.06 13485.86 2.57
837474.06 13485.86 2.57
837474.06 13485.86 2.57
837474.06 13485.86 2.57
837474.06 13485.86 2.57
837474.06 13485.86 2.57
837474.06 13485.86 2.57
837474.06 13485.86 2.57
837474.06 13485.86 2.57
837474.06 13485.86 2.57
837474.06 13485.86 2.57
821747.38 13540.45 2.57
821747.38 13540.45 2.57
821747.38 13540.45 2.57
821747.38 13540.45 2.57
821747.38 13540.45 2.57
821747.38 13540.45 2.57
821747.38 13540.45 2.57
821747.38 13540.45 2.57
821747.38 13540.45 2.57
821747.38 13540.45 2.57
821747.38 13540.45 2.57
821747.38 13540.45 2.57
821747.38 13540.45 2.57
821747.38 13540.45 2.57
821747.38 13540.45 2.57
821747.38 13540.45 2.57
821747.38 13540.45 2.57