756451.44 11279.44 0.77
756451.44 11279.44 0.77
756451.44 11279.44 0.77
756451.44 11279.44 0.77
756451.44 11279.44 0.77
756451.44 11279.44 0.77
756451.44 11279.44 0.77
756451.44 11279.44 0.77
756451.44 11279.44 0.77
756451.44 11279.44 0.77
756451.44 11279.44 0.77
756798.75 11134.44 0.77
756798.75 11134.44 0.77
756798.75 11134.44 0.77
756798.75 11134.44 0.77
756798.75 11134.44 0.77
756798.75 11134.44 0.77
756798.75 11134.44 0.77
756798.75 11134.44 0.77
756798.75 11134.44 0.77
756451.44 11279.44 0.77
756451.44 11279.44 0.77
756451.44 11279.44 0.77
756451.44 11279.44 0.77
756451.44 11279.44 0.77
756451.44 11279.44 0.77
756451.44 11279.44 0.77
756451.44 11279.44 0.77
756451.44 11279.44 0.77
756451.44 11279.44 0.77
756798.75 11134.44 0.77
756451.44 11279.44 0.77
756451.44 11279.44 0.77
756451.44 11279.44 0.77
756451.44 11279.44 0.77
756451.44 11279.44 0.77
756451.44 11279.44 0.77
756451.44 11279.44 0.77
756451.44 11279.44 0.77
756451.44 11279.44 0.77
756798.75 11134.44 0.77
756798.75 11134.44 0.77
756798.75 11134.44 0.77
756798.75 11134.44 0.77
756798.75 11134.44 0.77
756798.75 11134.44 0.77
756798.75 11134.44 0.77
756798.75 11134.44 0.77
756798.75 11134.44 0.77
756798.75 11134.44 0.77
756798.75 11134.44 0.77
756798.75 11134.44 0.77
756798.75 11134.44 0.77
756798.75 11134.44 0.77
756798.75 11134.44 0.77
756798.75 11134.44 0.77
756798.75 11134.44 0.77
756798.75 11134.44 0.77
756798.75 11134.44 0.77
756798.75 11134.44 0.77
756798.75 11134.44 0.77
756798.75 11134.44 0.77
756798.75 11134.44 0.77
756798.75 11134.44 0.77
756798.75 11134.44 0.77
756798.75 11134.44 0.77
756798.75 11134.44 0.77
756798.75 11134.44 0.77
756798.75 11134.44 0.77
756798.75 11134.44 0.77
756798.75 11134.44 0.77
756798.75 11134.44 0.77
756798.75 11134.44 0.77
756798.75 11134.44 0.77
756798.75 11134.44 0.77
756798.75 11134.44 0.77
756798.75 11134.44 0.77
756798.75 11134.44 0.77
756798.75 11134.44 0.77
756798.75 11134.44 0.77
763244.50 11504.44 0.77
759678.81 11627.78 0.91
759678.81 11627.78 0.91
759678.81 11627.78 0.91
759678.81 11627.78 0.91
759678.81 11627.78 0.91
759678.81 11627.78 0.91
759678.81 11627.78 0.91
759678.81 11627.78 0.91
759678.81 11627.78 0.91
759678.81 11627.78 0.91
759678.81 11627.78 0.91
759678.81 11627.78 0.91
759678.81 11627.78 0.91
759678.81 11627.78 0.91
759678.81 11627.78 0.91
759678.81 11627.78 0.91
759678.81 11627.78 0.91
759678.81 11627.78 0.91
759678.81 11627.78 0.91
759678.81 11627.78 0.91
759678.81 11627.78 0.91
759678.81 11627.78 0.91
759678.81 11627.78 0.91
759678.81 11627.78 0.91
759678.81 11627.78 0.91
759678.81 11627.78 0.91
759678.81 11627.78 0.91
759678.81 11627.78 0.91
759678.81 11627.78 0.91
759678.81 11627.78 0.91
759678.81 11627.78 0.91
759678.81 11627.78 0.91
759678.81 11627.78 0.91
759678.81 11627.78 0.91
759678.81 11627.78 0.91
759678.81 11627.78 0.91
759678.81 11627.78 0.91
759678.81 11627.78 0.91
759678.81 11627.78 0.91
759678.81 11627.78 0.91
755715.44 11528.61 0.92
755715.44 11528.61 0.92
755715.44 11528.61 0.92
755715.44 11528.61 0.92
755715.44 11528.61 0.92
755715.44 11528.61 0.92
755715.44 11528.61 0.92
755715.44 11528.61 0.92
755715.44 11528.61 0.92
755715.44 11528.61 0.92
755715.44 11528.61 0.92
755715.44 11528.61 0.92
755715.44 11528.61 0.92
755715.44 11528.61 0.92
755715.44 11528.61 0.92
755715.44 11528.61 0.92
755715.44 11528.61 0.92
755715.44 11528.61 0.92
755715.44 11528.61 0.92
755715.44 11528.61 0.92
755715.44 11528.61 0.92
755715.44 11528.61 0.92
755715.44 11528.61 0.92
755715.44 11528.61 0.92
755715.44 11528.61 0.92
755715.44 11528.61 0.92
755715.44 11528.61 0.92
755715.44 11528.61 0.92
755715.44 11528.61 0.92
755715.44 11528.61 0.92
755715.44 11528.61 0.92
755715.44 11528.61 0.92
755715.44 11528.61 0.92
755715.44 11528.61 0.92
755715.44 11528.61 0.92
755715.44 11528.61 0.92
755715.44 11528.61 0.92
755715.44 11528.61 0.92
755715.44 11528.61 0.92
780138.81 11559.44 0.77
780138.81 11559.44 0.77
780138.81 11559.44 0.77
780138.81 11559.44 0.77
780138.81 11559.44 0.77
780138.81 11559.44 0.77
780138.81 11559.44 0.77
780138.81 11559.44 0.77
780138.81 11559.44 0.77
780138.81 11559.44 0.77
780138.81 11559.44 0.77
780138.81 11559.44 0.77
780138.81 11559.44 0.77
780138.81 11559.44 0.77
780138.81 11559.44 0.77
780138.81 11559.44 0.77
780138.81 11559.44 0.77
780138.81 11559.44 0.77
780138.81 11559.44 0.77
780138.81 11559.44 0.77
780138.81 11559.44 0.77
780138.81 11559.44 0.77
780138.81 11559.44 0.77
780138.81 11559.44 0.77
780138.81 11559.44 0.77
780138.81 11559.44 0.77
780138.81 11559.44 0.77
780138.81 11559.44 0.77
780138.81 11559.44 0.77
780138.81 11559.44 0.77
780138.81 11559.44 0.77
780138.81 11559.44 0.77
780138.81 11559.44 0.77
780138.81 11559.44 0.77
780138.81 11559.44 0.77
780138.81 11559.44 0.77
780138.81 11559.44 0.77
780138.81 11559.44 0.77
780138.81 11559.44 0.77
780138.81 11559.44 0.77
780138.81 11559.44 0.77
780138.81 11559.44 0.77
780138.81 11559.44 0.77
780138.81 11559.44 0.77
780138.81 11559.44 0.77
780138.81 11559.44 0.77
780138.81 11559.44 0.77
780138.81 11559.44 0.77
780138.81 11559.44 0.77
780138.81 11559.44 0.77
780138.81 11559.44 0.77
780138.81 11559.44 0.77
777938.25 11622.51 0.84
777938.25 11622.51 0.84
777938.25 11622.51 0.84
777938.25 11622.51 0.84
777938.25 11622.51 0.84
777938.25 11622.51 0.84
777938.25 11622.51 0.84
777938.25 11622.51 0.84
777938.25 11622.51 0.84
777938.25 11622.51 0.84
777938.25 11622.51 0.84
777938.25 11622.51 0.84
777938.25 11622.51 0.84
777938.25 11622.51 0.84
777938.25 11622.51 0.84
777938.25 11622.51 0.84
777938.25 11622.51 0.84
777938.25 11622.51 0.84
777938.25 11622.51 0.84
777938.25 11622.51 0.84
777938.25 11622.51 0.84
777938.25 11622.51 0.84
777938.25 11622.51 0.84
777938.25 11622.51 0.84
777938.25 11622.51 0.84
777938.25 11622.51 0.84
777938.25 11622.51 0.84
777938.25 11622.51 0.84
746376.81 11119.44 0.77
746376.81 11119.44 0.77
746376.81 11119.44 0.77
746376.81 11119.44 0.77
746376.81 11119.44 0.77
746376.81 11119.44 0.77
746376.81 11119.44 0.77
746376.81 11119.44 0.77
746376.81 11119.44 0.77
746376.81 11119.44 0.77
746376.81 11119.44 0.77
746376.81 11119.44 0.77
746376.81 11119.44 0.77
746376.81 11119.44 0.77
746376.81 11119.44 0.77
746376.81 11119.44 0.77
746376.81 11119.44 0.77
746376.81 11119.44 0.77
746376.81 11119.44 0.77
746376.81 11119.44 0.77
746376.81 11119.44 0.77
746376.81 11119.44 0.77
746376.81 11119.44 0.77
746376.81 11119.44 0.77
746376.81 11119.44 0.77
746376.81 11119.44 0.77
746376.81 11119.44 0.77
746376.81 11119.44 0.77
746376.81 11119.44 0.77
746376.81 11119.44 0.77
746376.81 11119.44 0.77
746376.81 11119.44 0.77
746376.81 11119.44 0.77
746376.81 11119.44 0.77
746376.81 11119.44 0.77
746376.81 11119.44 0.77
746376.81 11119.44 0.77
746376.81 11119.44 0.77
746376.81 11119.44 0.77
746376.81 11119.44 0.77
746376.81 11119.44 0.77
746376.81 11119.44 0.77
746376.81 11119.44 0.77
746376.81 11119.44 0.77
746376.81 11119.44 0.77
746376.81 11119.44 0.77
746376.81 11119.44 0.77
746376.81 11119.44 0.77
746376.81 11119.44 0.77
746376.81 11119.44 0.77
746376.81 11119.44 0.77
746376.81 11119.44 0.77
746376.81 11119.44 0.77
746376.81 11119.44 0.77
746376.81 11119.44 0.77
746376.81 11119.44 0.77
746376.81 11119.44 0.77
746376.81 11119.44 0.77
746376.81 11119.44 0.77
746376.81 11119.44 0.77
746376.81 11119.44 0.77
746376.81 11119.44 0.77
746376.81 11119.44 0.77
746376.81 11119.44 0.77
746376.81 11119.44 0.77
746376.81 11119.44 0.77
746376.81 11119.44 0.77
746376.81 11119.44 0.77
746376.81 11119.44 0.77
746376.81 11119.44 0.77
744234.69 11182.51 0.84
744234.69 11182.51 0.84
744234.69 11182.51 0.84
744234.69 11182.51 0.84
744234.69 11182.51 0.84
744234.69 11182.51 0.84
744234.69 11182.51 0.84
744234.69 11182.51 0.84
744234.69 11182.51 0.84
744234.69 11182.51 0.84
763825.19 11599.44 0.77
763825.19 11599.44 0.77
763825.19 11599.44 0.77
763825.19 11599.44 0.77
763825.19 11599.44 0.77
763825.19 11599.44 0.77
763825.19 11599.44 0.77
763825.19 11599.44 0.77
763825.19 11599.44 0.77
763825.19 11599.44 0.77
763825.19 11599.44 0.77
763825.19 11599.44 0.77
763825.19 11599.44 0.77
763825.19 11599.44 0.77
763825.19 11599.44 0.77
761619.31 11662.51 0.84
734481.12 11412.78 0.91
734481.12 11412.78 0.91
734481.12 11412.78 0.91
734481.12 11412.78 0.91
734481.12 11412.78 0.91
734481.12 11412.78 0.91
734481.12 11412.78 0.91
734481.12 11412.78 0.91
734481.12 11412.78 0.91
734481.12 11412.78 0.91
734481.12 11412.78 0.91
734481.12 11412.78 0.91
734481.12 11412.78 0.91
734481.12 11412.78 0.91
734481.12 11412.78 0.91
734481.12 11412.78 0.91
734481.12 11412.78 0.91
734481.12 11412.78 0.91
734481.12 11412.78 0.91
734481.12 11412.78 0.91
734481.12 11412.78 0.91
734481.12 11412.78 0.91
734481.12 11412.78 0.91
734481.12 11412.78 0.91
734481.12 11412.78 0.91
734481.12 11412.78 0.91
734481.12 11412.78 0.91
734481.12 11412.78 0.91
734481.12 11412.78 0.91
734481.12 11412.78 0.91
734481.12 11412.78 0.91
734481.12 11412.78 0.91
734481.12 11412.78 0.91
734481.12 11412.78 0.91
734481.12 11412.78 0.91
734481.12 11412.78 0.91
730503.81 11313.61 0.92
730503.81 11313.61 0.92
720819.12 11579.88 1.10
720819.12 11579.88 1.10
720819.12 11579.88 1.10
720819.12 11579.88 1.10
720819.12 11579.88 1.10
720819.12 11579.88 1.10
720819.12 11579.88 1.10
720819.12 11579.88 1.10
720819.12 11579.88 1.10
720819.12 11579.88 1.10
720819.12 11579.88 1.10
720819.12 11579.88 1.10
720819.12 11579.88 1.10
720819.12 11579.88 1.10
720819.12 11579.88 1.10
720819.12 11579.88 1.10
720819.12 11579.88 1.10
720819.12 11579.88 1.10
720819.12 11579.88 1.10
720819.12 11579.88 1.10
720819.12 11579.88 1.10
720819.12 11579.88 1.10
720819.12 11579.88 1.10
720819.12 11579.88 1.10
720819.12 11579.88 1.10
720819.12 11579.88 1.10
730497.44 10929.44 0.77
730497.44 10929.44 0.77
730497.44 10929.44 0.77
730497.44 10929.44 0.77
730497.44 10929.44 0.77
730497.44 10929.44 0.77
730497.44 10929.44 0.77
730497.44 10929.44 0.77
730497.44 10929.44 0.77
730497.44 10929.44 0.77
730497.44 10929.44 0.77
730497.44 10929.44 0.77
730497.44 10929.44 0.77
730497.44 10929.44 0.77
730497.44 10929.44 0.77
730497.44 10929.44 0.77
730497.44 10929.44 0.77
730497.44 10929.44 0.77
730497.44 10929.44 0.77
730497.44 10929.44 0.77
730497.44 10929.44 0.77
730497.44 10929.44 0.77
730497.44 10929.44 0.77
730497.44 10929.44 0.77
730497.44 10929.44 0.77
730497.44 10929.44 0.77
730497.44 10929.44 0.77
730497.44 10929.44 0.77
730497.44 10929.44 0.77
730497.44 10929.44 0.77
730497.44 10929.44 0.77
730497.44 10929.44 0.77
730497.44 10929.44 0.77
730497.44 10929.44 0.77
730497.44 10929.44 0.77
730497.44 10929.44 0.77
730497.44 10929.44 0.77
730497.44 10929.44 0.77
730497.44 10929.44 0.77
730497.44 10929.44 0.77
730497.44 10929.44 0.77
730497.44 10929.44 0.77
730497.44 10929.44 0.77
730497.44 10929.44 0.77
730497.44 10929.44 0.77
730497.44 10929.44 0.77
730497.44 10929.44 0.77
730497.44 10929.44 0.77
730497.44 10929.44 0.77
730497.44 10929.44 0.77
730497.44 10929.44 0.77
730497.44 10929.44 0.77
730497.44 10929.44 0.77
730497.44 10929.44 0.77
730497.44 10929.44 0.77
730497.44 10929.44 0.77
730497.44 10929.44 0.77
730497.44 10929.44 0.77
730497.44 10929.44 0.77
730497.44 10929.44 0.77
730497.44 10929.44 0.77
730497.44 10929.44 0.77
730497.44 10929.44 0.77
730497.44 10929.44 0.77
730497.44 10929.44 0.77
730497.44 10929.44 0.77
730497.44 10929.44 0.77
730497.44 10929.44 0.77
730497.44 10929.44 0.77
730497.44 10929.44 0.77
728380.56 10992.51 0.84
728380.56 10992.51 0.84
728380.56 10992.51 0.84
728380.56 10992.51 0.84
728380.56 10992.51 0.84
728380.56 10992.51 0.84
728380.56 10992.51 0.84
728380.56 10992.51 0.84
728380.56 10992.51 0.84
728380.56 10992.51 0.84
785366.50 11669.44 0.77
784832.50 11974.44 0.77
785366.50 11669.44 0.77
785366.50 11669.44 0.77
785366.50 11669.44 0.77
785366.50 11669.44 0.77
785366.50 11669.44 0.77
785366.50 11669.44 0.77
785366.50 11669.44 0.77
785366.50 11669.44 0.77
784832.50 11974.44 0.77
785366.50 11669.44 0.77
785366.50 11669.44 0.77
785366.50 11669.44 0.77
785366.50 11669.44 0.77
785366.50 11669.44 0.77
785366.50 11669.44 0.77
785366.50 11669.44 0.77
785366.50 11669.44 0.77
785366.50 11669.44 0.77
784832.50 11974.44 0.77
784832.50 11974.44 0.77
784832.50 11974.44 0.77
784832.50 11974.44 0.77
784832.50 11974.44 0.77
784832.50 11974.44 0.77
784832.50 11974.44 0.77
784832.50 11974.44 0.77
784832.50 11974.44 0.77
784832.50 11974.44 0.77
785366.50 11669.44 0.77
784832.50 11974.44 0.77
784832.50 11974.44 0.77
784832.50 11974.44 0.77
784832.50 11974.44 0.77
784832.50 11974.44 0.77
784832.50 11974.44 0.77
784832.50 11974.44 0.77
784832.50 11974.44 0.77
784832.50 11974.44 0.77
785366.50 11669.44 0.77
785366.50 11669.44 0.77
785366.50 11669.44 0.77
785366.50 11669.44 0.77
785366.50 11669.44 0.77
785366.50 11669.44 0.77
785366.50 11669.44 0.77
785366.50 11669.44 0.77
785366.50 11669.44 0.77
785366.50 11669.44 0.77
785366.50 11669.44 0.77
785366.50 11669.44 0.77
785366.50 11669.44 0.77
785366.50 11669.44 0.77
785366.50 11669.44 0.77
785366.50 11669.44 0.77
785366.50 11669.44 0.77
784832.50 11974.44 0.77
784832.50 11974.44 0.77
784832.50 11974.44 0.77
785366.50 11669.44 0.77
785366.50 11669.44 0.77
785366.50 11669.44 0.77
785366.50 11669.44 0.77
785366.50 11669.44 0.77
785366.50 11669.44 0.77
785366.50 11669.44 0.77
785366.50 11669.44 0.77
785366.50 11669.44 0.77
785366.50 11669.44 0.77
785366.50 11669.44 0.77
785366.50 11669.44 0.77
785366.50 11669.44 0.77
785366.50 11669.44 0.77
785366.50 11669.44 0.77
785366.50 11669.44 0.77
785366.50 11669.44 0.77
785366.50 11669.44 0.77
785366.50 11669.44 0.77
782576.81 12037.51 0.84
782315.62 11799.44 0.77
782315.62 11799.44 0.77
782315.62 11799.44 0.77
782315.62 11799.44 0.77
782315.62 11799.44 0.77
782315.62 11799.44 0.77
782315.62 11799.44 0.77
782315.62 11799.44 0.77
782315.62 11799.44 0.77
782315.62 11799.44 0.77
782315.62 11799.44 0.77
782315.62 11799.44 0.77
782315.62 11799.44 0.77
782315.62 11799.44 0.77
782315.62 11799.44 0.77
782315.62 11799.44 0.77
782315.62 11799.44 0.77
782315.62 11799.44 0.77
782315.62 11799.44 0.77
782315.62 11799.44 0.77
779027.25 12089.44 0.77
779027.25 12089.44 0.77
779027.25 12089.44 0.77
779027.25 12089.44 0.77
779027.25 12089.44 0.77
779027.25 12089.44 0.77
779027.25 12089.44 0.77
779027.25 12089.44 0.77
779027.25 12089.44 0.77
779027.25 12089.44 0.77
782560.06 11599.44 0.77
779027.25 12089.44 0.77
779027.25 12089.44 0.77
779027.25 12089.44 0.77
779027.25 12089.44 0.77
779027.25 12089.44 0.77
782315.62 11799.44 0.77
782315.62 11799.44 0.77
782315.62 11799.44 0.77
782315.62 11799.44 0.77
782315.62 11799.44 0.77
782315.62 11799.44 0.77
782315.62 11799.44 0.77
782315.62 11799.44 0.77
782315.62 11799.44 0.77
782315.62 11799.44 0.77
782315.62 11799.44 0.77
782315.62 11799.44 0.77
782315.62 11799.44 0.77
782315.62 11799.44 0.77
782315.62 11799.44 0.77
782315.62 11799.44 0.77
782315.62 11799.44 0.77
782315.62 11799.44 0.77
782315.62 11799.44 0.77
782315.62 11799.44 0.77
782315.62 11799.44 0.77
782560.06 11599.44 0.77
782315.62 11799.44 0.77
782315.62 11799.44 0.77
782315.62 11799.44 0.77
782315.62 11799.44 0.77
782315.62 11799.44 0.77
782315.62 11799.44 0.77
782315.62 11799.44 0.77
782315.62 11799.44 0.77
782315.62 11799.44 0.77
782315.62 11799.44 0.77
782315.62 11799.44 0.77
782315.62 11799.44 0.77
782315.62 11799.44 0.77
782315.62 11799.44 0.77
782315.62 11799.44 0.77
782315.62 11799.44 0.77
782315.62 11799.44 0.77
782315.62 11799.44 0.77
782315.62 11799.44 0.77
780083.19 11862.51 0.84
780083.19 11862.51 0.84
780083.19 11862.51 0.84
789682.50 11519.44 0.77
789682.50 11519.44 0.77
789682.50 11519.44 0.77
789682.50 11519.44 0.77
788051.38 11554.44 0.77
788051.38 11554.44 0.77
779822.69 11647.78 0.91
779822.69 11647.78 0.91
779822.69 11647.78 0.91
779822.69 11647.78 0.91
779822.69 11647.78 0.91
779822.69 11647.78 0.91
779822.69 11647.78 0.91
779822.69 11647.78 0.91
779822.69 11647.78 0.91
779822.69 11647.78 0.91
779822.69 11647.78 0.91
779822.69 11647.78 0.91
779822.69 11647.78 0.91
779822.69 11647.78 0.91
781453.88 11612.78 0.91
781453.88 11612.78 0.91
781453.88 11612.78 0.91
781453.88 11612.78 0.91
779822.69 11647.78 0.91
779822.69 11647.78 0.91
779822.69 11647.78 0.91
779822.69 11647.78 0.91
779822.69 11647.78 0.91
779822.69 11647.78 0.91
779822.69 11647.78 0.91
779822.69 11647.78 0.91
779822.69 11647.78 0.91
779822.69 11647.78 0.91
779822.69 11647.78 0.91
779822.69 11647.78 0.91
779822.69 11647.78 0.91
779822.69 11647.78 0.91
779822.69 11647.78 0.91
781453.88 11612.78 0.91
779822.69 11647.78 0.91
779822.69 11647.78 0.91
781453.88 11612.78 0.91
781453.88 11612.78 0.91
781453.88 11612.78 0.91
781453.88 11612.78 0.91
781453.88 11612.78 0.91
781453.88 11612.78 0.91
781453.88 11612.78 0.91
781453.88 11612.78 0.91
781453.88 11612.78 0.91
781453.88 11612.78 0.91
781453.88 11612.78 0.91
781453.88 11612.78 0.91
781453.88 11612.78 0.91
779822.69 11647.78 0.91
779822.69 11647.78 0.91
779822.69 11647.78 0.91
779822.69 11647.78 0.91
779822.69 11647.78 0.91
781453.88 11612.78 0.91
781453.88 11612.78 0.91
781453.88 11612.78 0.91
781453.88 11612.78 0.91
781453.88 11612.78 0.91
781453.88 11612.78 0.91
781453.88 11612.78 0.91
781453.88 11612.78 0.91
781453.88 11612.78 0.91
781453.88 11612.78 0.91
781453.88 11612.78 0.91
781453.88 11612.78 0.91
781453.88 11612.78 0.91
781453.88 11612.78 0.91
781453.88 11612.78 0.91
781453.88 11612.78 0.91
778156.38 11513.61 0.92
778156.38 11513.61 0.92
776525.25 11548.61 0.92
776525.25 11548.61 0.92
729090.88 10824.44 0.77
706182.62 10637.78 0.91
706182.62 10637.78 0.91
706182.62 10637.78 0.91
706182.62 10637.78 0.91
706182.62 10637.78 0.91
706182.62 10637.78 0.91
706182.62 10637.78 0.91
706182.62 10637.78 0.91
706182.62 10637.78 0.91
706182.62 10637.78 0.91
706182.62 10637.78 0.91
706182.62 10637.78 0.91
706182.62 10637.78 0.91
706182.62 10637.78 0.91
706182.62 10637.78 0.91
706182.62 10637.78 0.91
706182.62 10637.78 0.91
706182.62 10637.78 0.91
706182.62 10637.78 0.91
706182.62 10637.78 0.91
706182.62 10637.78 0.91
706182.62 10637.78 0.91
706182.62 10637.78 0.91
706182.62 10637.78 0.91
706182.62 10637.78 0.91
706182.62 10637.78 0.91
706182.62 10637.78 0.91
706182.62 10637.78 0.91
706182.62 10637.78 0.91
706182.62 10637.78 0.91
706182.62 10637.78 0.91
706182.62 10637.78 0.91
706182.62 10637.78 0.91
706182.62 10637.78 0.91
706182.62 10637.78 0.91
706182.62 10637.78 0.91
706182.62 10637.78 0.91
706182.62 10637.78 0.91
706182.62 10637.78 0.91
706182.62 10637.78 0.91
706182.62 10637.78 0.91
706182.62 10637.78 0.91
706182.62 10637.78 0.91
706182.62 10637.78 0.91
706182.62 10637.78 0.91
706182.62 10637.78 0.91
706182.62 10637.78 0.91
706182.62 10637.78 0.91
706182.62 10637.78 0.91
706182.62 10637.78 0.91
706182.62 10637.78 0.91
706182.62 10637.78 0.91
702888.00 10538.61 0.92
702888.00 10538.61 0.92
702888.00 10538.61 0.92
702888.00 10538.61 0.92
702888.00 10538.61 0.92
702888.00 10538.61 0.92
702888.00 10538.61 0.92
702888.00 10538.61 0.92
702888.00 10538.61 0.92
702888.00 10538.61 0.92
702888.00 10538.61 0.92
702888.00 10538.61 0.92
702888.00 10538.61 0.92
702888.00 10538.61 0.92
702888.00 10538.61 0.92
702888.00 10538.61 0.92
702888.00 10538.61 0.92
702888.00 10538.61 0.92
702888.00 10538.61 0.92
702888.00 10538.61 0.92
702888.00 10538.61 0.92
702888.00 10538.61 0.92
702888.00 10538.61 0.92
702888.00 10538.61 0.92
702888.00 10538.61 0.92
702888.00 10538.61 0.92
702888.00 10538.61 0.92
762526.25 11194.44 0.77
762526.25 11194.44 0.77
762526.25 11194.44 0.77
762526.25 11194.44 0.77
762526.25 11194.44 0.77
762526.25 11194.44 0.77
762526.25 11194.44 0.77
762526.25 11194.44 0.77
762526.25 11194.44 0.77
762526.25 11194.44 0.77
762526.25 11194.44 0.77
762526.25 11194.44 0.77
762526.25 11194.44 0.77
762526.25 11194.44 0.77
762526.25 11194.44 0.77
762526.25 11194.44 0.77
762526.25 11194.44 0.77
762526.25 11194.44 0.77
762526.25 11194.44 0.77
762526.25 11194.44 0.77
762526.25 11194.44 0.77
762526.25 11194.44 0.77
762526.25 11194.44 0.77
762526.25 11194.44 0.77
762526.25 11194.44 0.77
762526.25 11194.44 0.77
762526.25 11194.44 0.77
762526.25 11194.44 0.77
762526.25 11194.44 0.77
762526.25 11194.44 0.77
762526.25 11194.44 0.77
762526.25 11194.44 0.77
762526.25 11194.44 0.77
762526.25 11194.44 0.77
762526.25 11194.44 0.77
762526.25 11194.44 0.77
762526.25 11194.44 0.77
762526.25 11194.44 0.77
762526.25 11194.44 0.77
762526.25 11194.44 0.77
762526.25 11194.44 0.77
762526.25 11194.44 0.77
762526.25 11194.44 0.77
762526.25 11194.44 0.77
762526.25 11194.44 0.77
762526.25 11194.44 0.77
762526.25 11194.44 0.77
762526.25 11194.44 0.77
762526.25 11194.44 0.77
762526.25 11194.44 0.77
762526.25 11194.44 0.77
762526.25 11194.44 0.77
762526.25 11194.44 0.77
762526.25 11194.44 0.77
762526.25 11194.44 0.77
762526.25 11194.44 0.77
762526.25 11194.44 0.77
762526.25 11194.44 0.77
762526.25 11194.44 0.77
762526.25 11194.44 0.77
762526.25 11194.44 0.77
762526.25 11194.44 0.77
762526.25 11194.44 0.77
762526.25 11194.44 0.77
762526.25 11194.44 0.77
762526.25 11194.44 0.77
762526.25 11194.44 0.77
762526.25 11194.44 0.77
762526.25 11194.44 0.77
762526.25 11194.44 0.77
762526.25 11194.44 0.77
762526.25 11194.44 0.77
762526.25 11194.44 0.77
762526.25 11194.44 0.77
762526.25 11194.44 0.77
762526.25 11194.44 0.77
760374.12 11257.51 0.84
760374.12 11257.51 0.84
760374.12 11257.51 0.84
760374.12 11257.51 0.84
763172.44 11274.44 0.77
763172.44 11274.44 0.77
763172.44 11274.44 0.77
763172.44 11274.44 0.77
763172.44 11274.44 0.77
763172.44 11274.44 0.77
763172.44 11274.44 0.77
763172.44 11274.44 0.77
763172.44 11274.44 0.77
763172.44 11274.44 0.77
763172.44 11274.44 0.77
778922.31 11204.44 0.77
778922.31 11204.44 0.77
778922.31 11204.44 0.77
778922.31 11204.44 0.77
778922.31 11204.44 0.77
778922.31 11204.44 0.77
778922.31 11204.44 0.77
778922.31 11204.44 0.77
778922.31 11204.44 0.77
759017.00 11449.44 0.77
758744.00 11449.44 0.77
758744.00 11449.44 0.77
758744.00 11449.44 0.77
758744.00 11449.44 0.77
758744.00 11449.44 0.77
758744.00 11449.44 0.77
759017.00 11449.44 0.77
759017.00 11449.44 0.77
759017.00 11449.44 0.77
778922.31 11204.44 0.77
759017.00 11449.44 0.77
759017.00 11449.44 0.77
759017.00 11449.44 0.77
759017.00 11449.44 0.77
763172.44 11274.44 0.77
763172.44 11274.44 0.77
763172.44 11274.44 0.77
763172.44 11274.44 0.77
778922.31 11204.44 0.77
778922.31 11204.44 0.77
778922.31 11204.44 0.77
778922.31 11204.44 0.77
778922.31 11204.44 0.77
778922.31 11204.44 0.77
778922.31 11204.44 0.77
778922.31 11204.44 0.77
778922.31 11204.44 0.77
778922.31 11204.44 0.77
778922.31 11204.44 0.77
778922.31 11204.44 0.77
778922.31 11204.44 0.77
778922.31 11204.44 0.77
778922.31 11204.44 0.77
778922.31 11204.44 0.77
778922.31 11204.44 0.77
778922.31 11204.44 0.77
778922.31 11204.44 0.77
778922.31 11204.44 0.77
778922.31 11204.44 0.77
778922.31 11204.44 0.77
778922.31 11204.44 0.77
778922.31 11204.44 0.77
778922.31 11204.44 0.77
778922.31 11204.44 0.77
778922.31 11204.44 0.77
778922.31 11204.44 0.77
778922.31 11204.44 0.77
778922.31 11204.44 0.77
778922.31 11204.44 0.77
778922.31 11204.44 0.77
778922.31 11204.44 0.77
778922.31 11204.44 0.77
778922.31 11204.44 0.77
778922.31 11204.44 0.77
778922.31 11204.44 0.77
778922.31 11204.44 0.77
776768.88 11267.51 0.84
756558.00 11512.51 0.84
776768.88 11267.51 0.84
741084.88 11489.44 0.77
741084.88 11489.44 0.77
741084.88 11489.44 0.77
741084.88 11489.44 0.77
741084.88 11489.44 0.77
741084.88 11489.44 0.77
741084.88 11489.44 0.77
741084.88 11489.44 0.77
741084.88 11489.44 0.77
741084.88 11489.44 0.77
741084.88 11489.44 0.77
741084.88 11489.44 0.77
741084.88 11489.44 0.77
741084.88 11489.44 0.77
741084.88 11489.44 0.77
741084.88 11489.44 0.77
741084.88 11489.44 0.77
741084.88 11489.44 0.77
741084.88 11489.44 0.77
741084.88 11489.44 0.77
741084.88 11489.44 0.77
738509.75 11564.44 0.77
741084.88 11489.44 0.77
741084.88 11489.44 0.77
741084.88 11489.44 0.77
741084.88 11489.44 0.77
741084.88 11489.44 0.77
741084.88 11489.44 0.77
741084.88 11489.44 0.77
741084.88 11489.44 0.77
746712.00 11444.44 0.77
741084.88 11489.44 0.77
741084.88 11489.44 0.77
741084.88 11489.44 0.77
741084.88 11489.44 0.77
741084.88 11489.44 0.77
741084.88 11489.44 0.77
741084.88 11489.44 0.77
741084.88 11489.44 0.77
741084.88 11489.44 0.77
746712.00 11444.44 0.77
746712.00 11444.44 0.77
746712.00 11444.44 0.77
746712.00 11444.44 0.77
746712.00 11444.44 0.77
746712.00 11444.44 0.77
746712.00 11444.44 0.77
746712.00 11444.44 0.77
746712.00 11444.44 0.77
746712.00 11444.44 0.77
741084.88 11489.44 0.77
746712.00 11444.44 0.77
746712.00 11444.44 0.77
746712.00 11444.44 0.77
746712.00 11444.44 0.77
746712.00 11444.44 0.77
746712.00 11444.44 0.77
746712.00 11444.44 0.77
746712.00 11444.44 0.77
746712.00 11444.44 0.77
746712.00 11444.44 0.77
741084.88 11489.44 0.77
741084.88 11489.44 0.77
741084.88 11489.44 0.77
741084.88 11489.44 0.77
746712.00 11444.44 0.77
746712.00 11444.44 0.77
746712.00 11444.44 0.77
746712.00 11444.44 0.77
746712.00 11444.44 0.77
746712.00 11444.44 0.77
746712.00 11444.44 0.77
746712.00 11444.44 0.77
746712.00 11444.44 0.77
746712.00 11444.44 0.77
746712.00 11444.44 0.77
746712.00 11444.44 0.77
746712.00 11444.44 0.77
746712.00 11444.44 0.77
746712.00 11444.44 0.77
726218.81 10849.44 0.77
726218.81 10849.44 0.77
703310.56 10662.78 0.91
703310.56 10662.78 0.91
703310.56 10662.78 0.91
703310.56 10662.78 0.91
703310.56 10662.78 0.91
703310.56 10662.78 0.91
703310.56 10662.78 0.91
703310.56 10662.78 0.91
703310.56 10662.78 0.91
703310.56 10662.78 0.91
703310.56 10662.78 0.91
703310.56 10662.78 0.91
703310.56 10662.78 0.91
703310.56 10662.78 0.91
703310.56 10662.78 0.91
703310.56 10662.78 0.91
703310.56 10662.78 0.91
703310.56 10662.78 0.91
703310.56 10662.78 0.91
703310.56 10662.78 0.91
703310.56 10662.78 0.91
700015.88 10563.61 0.92
700015.88 10563.61 0.92
700015.88 10563.61 0.92
700015.88 10563.61 0.92
700015.88 10563.61 0.92
700015.88 10563.61 0.92
700015.88 10563.61 0.92
700015.88 10563.61 0.92
700015.88 10563.61 0.92
700015.88 10563.61 0.92
700015.88 10563.61 0.92
700015.88 10563.61 0.92
700015.88 10563.61 0.92
700015.88 10563.61 0.92
700015.88 10563.61 0.92
700015.88 10563.61 0.92
700015.88 10563.61 0.92
700015.88 10563.61 0.92
700015.88 10563.61 0.92
700015.88 10563.61 0.92
700015.88 10563.61 0.92
700015.88 10563.61 0.92
700015.88 10563.61 0.92
700015.88 10563.61 0.92
700015.88 10563.61 0.92
700015.88 10563.61 0.92
700015.88 10563.61 0.92
700015.88 10563.61 0.92
700015.88 10563.61 0.92
700015.88 10563.61 0.92
700015.88 10563.61 0.92
700015.88 10563.61 0.92
700015.88 10563.61 0.92
700015.88 10563.61 0.92
700015.88 10563.61 0.92
700015.88 10563.61 0.92
700015.88 10563.61 0.92
700015.88 10563.61 0.92
700015.88 10563.61 0.92
700015.88 10563.61 0.92
700015.88 10563.61 0.92
700015.88 10563.61 0.92
700015.88 10563.61 0.92
700015.88 10563.61 0.92
700015.88 10563.61 0.92
700015.88 10563.61 0.92
700015.88 10563.61 0.92
700015.88 10563.61 0.92
700015.88 10563.61 0.92
700015.88 10563.61 0.92
700015.88 10563.61 0.92
700015.88 10563.61 0.92
700015.88 10563.61 0.92
700015.88 10563.61 0.92
700015.88 10563.61 0.92
700015.88 10563.61 0.92
700015.88 10563.61 0.92
768997.94 11834.44 0.77
771559.94 11759.44 0.77
742224.31 11572.78 0.91
742224.31 11572.78 0.91
742224.31 11572.78 0.91
742224.31 11572.78 0.91
742224.31 11572.78 0.91
742224.31 11572.78 0.91
742224.31 11572.78 0.91
742224.31 11572.78 0.91
742224.31 11572.78 0.91
742224.31 11572.78 0.91
742224.31 11572.78 0.91
742224.31 11572.78 0.91
742224.31 11572.78 0.91
742224.31 11572.78 0.91
742224.31 11572.78 0.91
742224.31 11572.78 0.91
742224.31 11572.78 0.91
742224.31 11572.78 0.91
742224.31 11572.78 0.91
742224.31 11572.78 0.91
742224.31 11572.78 0.91
742224.31 11572.78 0.91
742224.31 11572.78 0.91
742224.31 11572.78 0.91
742224.31 11572.78 0.91
742224.31 11572.78 0.91
742224.31 11572.78 0.91
742224.31 11572.78 0.91
742224.31 11572.78 0.91
742224.31 11572.78 0.91
742224.31 11572.78 0.91
742224.31 11572.78 0.91
742224.31 11572.78 0.91
742224.31 11572.78 0.91
738257.38 11473.61 0.92
738257.38 11473.61 0.92
738257.38 11473.61 0.92
738257.38 11473.61 0.92
738257.38 11473.61 0.92
738257.38 11473.61 0.92
738257.38 11473.61 0.92
738257.38 11473.61 0.92
738257.38 11473.61 0.92
738257.38 11473.61 0.92
738257.38 11473.61 0.92
738257.38 11473.61 0.92
738257.38 11473.61 0.92
738257.38 11473.61 0.92
738257.38 11473.61 0.92
738257.38 11473.61 0.92
738257.38 11473.61 0.92
738257.38 11473.61 0.92
738257.38 11473.61 0.92
738257.38 11473.61 0.92
738257.38 11473.61 0.92
738257.38 11473.61 0.92
738257.38 11473.61 0.92
738257.38 11473.61 0.92
738257.38 11473.61 0.92
738257.38 11473.61 0.92
738257.38 11473.61 0.92
738257.38 11473.61 0.92
738257.38 11473.61 0.92
738257.38 11473.61 0.92
738257.38 11473.61 0.92
738257.38 11473.61 0.92
738257.38 11473.61 0.92
738257.38 11473.61 0.92
738257.38 11473.61 0.92
738257.38 11473.61 0.92
738257.38 11473.61 0.92
738257.38 11473.61 0.92
738257.38 11473.61 0.92
738257.38 11473.61 0.92
738257.38 11473.61 0.92
738257.38 11473.61 0.92
738257.38 11473.61 0.92
738257.38 11473.61 0.92