875254.00 12829.76 0.91
846149.88 12382.23 1.08
882897.00 12361.87 6.35
849199.12 12296.05 6.36
871172.94 12983.87 0.98
960035.19 14006.08 0.91
960035.19 14006.08 0.91
960035.19 14006.08 0.91
960035.19 14006.08 0.91
960035.19 14006.08 0.91
960035.19 14006.08 0.91
960035.19 14006.08 0.91
960035.19 14006.08 0.91
960035.19 14006.08 0.91
960035.19 14006.08 0.91
960035.19 14006.08 0.91
960035.19 14006.08 0.91
960035.19 14006.08 0.91
960035.19 14006.08 0.91
960035.19 14006.08 0.91
960035.19 14006.08 0.91
960035.19 14006.08 0.91
960035.19 14006.08 0.91
960035.19 14006.08 0.91
960035.19 14006.08 0.91
960035.19 14006.08 0.91
960035.19 14006.08 0.91
960035.19 14006.08 0.91
960035.19 14006.08 0.91
960035.19 14006.08 0.91
960035.19 14006.08 0.91
960035.19 14006.08 0.91
960035.19 14006.08 0.91
960035.19 14006.08 0.91
960035.19 14006.08 0.91
960035.19 14006.08 0.91
960035.19 14006.08 0.91
960035.19 14006.08 0.91
960035.19 14006.08 0.91
960035.19 14006.08 0.91
960035.19 14006.08 0.91
960035.19 14006.08 0.91
960035.19 14006.08 0.91
960035.19 14006.08 0.91
960035.19 14006.08 0.91
960035.19 14006.08 0.91
960035.19 14006.08 0.91
960035.19 14006.08 0.91
960035.19 14006.08 0.91
960035.19 14006.08 0.91
960035.19 14006.08 0.91
960035.19 14006.08 0.91
960035.19 14006.08 0.91
960035.19 14006.08 0.91
960035.19 14006.08 0.91
960035.19 14006.08 0.91
960035.19 14006.08 0.91
960035.19 14006.08 0.91
960035.19 14006.08 0.91
960035.19 14006.08 0.91
960035.19 14006.08 0.91
960035.19 14006.08 0.91
973276.50 13868.78 1.01
973276.50 13868.78 1.01
973276.50 13868.78 1.01
973276.50 13868.78 1.01
973276.50 13868.78 1.01
973276.50 13868.78 1.01
973276.50 13868.78 1.01
973276.50 13868.78 1.01
973276.50 13868.78 1.01
973276.50 13868.78 1.01
973276.50 13868.78 1.01
973276.50 13868.78 1.01
973276.50 13868.78 1.01
973276.50 13868.78 1.01
973276.50 13868.78 1.01
973276.50 13868.78 1.01
973276.50 13868.78 1.01
973276.50 13868.78 1.01
973276.50 13868.78 1.01
973276.50 13868.78 1.01
973276.50 13868.78 1.01
973276.50 13868.78 1.01
973276.50 13868.78 1.01
900731.38 13248.11 0.91
903540.38 13073.50 0.91
895267.25 13170.80 1.00
891979.56 13120.37 1.04
891979.56 13120.37 1.04
891979.56 13120.37 1.04
891979.56 13120.37 1.04
891979.56 13120.37 1.04
891979.56 13120.37 1.04
891979.56 13120.37 1.04
891979.56 13120.37 1.04
891979.56 13120.37 1.04
891979.56 13120.37 1.04
891979.56 13120.37 1.04
891979.56 13120.37 1.04
889167.56 13294.98 1.11
889167.56 13294.98 1.11
889167.56 13294.98 1.11
889167.56 13294.98 1.11
889167.56 13294.98 1.11
889167.56 13294.98 1.11
889167.56 13294.98 1.11
889167.56 13294.98 1.11
889167.56 13294.98 1.11
881907.62 13269.55 1.15
881907.62 13269.55 1.15
881907.62 13269.55 1.15
881907.62 13269.55 1.15
879093.19 13444.17 1.22
879093.19 13444.17 1.22
879093.19 13444.17 1.22
864788.62 13145.08 1.50
864788.62 13145.08 1.50
864788.62 13145.08 1.50
864788.62 13145.08 1.50
864788.62 13145.08 1.50
864788.62 13145.08 1.50
864788.62 13145.08 1.50
864788.62 13145.08 1.50
864788.62 13145.08 1.50
864788.62 13145.08 1.50
864788.62 13145.08 1.50
864788.62 13145.08 1.50
864788.62 13145.08 1.50
864788.62 13145.08 1.50
864788.62 13145.08 1.50
864788.62 13145.08 1.50
864788.62 13145.08 1.50
864788.62 13145.08 1.50
864788.62 13145.08 1.50
864788.62 13145.08 1.50
864788.62 13145.08 1.50
864788.62 13145.08 1.50
864788.62 13145.08 1.50
864788.62 13145.08 1.50
864788.62 13145.08 1.50
864788.62 13145.08 1.50
864788.62 13145.08 1.50
864788.62 13145.08 1.50
864788.62 13145.08 1.50
864788.62 13145.08 1.50
864788.62 13145.08 1.50
864788.62 13145.08 1.50
864788.62 13145.08 1.50
864788.62 13145.08 1.50
864788.62 13145.08 1.50
861970.62 13319.70 1.58
861970.62 13319.70 1.58
861970.62 13319.70 1.58
861970.62 13319.70 1.58
861970.62 13319.70 1.58
861970.62 13319.70 1.58
861970.62 13319.70 1.58
861970.62 13319.70 1.58
861970.62 13319.70 1.58
861970.62 13319.70 1.58
861970.62 13319.70 1.58
861970.62 13319.70 1.58
861970.62 13319.70 1.58
861970.62 13319.70 1.58
890731.38 14548.37 0.88
890731.38 14548.37 0.88
890731.38 14548.37 0.88
890731.38 14548.37 0.88
890731.38 14548.37 0.88
890731.38 14548.37 0.88
890731.38 14548.37 0.88
890731.38 14548.37 0.88
890731.38 14548.37 0.88
890731.38 14548.37 0.88
890731.38 14548.37 0.88
890731.38 14548.37 0.88
890731.38 14548.37 0.88
890731.38 14548.37 0.88
890731.38 14548.37 0.88
890731.38 14548.37 0.88
890731.38 14548.37 0.88
890731.38 14548.37 0.88
890731.38 14548.37 0.88
890731.38 14548.37 0.88
890731.38 14548.37 0.88
890731.38 14548.37 0.88
890731.38 14548.37 0.88
890731.38 14548.37 0.88
890731.38 14548.37 0.88
890731.38 14548.37 0.88
890731.38 14548.37 0.88
890731.38 14548.37 0.88
890731.38 14548.37 0.88
890731.38 14548.37 0.88
890731.38 14548.37 0.88
890731.38 14548.37 0.88
890731.38 14548.37 0.88
890731.38 14548.37 0.88
890731.38 14548.37 0.88
890731.38 14548.37 0.88
890731.38 14548.37 0.88
890731.38 14548.37 0.88
890731.38 14548.37 0.88
890731.38 14548.37 0.88
890731.38 14548.37 0.88
890731.38 14548.37 0.88
890731.38 14548.37 0.88
890731.38 14548.37 0.88
890731.38 14548.37 0.88
907110.88 14128.75 0.88
905033.06 14303.37 0.88
905033.06 14303.37 0.88
905033.06 14303.37 0.88
905033.06 14303.37 0.88
905033.06 14303.37 0.88
905033.06 14303.37 0.88
905033.06 14303.37 0.88
905033.06 14303.37 0.88
905033.06 14303.37 0.88
907110.88 14128.75 0.88
905033.06 14303.37 0.88
907110.88 14128.75 0.88
907110.88 14128.75 0.88
907110.88 14128.75 0.88
907110.88 14128.75 0.88
907110.88 14128.75 0.88
907110.88 14128.75 0.88
907452.62 14064.30 0.88
907452.62 14064.30 0.88
907452.62 14064.30 0.88
905033.06 14303.37 0.88
890731.38 14548.37 0.88
890731.38 14548.37 0.88
890731.38 14548.37 0.88
890731.38 14548.37 0.88
890731.38 14548.37 0.88
890731.38 14548.37 0.88
890731.38 14548.37 0.88
890731.38 14548.37 0.88
890731.38 14548.37 0.88
892809.19 14373.75 0.88
892809.19 14373.75 0.88
892809.19 14373.75 0.88
892809.19 14373.75 0.88
881447.12 13713.00 1.78
868417.81 13850.29 1.69
868417.81 13850.29 1.69
868417.81 13850.29 1.69
868417.81 13850.29 1.69
868417.81 13850.29 1.69
868417.81 13850.29 1.69
868417.81 13850.29 1.69
868417.81 13850.29 1.69
868417.81 13850.29 1.69
877066.88 13615.93 5.36
817695.00 14386.35 2.24
877066.88 13615.93 5.36
877066.88 13615.93 5.36
886356.38 13506.14 1.69
877066.88 13615.93 5.36
934570.62 14297.70 1.33
1028953.75 14396.08 1.11
868417.81 13842.42 1.74
881447.12 13713.00 1.78
835337.19 13972.42 5.08
868417.81 13850.29 1.69
868417.81 13842.42 1.74
953506.12 13726.08 1.16
828988.44 14051.65 1.82
899397.19 13368.85 1.69
822678.50 14129.71 1.94
881447.12 13713.00 1.78
868417.81 13850.29 1.69
868417.81 13850.29 1.69
851477.50 13620.95 5.08
921602.44 14050.29 1.37
848081.38 13796.06 4.96
929677.69 14255.57 1.34
868417.81 13850.29 1.69
881447.12 13713.00 1.78
937499.81 13994.52 1.36
881447.12 13713.00 1.78
899397.19 13368.85 1.69
881447.12 13705.12 1.86
868417.81 13850.29 1.69
868417.81 13842.42 1.74
868417.81 13842.42 1.74
868417.81 13842.42 1.74
868417.81 13842.42 1.74
868417.81 13850.29 1.69
881447.12 13705.12 1.86
881447.12 13705.12 1.86
881447.12 13713.00 1.78
881447.12 13713.00 1.78
868417.81 13842.42 1.74
801624.38 14205.42 2.46
801622.25 14514.31 2.80
881447.12 13713.00 1.78
868417.81 13850.29 1.69
868417.81 13842.42 1.74
881447.12 13713.00 1.78
937499.81 13994.52 1.36
881447.12 13705.12 1.86
953506.12 13726.08 1.16
950581.56 13857.23 1.48
868417.81 13842.42 1.74
868417.81 13850.29 1.69
868417.81 13850.29 1.69
881447.12 13705.12 1.86
881447.12 13705.12 1.86
880406.94 13269.60 5.18
953506.12 13726.08 1.16
868417.81 13850.29 1.69
868417.81 13842.42 1.74
886356.38 13506.14 1.69
881447.12 13713.00 1.78
868417.81 13842.42 1.74
886356.38 13506.14 1.69
1043826.19 14960.01 1.35
1050543.88 14883.83 1.35
1043826.19 14960.01 1.35
873300.69 13218.08 1.35
854320.38 12813.08 1.36
854320.38 12813.08 1.36
833979.06 12563.08 1.37
833979.06 12563.08 1.37
833979.06 12563.08 1.37
833979.06 12563.08 1.37
833979.06 12563.08 1.37
833979.06 12563.08 1.37
833979.06 12563.08 1.37
833979.06 12563.08 1.37
833979.06 12563.08 1.37
833979.06 12563.08 1.37
788529.31 12169.72 1.38
788529.31 12169.72 1.38
780130.38 14069.19 3.23
754498.56 13508.39 3.30
754498.56 13508.39 3.30
754498.56 13508.39 3.30
754498.56 13508.39 3.30
754498.56 13508.39 3.30
754498.56 13508.39 3.30
754498.56 13508.39 3.30
754498.56 13508.39 3.30
754498.56 13508.39 3.30
754498.56 13508.39 3.30
754498.56 13508.39 3.30
754498.56 13508.39 3.30
754498.56 13508.39 3.30
754498.56 13508.39 3.30
754498.56 13508.39 3.30
754498.56 13508.39 3.30
754498.56 13508.39 3.30
754498.56 13508.39 3.30
754498.56 13508.39 3.30
754498.56 13508.39 3.30
749364.88 13532.35 3.30
749364.88 13532.35 3.30
749364.88 13532.35 3.30
745073.75 13933.40 3.30
745073.75 13933.40 3.30
745073.75 13933.40 3.30
745073.75 13933.40 3.30
745073.75 13933.40 3.30
758780.81 13107.34 3.30
758780.81 13107.34 3.30
758780.81 13107.34 3.30
758780.81 13107.34 3.30
758780.81 13107.34 3.30
758780.81 13107.34 3.30
758780.81 13107.34 3.30
758780.81 13107.34 3.30
758780.81 13107.34 3.30
758780.81 13107.34 3.30
758780.81 13107.34 3.30
758780.81 13107.34 3.30
758780.81 13107.34 3.30
758780.81 13107.34 3.30
758780.81 13107.34 3.30
758780.81 13107.34 3.30
758780.81 13107.34 3.30
758780.81 13107.34 3.30
758780.81 13107.34 3.30
758780.81 13107.34 3.30
758780.81 13107.34 3.30
758780.81 13107.34 3.30
758780.81 13107.34 3.30
758780.81 13107.34 3.30
758780.81 13107.34 3.30
758780.81 13107.34 3.30
758780.81 13107.34 3.30
758780.81 13107.34 3.30
758780.81 13107.34 3.30
754498.56 13508.39 3.30
754498.56 13508.39 3.30
754498.56 13508.39 3.30
754498.56 13508.39 3.30
897158.88 12978.50 0.91
894348.31 13153.11 0.91
894348.31 13153.11 0.91
894348.31 13153.11 0.91
894348.31 13153.11 0.91
894348.31 13153.11 0.91
894348.31 13153.11 0.91
894348.31 13153.11 0.91
894348.31 13153.11 0.91
894348.31 13153.11 0.91
897158.88 12978.50 0.91
894348.31 13153.11 0.91
897158.88 12978.50 0.91
897158.88 12978.50 0.91
897158.88 12978.50 0.91
897158.88 12978.50 0.91
897158.88 12978.50 0.91
897158.88 12978.50 0.91
897158.88 12978.50 0.91
897158.88 12978.50 0.91
897158.88 12978.50 0.91
894348.31 13153.11 0.91
894348.31 13153.11 0.91
894348.31 13153.11 0.91
894348.31 13153.11 0.91
894348.31 13153.11 0.91
894348.31 13153.11 0.91
894348.31 13153.11 0.91
894348.31 13153.11 0.91
894348.31 13153.11 0.91
894348.31 13153.11 0.91
897158.88 12978.50 0.91
894348.31 13153.11 0.91
894348.31 13153.11 0.91
894348.31 13153.11 0.91
894348.31 13153.11 0.91
894348.31 13153.11 0.91
894348.31 13153.11 0.91
894348.31 13153.11 0.91
894348.31 13153.11 0.91
894348.31 13153.11 0.91
897158.88 12978.50 0.91
897158.88 12978.50 0.91
897158.88 12978.50 0.91
897158.88 12978.50 0.91
897158.88 12978.50 0.91
897158.88 12978.50 0.91
897158.88 12978.50 0.91
897158.88 12978.50 0.91
897158.88 12978.50 0.91
897158.88 12978.50 0.91
897158.88 12978.50 0.91
897158.88 12978.50 0.91
897158.88 12978.50 0.91
897158.88 12978.50 0.91
897158.88 12978.50 0.91
897158.88 12978.50 0.91
894348.31 13153.11 0.91
894348.31 13153.11 0.91
894348.31 13153.11 0.91
894348.31 13153.11 0.91
897158.88 12978.50 0.91
897158.88 12978.50 0.91
897158.88 12978.50 0.91
897158.88 12978.50 0.91
897158.88 12978.50 0.91
897158.88 12978.50 0.91
897158.88 12978.50 0.91
897158.88 12978.50 0.91
897158.88 12978.50 0.91
897158.88 12978.50 0.91
897158.88 12978.50 0.91
897158.88 12978.50 0.91
897158.88 12978.50 0.91
897158.88 12978.50 0.91
897158.88 12978.50 0.91
897158.88 12978.50 0.91
897158.88 12978.50 0.91
897158.88 12978.50 0.91
897158.88 12978.50 0.91
888867.06 13668.11 0.91
887999.38 13673.11 0.91
845019.50 13725.95 1.11
859231.81 13679.53 1.11
858364.75 13684.53 1.11
845886.56 13720.95 1.11
845886.56 13720.95 1.11
845886.56 13720.95 1.11
845019.50 13725.95 1.11
834890.44 13719.89 1.13
834890.44 13719.89 1.13
834023.38 13724.89 1.13
834023.38 13724.89 1.13
791423.19 13406.22 1.17
791423.19 13406.22 1.17
791423.19 13406.22 1.17
791423.19 13406.22 1.17
791423.19 13406.22 1.17
791423.19 13406.22 1.17
791423.19 13406.22 1.17
791423.19 13406.22 1.17
791423.19 13406.22 1.17
791423.19 13406.22 1.17
791423.19 13406.22 1.17
791423.19 13406.22 1.17
791423.19 13406.22 1.17
791423.19 13406.22 1.17
791423.19 13406.22 1.17
791423.19 13406.22 1.17
791423.19 13406.22 1.17
791423.19 13406.22 1.17
791423.19 13406.22 1.17
791423.19 13406.22 1.17
791423.19 13406.22 1.17
791423.19 13406.22 1.17
791423.19 13406.22 1.17
791423.19 13406.22 1.17
791423.19 13406.22 1.17
791423.19 13406.22 1.17
791423.19 13406.22 1.17
791423.19 13406.22 1.17
791423.19 13406.22 1.17
791423.19 13406.22 1.17
791423.19 13406.22 1.17
791423.19 13406.22 1.17
815886.44 13365.86 1.17
815886.44 13365.86 1.17
815886.44 13365.86 1.17
815886.44 13365.86 1.17
815886.44 13365.86 1.17
815886.44 13365.86 1.17
815886.44 13365.86 1.17
815886.44 13365.86 1.17
815886.44 13365.86 1.17
815886.44 13365.86 1.17
815886.44 13365.86 1.17
815886.44 13365.86 1.17
815886.44 13365.86 1.17
815886.44 13365.86 1.17
815886.44 13365.86 1.17
815886.44 13365.86 1.17
816753.62 13360.86 1.17
816753.62 13360.86 1.17
816753.62 13360.86 1.17
816753.62 13360.86 1.17
816753.62 13360.86 1.17
816753.62 13360.86 1.17
816753.62 13360.86 1.17
792290.38 13401.22 1.17
791423.19 13406.22 1.17
791423.19 13406.22 1.17
791423.19 13406.22 1.17
791423.19 13406.22 1.17
791423.19 13406.22 1.17
791423.19 13406.22 1.17
791423.19 13406.22 1.17
791423.19 13406.22 1.17
791423.19 13406.22 1.17
792290.38 13401.22 1.17
792290.38 13401.22 1.17
878132.00 12803.50 0.91
878132.00 12803.50 0.91
878132.00 12803.50 0.91
878132.00 12803.50 0.91
878132.00 12803.50 0.91
878132.00 12803.50 0.91
878132.00 12803.50 0.91
878132.00 12803.50 0.91
878132.00 12803.50 0.91
878132.00 12803.50 0.91
878132.00 12803.50 0.91
878132.00 12803.50 0.91
878132.00 12803.50 0.91
878132.00 12803.50 0.91
878132.00 12803.50 0.91
878132.00 12803.50 0.91
878132.00 12803.50 0.91
878132.00 12803.50 0.91
878132.00 12803.50 0.91
878132.00 12803.50 0.91
878132.00 12803.50 0.91
875318.62 12978.11 0.91
875318.62 12978.11 0.91
875318.62 12978.11 0.91
875318.62 12978.11 0.91
875318.62 12978.11 0.91
875318.62 12978.11 0.91
875318.62 12978.11 0.91
875318.62 12978.11 0.91
875318.62 12978.11 0.91
875318.62 12978.11 0.91
875318.62 12978.11 0.91
878132.00 12803.50 0.91
875318.62 12978.11 0.91
875318.62 12978.11 0.91
875318.62 12978.11 0.91
878132.00 12803.50 0.91
878132.00 12803.50 0.91
878132.00 12803.50 0.91
878132.00 12803.50 0.91
878132.00 12803.50 0.91
878132.00 12803.50 0.91
878132.00 12803.50 0.91
878132.00 12803.50 0.91
878132.00 12803.50 0.91
878132.00 12803.50 0.91
878132.00 12803.50 0.91
878132.00 12803.50 0.91
878132.00 12803.50 0.91
878132.00 12803.50 0.91
878132.00 12803.50 0.91
878132.00 12803.50 0.91
878132.00 12803.50 0.91
878132.00 12803.50 0.91
878132.00 12803.50 0.91
878132.00 12803.50 0.91
878132.00 12803.50 0.91
878132.00 12803.50 0.91
878132.00 12803.50 0.91
878132.00 12803.50 0.91
878132.00 12803.50 0.91
875318.62 12978.11 0.91
878132.00 12803.50 0.91
878132.00 12803.50 0.91
878132.00 12803.50 0.91
878132.00 12803.50 0.91
878132.00 12803.50 0.91
878132.00 12803.50 0.91
878132.00 12803.50 0.91
878132.00 12803.50 0.91
878132.00 12803.50 0.91
878132.00 12803.50 0.91
878132.00 12803.50 0.91
878132.00 12803.50 0.91
878132.00 12803.50 0.91
878132.00 12803.50 0.91
878132.00 12803.50 0.91
878132.00 12803.50 0.91
878132.00 12803.50 0.91
878132.00 12803.50 0.91
878326.06 13506.10 0.88
842679.31 14541.05 6.61
878059.06 13506.10 0.88
842086.06 14546.60 6.61
878059.06 13506.10 0.88
878326.06 13506.10 0.88
878003.88 13356.03 1.25
842353.06 14546.60 6.61
878059.06 13506.10 0.88
876446.88 13516.10 0.88
868195.06 13666.53 1.28
878059.06 13506.10 0.88
878059.06 13506.10 0.88
878059.06 13506.10 0.88
878326.06 13506.10 0.88
878059.06 13506.10 0.88
878326.06 13506.10 0.88
878059.06 13506.10 0.88
867601.81 13672.08 1.28
856748.12 13707.15 1.28
856748.12 13707.15 1.28
867601.81 13672.08 1.28
878326.06 13506.10 0.88
878059.06 13506.10 0.88
879559.00 15070.45 0.99
874401.56 15070.45 0.99
879559.00 14927.58 1.03
879559.00 14927.58 1.03
879559.00 14927.58 1.03
879559.00 14927.58 1.03
879559.00 14927.58 1.03
879559.00 14927.58 1.03
879559.00 14927.58 1.03
879559.00 14927.58 1.03
879559.00 14927.58 1.03
879559.00 14927.58 1.03
879559.00 14927.58 1.03
879559.00 14927.58 1.03
879559.00 14927.58 1.03
879559.00 14927.58 1.03
879559.00 14927.58 1.03
879559.00 14927.58 1.03
879559.00 14927.58 1.03
875868.25 14942.58 1.03
875868.25 14942.58 1.03
875868.25 14942.58 1.03
875868.25 14942.58 1.03
875868.25 14942.58 1.03
875868.25 14942.58 1.03
875868.25 14942.58 1.03
875868.25 14942.58 1.03
879559.00 14927.58 1.03
879559.00 14927.58 1.03
879559.00 14927.58 1.03
879559.00 14927.58 1.03
879559.00 14927.58 1.03
879559.00 14927.58 1.03
879559.00 14927.58 1.03
879559.00 14927.58 1.03
879559.00 14927.58 1.03
879559.00 14927.58 1.03
879559.00 14927.58 1.03
879559.00 14927.58 1.03
879559.00 14927.58 1.03
879559.00 14927.58 1.03
879559.00 14927.58 1.03
879559.00 14927.58 1.03
879559.00 14927.58 1.03
879559.00 14927.58 1.03
879559.00 14927.58 1.03
879559.00 14927.58 1.03
879559.00 14927.58 1.03
879559.00 14927.58 1.03
879559.00 14927.58 1.03
879559.00 14927.58 1.03
879559.00 14927.58 1.03
868884.19 15099.21 1.19
868884.19 15099.21 1.19
868884.19 15099.21 1.19
868884.19 15099.21 1.19
868884.19 15099.21 1.19
868884.19 15099.21 1.19
868884.19 15099.21 1.19
868884.19 15099.21 1.19
868884.19 15099.21 1.19
868884.19 15099.21 1.19
868884.19 15099.21 1.19
868884.19 15099.21 1.19
868884.19 15099.21 1.19
868884.19 15099.21 1.19
868884.19 15099.21 1.19
868884.19 15099.21 1.19
868884.19 15099.21 1.19
868884.19 15099.21 1.19
868884.19 15099.21 1.19
868884.19 15099.21 1.19
868884.19 15099.21 1.19
868884.19 15099.21 1.19
868884.19 15099.21 1.19
868884.19 15099.21 1.19
868884.19 15099.21 1.19
868884.19 15099.21 1.19
868884.19 15099.21 1.19
868884.19 15099.21 1.19
862846.31 13060.32 1.11
862846.31 13060.32 1.11
862846.31 13060.32 1.11
862846.31 13060.32 1.11
862846.31 13060.32 1.11
862846.31 13060.32 1.11
862846.31 13060.32 1.11
862846.31 13060.32 1.11
862846.31 13060.32 1.11
862846.31 13060.32 1.11
862846.31 13060.32 1.11
862846.31 13060.32 1.11
862846.31 13060.32 1.11
862846.31 13060.32 1.11
862846.31 13060.32 1.11
862846.31 13060.32 1.11
862846.31 13060.32 1.11
862846.31 13060.32 1.11
862846.31 13060.32 1.11
862846.31 13060.32 1.11
862846.31 13060.32 1.11
862846.31 13060.32 1.11
862846.31 13060.32 1.11
862846.31 13060.32 1.11
862846.31 13060.32 1.11
862846.31 13060.32 1.11
862846.31 13060.32 1.11
862846.31 13060.32 1.11
862846.31 13060.32 1.11
862846.31 13060.32 1.11
870422.38 12960.25 1.11
862846.31 13060.32 1.11
862846.31 13060.32 1.11
862846.31 13060.32 1.11
862846.31 13060.32 1.11
862846.31 13060.32 1.11
862846.31 13060.32 1.11
862846.31 13060.32 1.11
862846.31 13060.32 1.11
862846.31 13060.32 1.11
870422.38 12960.25 1.11
870422.38 12960.25 1.11
870422.38 12960.25 1.11
870422.38 12960.25 1.11
870422.38 12960.25 1.11
870422.38 12960.25 1.11
870422.38 12960.25 1.11
870422.38 12960.25 1.11
870422.38 12960.25 1.11
870422.38 12960.25 1.11
862846.31 13060.32 1.11
870422.38 12960.25 1.11
870422.38 12960.25 1.11
870422.38 12960.25 1.11
870422.38 12960.25 1.11
870422.38 12960.25 1.11
870422.38 12960.25 1.11
870422.38 12960.25 1.11
870422.38 12960.25 1.11
870422.38 12960.25 1.11
870422.38 12960.25 1.11
862846.31 13060.32 1.11
862846.31 13060.32 1.11
862846.31 13060.32 1.11
862846.31 13060.32 1.11
862846.31 13060.32 1.11
862846.31 13060.32 1.11
862846.31 13060.32 1.11
862846.31 13060.32 1.11
862846.31 13060.32 1.11
862846.31 13060.32 1.11
862846.31 13060.32 1.11
862846.31 13060.32 1.11
862846.31 13060.32 1.11
862846.31 13060.32 1.11
862846.31 13060.32 1.11
862846.31 13060.32 1.11
862846.31 13060.32 1.11
862846.31 13060.32 1.11
870422.38 12960.25 1.11
884505.56 14007.61 1.10
884505.56 14007.61 1.10
884505.56 14007.61 1.10
879388.19 13677.26 1.20
881304.00 13232.59 1.20
879388.19 13677.26 1.20
879388.19 13677.26 1.20
879388.19 13677.26 1.20
879388.19 13677.26 1.20
879388.19 13677.26 1.20
879388.19 13677.26 1.20
879388.19 13677.26 1.20
879388.19 13677.26 1.20
879388.19 13677.26 1.20
879388.19 13677.26 1.20
879388.19 13677.26 1.20
879388.19 13677.26 1.20
881304.00 13232.59 1.20
881304.00 13232.59 1.20
881304.00 13232.59 1.20
881304.00 13232.59 1.20
879388.19 13677.26 1.20
879388.19 13677.26 1.20
879388.19 13677.26 1.20
879388.19 13677.26 1.20
879388.19 13677.26 1.20
879388.19 13677.26 1.20
879388.19 13677.26 1.20
879388.19 13677.26 1.20
879388.19 13677.26 1.20
879388.19 13677.26 1.20
879388.19 13677.26 1.20
879388.19 13677.26 1.20
879388.19 13677.26 1.20
879388.19 13677.26 1.20
879388.19 13677.26 1.20
879388.19 13677.26 1.20
879388.19 13677.26 1.20
879388.19 13677.26 1.20
879388.19 13677.26 1.20
879388.19 13677.26 1.20
881304.00 13232.59 1.20
881304.00 13232.59 1.20
881304.00 13232.59 1.20
881304.00 13232.59 1.20
881304.00 13232.59 1.20
881304.00 13232.59 1.20
881304.00 13232.59 1.20
881304.00 13232.59 1.20
881304.00 13232.59 1.20
881304.00 13232.59 1.20
881304.00 13232.59 1.20
881304.00 13232.59 1.20
881304.00 13232.59 1.20
881304.00 13232.59 1.20
881304.00 13232.59 1.20
881304.00 13232.59 1.20
881304.00 13232.59 1.20
881304.00 13232.59 1.20
881304.00 13232.59 1.20
881304.00 13232.59 1.20
881304.00 13232.59 1.20
881304.00 13232.59 1.20
881304.00 13232.59 1.20
881304.00 13232.59 1.20
881304.00 13232.59 1.20
881304.00 13232.59 1.20
881304.00 13232.59 1.20
881304.00 13232.59 1.20
881304.00 13232.59 1.20
881304.00 13232.59 1.20
881304.00 13232.59 1.20
881304.00 13232.59 1.20
881304.00 13232.59 1.20
881304.00 13232.59 1.20
881304.00 13232.59 1.20
881304.00 13232.59 1.20
881304.00 13232.59 1.20
881304.00 13232.59 1.20
881304.00 13232.59 1.20
863365.38 13118.11 1.08
863365.38 13118.11 1.08
863365.38 13118.11 1.08
863365.38 13118.11 1.08
863365.38 13118.11 1.08
863365.38 13118.11 1.08
863365.38 13118.11 1.08
863365.38 13118.11 1.08
863365.38 13118.11 1.08
863365.38 13118.11 1.08
863365.38 13118.11 1.08
863365.38 13118.11 1.08
863365.38 13118.11 1.08
863365.38 13118.11 1.08
863365.38 13118.11 1.08
866177.69 12943.50 1.08
866177.69 12943.50 1.08
866177.69 12943.50 1.08
866177.69 12943.50 1.08
866177.69 12943.50 1.08
866177.69 12943.50 1.08
863365.38 13118.11 1.08
863365.38 13118.11 1.08
863365.38 13118.11 1.08
863365.38 13118.11 1.08
863365.38 13118.11 1.08
863365.38 13118.11 1.08
863365.38 13118.11 1.08
863365.38 13118.11 1.08
863365.38 13118.11 1.08
863365.38 13118.11 1.08
866177.69 12943.50 1.08
863365.38 13118.11 1.08
863365.38 13118.11 1.08
863365.38 13118.11 1.08
863365.38 13118.11 1.08
863365.38 13118.11 1.08
863365.38 13118.11 1.08
863365.38 13118.11 1.08
863365.38 13118.11 1.08
863365.38 13118.11 1.08
866177.69 12943.50 1.08
866177.69 12943.50 1.08
866177.69 12943.50 1.08
866177.69 12943.50 1.08
866177.69 12943.50 1.08
866177.69 12943.50 1.08
866177.69 12943.50 1.08
866177.69 12943.50 1.08
866177.69 12943.50 1.08
866177.69 12943.50 1.08
866177.69 12943.50 1.08
866177.69 12943.50 1.08
866177.69 12943.50 1.08
866177.69 12943.50 1.08
863365.38 13118.11 1.08
863365.38 13118.11 1.08
863365.38 13118.11 1.08
863365.38 13118.11 1.08
863365.38 13118.11 1.08
849549.56 13127.88 1.08
866177.69 12943.50 1.08
866177.69 12943.50 1.08
866177.69 12943.50 1.08
866177.69 12943.50 1.08
866177.69 12943.50 1.08
866177.69 12943.50 1.08
866177.69 12943.50 1.08
866177.69 12943.50 1.08
866177.69 12943.50 1.08
866177.69 12943.50 1.08
866177.69 12943.50 1.08
866177.69 12943.50 1.08
866177.69 12943.50 1.08
866177.69 12943.50 1.08
866177.69 12943.50 1.08
866177.69 12943.50 1.08
866177.69 12943.50 1.08
866177.69 12943.50 1.08
866177.69 12943.50 1.08
1056067.25 15634.76 1.08
1096574.88 15439.76 1.08
1100169.50 15219.47 1.08
1007723.88 15401.09 1.14
1040983.31 14572.52 1.16
1023145.31 14589.39 1.17
1007723.88 15393.22 1.21
950301.69 14027.88 1.25
875417.19 13338.58 1.28
875417.19 13338.58 1.28
840573.31 13014.54 1.53
840573.31 13014.54 1.53
819783.12 12719.54 1.56
819733.06 12660.06 1.57
816886.19 13024.08 1.73
803164.56 13034.54 1.74
803164.56 13034.54 1.74
803164.56 13034.54 1.74
765606.44 12886.97 1.74
765606.44 12886.97 1.74
765606.44 12886.97 1.74
765606.44 12886.97 1.74
765606.44 12886.97 1.74
765606.44 12886.97 1.74
765606.44 12886.97 1.74
765606.44 12886.97 1.74
765606.44 12886.97 1.74
765606.44 12886.97 1.74
765606.44 12886.97 1.74
765606.44 12886.97 1.74
765606.44 12886.97 1.74
765606.44 12886.97 1.74
765606.44 12886.97 1.74
765606.44 12886.97 1.74
765606.44 12886.97 1.74
765606.44 12886.97 1.74
765606.44 12886.97 1.74
765606.44 12886.97 1.74
765606.44 12886.97 1.74
765606.44 12886.97 1.74
765606.44 12886.97 1.74
765606.44 12886.97 1.74
799300.69 12804.08 1.76
750490.00 12859.06 1.89
750490.00 12859.06 1.89
750490.00 12859.06 1.89
750490.00 12859.06 1.89
750490.00 12859.06 1.89
750490.00 12859.06 1.89
750490.00 12859.06 1.89
750490.00 12859.06 1.89
750490.00 12859.06 1.89
750490.00 12859.06 1.89
736476.50 12836.52 1.91
736476.50 12836.52 1.91
736476.50 12836.52 1.91
736476.50 12836.52 1.91
765606.44 12886.97 1.74
829882.06 12631.63 5.42
768426.31 12681.03 1.79