1297382.75 18045.98 2.79
1105584.75 17573.02 2.83
1111275.00 17543.02 2.83
1115761.75 17203.02 2.83
875579.81 14081.23 2.88
875579.81 14081.23 2.88
888678.00 13669.52 3.15
888678.00 13669.52 3.15
888678.00 13669.52 3.15
888678.00 13669.52 3.15
888678.00 13669.52 3.15
888678.00 13669.52 3.15
888678.00 13669.52 3.15
876177.44 13554.52 3.18
897065.38 13499.19 3.20
897065.38 13499.19 3.20
884566.88 13384.19 3.23
869440.12 13721.23 3.62
857225.00 13936.23 3.62
868757.31 13726.23 3.62
868757.31 13726.23 3.62
868757.31 13726.23 3.62
868757.31 13726.23 3.62
869440.12 13721.23 3.62
869440.12 13721.23 3.62
869440.12 13721.23 3.62
869440.12 13721.23 3.62
868757.31 13726.23 3.62
868757.31 13726.23 3.62
836854.38 13346.23 3.62
836854.38 13346.23 3.62
836854.38 13346.23 3.62
836854.38 13346.23 3.62
836854.38 13346.23 3.62
836854.38 13346.23 3.62
836854.38 13346.23 3.62
836854.38 13346.23 3.62
836854.38 13346.23 3.62
836854.38 13346.23 3.62
836854.38 13346.23 3.62
836854.38 13346.23 3.62
836854.38 13346.23 3.62
836854.38 13346.23 3.62
836854.38 13346.23 3.62
836854.38 13346.23 3.62
836854.38 13346.23 3.62
836854.38 13346.23 3.62
836854.38 13346.23 3.62
836854.38 13346.23 3.62
836854.38 13346.23 3.62
836854.38 13346.23 3.62
836854.38 13346.23 3.62
836854.38 13346.23 3.62
836854.38 13346.23 3.62
836854.38 13346.23 3.62
836854.38 13346.23 3.62
836854.38 13346.23 3.62
836854.38 13346.23 3.62
836854.38 13346.23 3.62
836854.38 13346.23 3.62
836854.38 13346.23 3.62
884961.38 13219.19 3.63
884961.38 13219.19 3.63
884961.38 13219.19 3.63
884961.38 13219.19 3.63
884961.38 13219.19 3.63
884961.38 13219.19 3.63
884961.38 13219.19 3.63
884961.38 13219.19 3.63
884961.38 13219.19 3.63
884961.38 13219.19 3.63
884961.38 13219.19 3.63
884961.38 13219.19 3.63
884961.38 13219.19 3.63
884961.38 13219.19 3.63
884961.38 13219.19 3.63
884961.38 13219.19 3.63
884961.38 13219.19 3.63
884961.38 13219.19 3.63
884961.38 13219.19 3.63
1096448.75 16913.28 2.61
1007953.06 15343.28 2.67
987632.69 15840.32 2.83
987632.69 15840.32 2.83
987632.69 15840.32 2.83
987632.69 15840.32 2.83
987632.69 15840.32 2.83
987632.69 15840.32 2.83
987632.69 15840.32 2.83
987632.69 15840.32 2.83
987632.69 15840.32 2.83
987632.69 15840.32 2.83
987632.69 15840.32 2.83
987632.69 15840.32 2.83
987632.69 15840.32 2.83
987632.69 15840.32 2.83
987632.69 15840.32 2.83
987632.69 15840.32 2.83
987632.69 15840.32 2.83
985178.19 15559.38 2.87
985178.19 15559.38 2.87
985178.19 15559.38 2.87
985178.19 15559.38 2.87
985178.19 15559.38 2.87
985178.19 15559.38 2.87
985178.19 15559.38 2.87
985178.19 15559.38 2.87
985178.19 15559.38 2.87
984763.06 15875.32 2.87
984763.06 15875.32 2.87
984763.06 15875.32 2.87
984763.06 15875.32 2.87
984763.06 15875.32 2.87
984763.06 15875.32 2.87
984763.06 15875.32 2.87
984763.06 15875.32 2.87
984763.06 15875.32 2.87
984763.06 15875.32 2.87
985178.19 15559.38 2.87
985178.19 15559.38 2.87
984711.50 15494.38 2.87
984711.50 15494.38 2.87
984711.50 15494.38 2.87
984711.50 15494.38 2.87
984711.50 15494.38 2.87
984711.50 15494.38 2.87
984711.50 15494.38 2.87
984711.50 15494.38 2.87
984711.50 15494.38 2.87
984711.50 15494.38 2.87
984711.50 15494.38 2.87
984711.50 15494.38 2.87
984711.50 15494.38 2.87
984711.50 15494.38 2.87
984711.50 15494.38 2.87
984711.50 15494.38 2.87
984711.50 15494.38 2.87
984711.50 15494.38 2.87
984711.50 15494.38 2.87
984711.50 15494.38 2.87
984711.50 15494.38 2.87
984711.50 15494.38 2.87
968617.69 15259.38 2.96
968617.69 15259.38 2.96
968617.69 15259.38 2.96
968617.69 15259.38 2.96
968617.69 15259.38 2.96
968617.69 15259.38 2.96
968617.69 15259.38 2.96
968617.69 15259.38 2.96
968617.69 15259.38 2.96
968617.69 15259.38 2.96
968617.69 15259.38 2.96
968617.69 15259.38 2.96
968617.69 15259.38 2.96
968617.69 15259.38 2.96
965866.69 15565.32 3.02
965866.69 15565.32 3.02
966816.38 15565.32 3.02
944482.75 15561.20 3.19
1012472.38 15773.81 2.79
1046411.69 15704.19 2.79
988364.12 14404.19 2.83
948556.31 14134.19 2.85
948556.31 14134.19 2.85
948556.31 14134.19 2.85
948556.31 14134.19 2.85
948556.31 14134.19 2.85
948556.31 14134.19 2.85
948556.31 14134.19 2.85
948556.31 14134.19 2.85
948556.31 14134.19 2.85
948556.31 14134.19 2.85
948556.31 14134.19 2.85
948556.31 14134.19 2.85
948556.31 14134.19 2.85
948556.31 14134.19 2.85
948556.31 14134.19 2.85
948556.31 14134.19 2.85
948556.31 14134.19 2.85
948556.31 14134.19 2.85
948556.31 14134.19 2.85
948556.31 14134.19 2.85
925535.50 14543.81 2.85
925535.50 14543.81 2.85
925535.50 14543.81 2.85
925535.50 14543.81 2.85
925535.50 14543.81 2.85
925535.50 14543.81 2.85
948556.31 14134.19 2.85
948556.31 14134.19 2.85
948556.31 14134.19 2.85
948556.31 14134.19 2.85
948556.31 14134.19 2.85
948556.31 14134.19 2.85
948556.31 14134.19 2.85
948556.31 14134.19 2.85
948556.31 14134.19 2.85
948556.31 14134.19 2.85
948556.31 14134.19 2.85
948556.31 14134.19 2.85
948556.31 14134.19 2.85
948556.31 14134.19 2.85
948556.31 14134.19 2.85
961654.69 14134.19 2.85
961654.69 14134.19 2.85
961654.69 14134.19 2.85
961654.69 14134.19 2.85
961654.69 14134.19 2.85
961654.69 14134.19 2.85
961654.69 14134.19 2.85
961654.69 14134.19 2.85
961654.69 14134.19 2.85
961654.69 14134.19 2.85
961654.69 14134.19 2.85
961654.69 14134.19 2.85
961654.69 14134.19 2.85
961654.69 14134.19 2.85
961654.69 14134.19 2.85
961654.69 14134.19 2.85
961654.69 14134.19 2.85
961654.69 14134.19 2.85
961654.69 14134.19 2.85
961654.69 14134.19 2.85
961654.69 14134.19 2.85
961654.69 14134.19 2.85
961654.69 14134.19 2.85
961654.69 14134.19 2.85
961654.69 14134.19 2.85
961654.69 14134.19 2.85
961654.69 14134.19 2.85
961654.69 14134.19 2.85
961654.69 14134.19 2.85
961654.69 14134.19 2.85
961654.69 14134.19 2.85
961654.69 14134.19 2.85
961654.69 14134.19 2.85
877925.88 13289.19 2.88
847801.75 13586.23 2.88
877925.88 13289.19 2.88
1093119.75 16682.60 2.83
1053687.75 16215.89 3.18
1078157.12 16210.56 3.33
915276.25 14195.56 3.51
896528.81 14597.59 3.69
842264.94 13521.53 3.71
842264.94 13521.53 3.71
842264.94 13521.53 3.71
842264.94 13521.53 3.71
842264.94 13521.53 3.71
842264.94 13521.53 3.71
842264.94 13521.53 3.71
842264.94 13521.53 3.71
842264.94 13521.53 3.71
842264.94 13521.53 3.71
842264.94 13521.53 3.71
842264.94 13521.53 3.71
842264.94 13521.53 3.71
842264.94 13521.53 3.71
842264.94 13521.53 3.71
842264.94 13521.53 3.71
842264.94 13521.53 3.71
842264.94 13521.53 3.71
842264.94 13521.53 3.71
842264.94 13521.53 3.71
842264.94 13521.53 3.71
842264.94 13521.53 3.71
842264.94 13521.53 3.71
842264.94 13521.53 3.71
842264.94 13521.53 3.71
837026.94 14070.43 3.71
837026.94 14070.43 3.71
842264.94 13521.53 3.71
842264.94 13521.53 3.71
842264.94 13521.53 3.71
842264.94 13521.53 3.71
842264.94 13521.53 3.71
842264.94 13521.53 3.71
842264.94 13521.53 3.71
842264.94 13521.53 3.71
842264.94 13521.53 3.71
842264.94 13521.53 3.71
842264.94 13521.53 3.71
842264.94 13521.53 3.71
842264.94 13521.53 3.71
842264.94 13521.53 3.71
842264.94 13521.53 3.71
842264.94 13521.53 3.71
842264.94 13521.53 3.71
842264.94 13521.53 3.71
842264.94 13521.53 3.71
842264.94 13521.53 3.71
852634.00 13371.89 3.71
852634.00 13371.89 3.71
852634.00 13371.89 3.71
852634.00 13371.89 3.71
852634.00 13371.89 3.71
852634.00 13371.89 3.71
852634.00 13371.89 3.71
852634.00 13371.89 3.71
852634.00 13371.89 3.71
852634.00 13371.89 3.71
852634.00 13371.89 3.71
852634.00 13371.89 3.71
852634.00 13371.89 3.71
852634.00 13371.89 3.71
852634.00 13371.89 3.71
852634.00 13371.89 3.71
852634.00 13371.89 3.71
852634.00 13371.89 3.71
852634.00 13371.89 3.71
852634.00 13371.89 3.71
852634.00 13371.89 3.71
852634.00 13371.89 3.71
852634.00 13371.89 3.71
852634.00 13371.89 3.71
852634.00 13371.89 3.71
852634.00 13371.89 3.71
842264.94 13521.53 3.71
842264.94 13521.53 3.71
814661.56 14177.91 3.74
774487.81 13612.91 3.75
774487.81 13612.91 3.75
774487.81 13612.91 3.75
774487.81 13612.91 3.75
774487.81 13612.91 3.75
774487.81 13612.91 3.75
774487.81 13612.91 3.75
774487.81 13612.91 3.75
774487.81 13612.91 3.75
774487.81 13612.91 3.75
774487.81 13612.91 3.75
774487.81 13612.91 3.75
774487.81 13612.91 3.75
774487.81 13612.91 3.75
774487.81 13612.91 3.75
774487.81 13612.91 3.75
774487.81 13612.91 3.75
774487.81 13612.91 3.75
774487.81 13612.91 3.75
774487.81 13612.91 3.75
774487.81 13612.91 3.75
774487.81 13612.91 3.75
774487.81 13612.91 3.75
774487.81 13612.91 3.75
774487.81 13612.91 3.75
774487.81 13612.91 3.75
774487.81 13612.91 3.75
774487.81 13612.91 3.75
774487.81 13612.91 3.75
774487.81 13612.91 3.75
774487.81 13612.91 3.75
774487.81 13612.91 3.75
774487.81 13612.91 3.75
774487.81 13612.91 3.75
774487.81 13612.91 3.75
774487.81 13612.91 3.75
774487.81 13612.91 3.75
774487.81 13612.91 3.75
774487.81 13612.91 3.75
774487.81 13612.91 3.75
774487.81 13612.91 3.75
774487.81 13612.91 3.75
774584.50 13612.91 3.75
774584.50 13612.91 3.75
774584.50 13612.91 3.75
774584.50 13612.91 3.75
774584.50 13612.91 3.75
774584.50 13612.91 3.75
774584.50 13612.91 3.75
774584.50 13612.91 3.75
774584.50 13612.91 3.75
774584.50 13612.91 3.75
774584.50 13612.91 3.75
774584.50 13612.91 3.75
774584.50 13612.91 3.75
774584.50 13612.91 3.75
774584.50 13612.91 3.75
774584.50 13612.91 3.75
774584.50 13612.91 3.75
774584.50 13612.91 3.75
774584.50 13612.91 3.75
774584.50 13612.91 3.75
774584.50 13612.91 3.75
775724.44 13612.91 3.75
774487.81 13612.91 3.75
774487.81 13612.91 3.75
774487.81 13612.91 3.75
774487.81 13612.91 3.75
774487.81 13612.91 3.75
774487.81 13612.91 3.75
774487.81 13612.91 3.75
774487.81 13612.91 3.75
774487.81 13612.91 3.75
774487.81 13612.91 3.75
774487.81 13612.91 3.75
775724.44 13612.91 3.75
774487.81 13612.91 3.75
774487.81 13612.91 3.75
774487.81 13612.91 3.75
1181232.75 16889.15 3.43
1040764.06 16093.48 3.44
1021022.56 15853.48 3.49
1037126.50 15654.15 3.49
1037126.50 15654.15 3.49
1021022.56 15853.48 3.49
1021022.56 15853.48 3.49
1021022.56 15853.48 3.49
1021022.56 15853.48 3.49
1021022.56 15853.48 3.49
1021022.56 15853.48 3.49
1015634.81 15733.48 3.50
1034442.06 15624.15 3.54
1034442.06 15624.15 3.54
1034442.06 15624.15 3.54
1034442.06 15624.15 3.54
1034442.06 15624.15 3.54
1034442.06 15624.15 3.54
1034442.06 15624.15 3.54
1034442.06 15624.15 3.54
975732.25 15910.51 3.78
955141.31 15610.51 3.83
955141.31 15610.51 3.83
955141.31 15610.51 3.83
955141.31 15610.51 3.83
955141.31 15610.51 3.83
955141.31 15610.51 3.83
955141.31 15610.51 3.83
955141.31 15610.51 3.83
955141.31 15610.51 3.83
955141.31 15610.51 3.83
955141.31 15610.51 3.83
955141.31 15610.51 3.83
955141.31 15610.51 3.83
955141.31 15610.51 3.83
955141.31 15610.51 3.83
955141.31 15610.51 3.83
955141.31 15610.51 3.83
955141.31 15610.51 3.83
955141.31 15610.51 3.83
955141.31 15610.51 3.83
955141.31 15610.51 3.83
955141.31 15610.51 3.83
955141.31 15610.51 3.83
955141.31 15610.51 3.83
955141.31 15610.51 3.83
971245.25 15411.18 3.83
971245.25 15411.18 3.83
971245.25 15411.18 3.83
971245.25 15411.18 3.83
971245.25 15411.18 3.83
971245.25 15411.18 3.83
971245.25 15411.18 3.83
971245.25 15411.18 3.83
971245.25 15411.18 3.83
971245.25 15411.18 3.83
971245.25 15411.18 3.83
971245.25 15411.18 3.83
971245.25 15411.18 3.83
971245.25 15411.18 3.83
971245.25 15411.18 3.83
971245.25 15411.18 3.83
971245.25 15411.18 3.83
971245.25 15411.18 3.83
971245.25 15411.18 3.83
971245.25 15411.18 3.83
971245.25 15411.18 3.83
971245.25 15411.18 3.83
971245.25 15411.18 3.83
955141.31 15610.51 3.83
955141.31 15610.51 3.83
955141.31 15610.51 3.83
955141.31 15610.51 3.83
955141.31 15610.51 3.83
955141.31 15610.51 3.83
955141.31 15610.51 3.83
955141.31 15610.51 3.83
955141.31 15610.51 3.83
955141.31 15610.51 3.83
955141.31 15610.51 3.83
970363.88 15061.21 3.13
883918.88 14447.51 3.22
884727.25 14410.50 3.29
884727.25 14410.50 3.29
884727.25 14410.50 3.29
884727.25 14410.50 3.29
884727.25 14410.50 3.29
884727.25 14410.50 3.29
905556.88 14241.21 3.32
905556.88 14241.21 3.32
905556.88 14241.21 3.32
905556.88 14241.21 3.32
905556.88 14241.21 3.32
905556.88 14241.21 3.32
905556.88 14241.21 3.32
905556.88 14241.21 3.32
905556.88 14241.21 3.32
905556.88 14241.21 3.32
905556.88 14241.21 3.32
905556.88 14241.21 3.32
876904.88 14387.51 3.60
876904.88 14387.51 3.60
880382.94 14350.50 3.67
880382.94 14350.50 3.67
880382.94 14350.50 3.67
880382.94 14350.50 3.67
880382.94 14350.50 3.67
880382.94 14350.50 3.67
880382.94 14350.50 3.67
880382.94 14350.50 3.67
901212.50 14181.21 3.70
901212.50 14181.21 3.70
901212.50 14181.21 3.70
901212.50 14181.21 3.70
901212.50 14181.21 3.70
901212.50 14181.21 3.70
901212.50 14181.21 3.70
901212.50 14181.21 3.70
901212.50 14181.21 3.70
901212.50 14181.21 3.70
901212.50 14181.21 3.70
901212.50 14181.21 3.70
901212.50 14181.21 3.70
901212.50 14181.21 3.70
901212.50 14181.21 3.70
901212.50 14181.21 3.70
901212.50 14181.21 3.70
901212.50 14181.21 3.70
901212.50 14181.21 3.70
964847.31 14177.03 4.39
965642.38 14172.03 4.39
964847.31 14177.03 4.39
964847.31 14177.03 4.39
964847.31 14177.03 4.39
964847.31 14177.03 4.39
964847.31 14177.03 4.39
964847.31 14177.03 4.39
964847.31 14177.03 4.39
964847.31 14177.03 4.39
964847.31 14177.03 4.39
964847.31 14177.03 4.39
964847.31 14177.03 4.39
964847.31 14177.03 4.39
964847.31 14177.03 4.39
961867.38 14152.03 4.40
961867.38 14152.03 4.40
961867.38 14152.03 4.40
961867.38 14152.03 4.40
961867.38 14152.03 4.40
961867.38 14152.03 4.40
961867.38 14152.03 4.40
961867.38 14152.03 4.40
961867.38 14152.03 4.40
961867.38 14152.03 4.40
961867.38 14152.03 4.40
961867.38 14152.03 4.40
961867.38 14152.03 4.40
961867.38 14152.03 4.40
961867.38 14152.03 4.40
961867.38 14152.03 4.40
971068.06 15267.09 2.97
966981.56 15151.98 3.00
914232.81 14621.98 3.00
902725.44 14546.98 3.00
908078.12 14516.98 3.05
908078.12 14516.98 3.05
908174.81 14477.09 3.05
908174.81 14477.09 3.05
901841.06 14402.09 3.06
873366.88 14397.13 3.09
898340.69 14387.09 3.09
880198.06 13831.21 3.10
863260.12 13891.98 3.10
863260.12 13891.98 3.10
863260.12 13891.98 3.10
863260.12 13891.98 3.10
863260.12 13891.98 3.10
863260.12 13891.98 3.10
863260.12 13891.98 3.10
863260.12 13891.98 3.10
880198.06 13831.21 3.10
863356.81 13852.09 3.10
863356.81 13852.09 3.10
863356.81 13852.09 3.10
863356.81 13852.09 3.10
863356.81 13852.09 3.10
863356.81 13852.09 3.10
863356.81 13852.09 3.10
863356.81 13852.09 3.10
863356.81 13852.09 3.10
863356.81 13852.09 3.10
863143.81 13857.09 3.10
879985.12 13836.21 3.10
879985.12 13836.21 3.10
879985.12 13836.21 3.10
879985.12 13836.21 3.10
863143.81 13857.09 3.10
863047.19 13896.98 3.10
863047.19 13896.98 3.10
863047.19 13896.98 3.10
863047.19 13896.98 3.10
863143.81 13857.09 3.10
863143.81 13857.09 3.10
863143.81 13857.09 3.10
863143.81 13857.09 3.10
844173.25 14136.42 3.25
844173.25 14136.42 3.25
844173.25 14136.42 3.25
844173.25 14136.42 3.25
844173.25 14136.42 3.25
844076.56 14176.31 3.25
844076.56 14176.31 3.25
844076.56 14176.31 3.25
844076.56 14176.31 3.25
844076.56 14176.31 3.25
844076.56 14176.31 3.25
844076.56 14176.31 3.25
844076.56 14176.31 3.25
844076.56 14176.31 3.25
844076.56 14176.31 3.25
844173.25 14136.42 3.25
844173.25 14136.42 3.25
844173.25 14136.42 3.25
844173.25 14136.42 3.25
844173.25 14136.42 3.25
844173.25 14136.42 3.25
844173.25 14136.42 3.25
844173.25 14136.42 3.25
844173.25 14136.42 3.25
844173.25 14136.42 3.25
849206.31 13962.09 3.37
849206.31 13962.09 3.37
849206.31 13962.09 3.37
849206.31 13962.09 3.37
849206.31 13962.09 3.37
849206.31 13962.09 3.37
849206.31 13962.09 3.37
849206.31 13962.09 3.37
849206.31 13962.09 3.37
849206.31 13962.09 3.37
970608.31 14967.96 3.76
952953.56 15533.30 4.08
952953.56 15533.30 4.08
952953.56 15533.30 4.08
952953.56 15533.30 4.08
952953.56 15533.30 4.08
952953.56 15533.30 4.08
952953.56 15533.30 4.08
952953.56 15533.30 4.08
952953.56 15533.30 4.08
952953.56 15533.30 4.08
952953.56 15533.30 4.08
952953.56 15533.30 4.08
952953.56 15533.30 4.08
952953.56 15533.30 4.08
952953.56 15533.30 4.08
952953.56 15533.30 4.08
952953.56 15533.30 4.08
952953.56 15533.30 4.08
952953.56 15533.30 4.08
952953.56 15533.30 4.08
952953.56 15533.30 4.08
952953.56 15533.30 4.08
952953.56 15533.30 4.08
952953.56 15533.30 4.08
952953.56 15533.30 4.08
952953.56 15533.30 4.08
952953.56 15533.30 4.08
952953.56 15533.30 4.08
952953.56 15533.30 4.08
952953.56 15533.30 4.08
957754.75 14812.96 4.10
957754.75 14812.96 4.10
957754.75 14812.96 4.10
957754.75 14812.96 4.10
957754.75 14812.96 4.10
957754.75 14812.96 4.10
957754.75 14812.96 4.10
957754.75 14812.96 4.10
957754.75 14812.96 4.10
957754.75 14812.96 4.10
957754.75 14812.96 4.10
957754.75 14812.96 4.10
957754.75 14812.96 4.10
957754.75 14812.96 4.10
957754.75 14812.96 4.10
957754.75 14812.96 4.10
957754.75 14812.96 4.10
957754.75 14812.96 4.10
957754.75 14812.96 4.10
957754.75 14812.96 4.10
957754.75 14812.96 4.10
957754.75 14812.96 4.10
957754.75 14812.96 4.10
957754.75 14812.96 4.10
957754.75 14812.96 4.10
957754.75 14812.96 4.10
957754.75 14812.96 4.10
957754.75 14812.96 4.10
957754.75 14812.96 4.10
957754.75 14812.96 4.10
957754.75 14812.96 4.10
957754.75 14812.96 4.10
957754.75 14812.96 4.10
957754.75 14812.96 4.10
957754.75 14812.96 4.10
957754.75 14812.96 4.10
957754.75 14812.96 4.10
957754.75 14812.96 4.10
957754.75 14812.96 4.10
957754.75 14812.96 4.10
957754.75 14812.96 4.10
957754.75 14812.96 4.10
957754.75 14812.96 4.10
957754.75 14812.96 4.10
957754.75 14812.96 4.10
957754.75 14812.96 4.10
957754.75 14812.96 4.10
957754.75 14812.96 4.10
952953.56 15018.84 4.21
1355788.62 19857.51 3.08
1081343.62 16207.88 3.55
1082433.12 16753.57 3.48
1000583.12 15822.88 4.81
1000572.06 15152.03 4.94
1150028.50 17152.88 3.44
1270631.88 18062.88 3.35
1094684.62 16407.88 3.48
977349.94 15999.18 4.59
1043034.88 16314.18 3.55
1001116.88 15821.21 4.64
1082433.12 16753.57 3.48
1082433.12 16753.57 3.48
1173332.00 17457.88 3.43
1001116.88 15821.21 4.64
1114387.00 17223.57 3.44
1000572.06 15152.03 4.94
1049014.75 15782.03 4.93
977806.94 15997.51 4.51
1094684.62 16407.88 3.48
1000843.06 15747.08 1.38
1002454.75 15730.68 1.38
1002454.75 15730.68 1.38
1002454.75 15730.68 1.38
971672.50 15802.08 1.85
971672.50 15802.08 1.85
971672.50 15802.08 1.85
971672.50 15802.08 1.85
971672.50 15802.08 1.85
971672.50 15802.08 1.85
971672.50 15802.08 1.85
971672.50 15802.08 1.85
971672.50 15802.08 1.85
971672.50 15802.08 1.85
971672.50 15802.08 1.85
971672.50 15802.08 1.85
971672.50 15802.08 1.85
971672.50 15802.08 1.85
973284.19 15785.68 1.85
1000843.06 15747.08 1.38
977737.19 15510.68 1.42
1000843.06 15747.08 1.38
1000843.06 15747.08 1.38
976125.50 15527.08 1.42
1000843.06 15747.08 1.38
976625.94 15132.90 5.52
973284.19 15785.68 1.85
973284.19 15785.68 1.85
986619.56 15843.17 1.38
962870.06 15898.17 1.85
1000843.06 15747.08 1.38
973284.19 15785.68 1.85
971672.50 15802.08 1.85
1102825.88 16666.03 3.50
1102825.88 16666.03 3.50
1102825.88 16666.03 3.50
1102825.88 16666.03 3.50
1102825.88 16666.03 3.50
1102825.88 16666.03 3.50
1102825.88 16666.03 3.50
1102825.88 16666.03 3.50
1102825.88 16666.03 3.50
1102825.88 16666.03 3.50
1102825.88 16666.03 3.50
1102825.88 16666.03 3.50
1107051.88 16457.39 3.51
1107051.88 16457.39 3.51
1107051.88 16457.39 3.51
1063622.50 16131.03 3.54
1063622.50 16131.03 3.54
1063622.50 16131.03 3.54
1063622.50 16131.03 3.54
1063622.50 16131.03 3.54
1063622.50 16131.03 3.54
1063622.50 16131.03 3.54
1063622.50 16131.03 3.54
1063622.50 16131.03 3.54
1063622.50 16131.03 3.54
1063622.50 16131.03 3.54
1063622.50 16131.03 3.54
1063622.50 16131.03 3.54
1063622.50 16131.03 3.54
1063622.50 16131.03 3.54
1063622.50 16131.03 3.54
1063622.50 16131.03 3.54
1063622.50 16131.03 3.54
1063622.50 16131.03 3.54
1063622.50 16131.03 3.54
1063011.12 16131.03 3.54
1063011.12 16131.03 3.54
1063011.12 16131.03 3.54
1063011.12 16131.03 3.54
1063011.12 16131.03 3.54
1063011.12 16131.03 3.54
1063011.12 16131.03 3.54
1063011.12 16131.03 3.54
1063011.12 16131.03 3.54
1063011.12 16131.03 3.54
1063011.12 16131.03 3.54
1063011.12 16131.03 3.54
1063011.12 16131.03 3.54
1063011.12 16131.03 3.54
1063011.12 16131.03 3.54
1063011.12 16131.03 3.54
1063011.12 16131.03 3.54
1063011.12 16131.03 3.54
1063011.12 16131.03 3.54
1063011.12 16131.03 3.54
1063011.12 16131.03 3.54
1063011.12 16131.03 3.54
1063011.12 16131.03 3.54
1063011.12 16131.03 3.54
1063011.12 16131.03 3.54
1063011.12 16131.03 3.54
1063011.12 16131.03 3.54
1063011.12 16131.03 3.54
1063011.12 16131.03 3.54
1063011.12 16131.03 3.54
1063011.12 16131.03 3.54
1063011.12 16131.03 3.54
1067848.62 15922.39 3.56
1067848.62 15922.39 3.56
1067848.62 15922.39 3.56
1067848.62 15922.39 3.56
1067848.62 15922.39 3.56
1067848.62 15922.39 3.56
1067848.62 15922.39 3.56
1067237.25 15922.39 3.56
1067237.25 15922.39 3.56
1067237.25 15922.39 3.56
1067237.25 15922.39 3.56
1067237.25 15922.39 3.56
1067237.25 15922.39 3.56
1024388.44 16181.21 3.97
956538.75 15051.21 4.06
956538.75 15051.21 4.06
956538.75 15051.21 4.06
956538.75 15051.21 4.06
956538.75 15051.21 4.06
956538.75 15051.21 4.06
956538.75 15051.21 4.06
956538.75 15051.21 4.06
956538.75 15051.21 4.06
956538.75 15051.21 4.06
956538.75 15051.21 4.06
956538.75 15051.21 4.06
956538.75 15051.21 4.06
956538.75 15051.21 4.06
956538.75 15051.21 4.06
956538.75 15051.21 4.06
956538.75 15051.21 4.06
956538.75 15051.21 4.06
956538.75 15051.21 4.06
956538.75 15051.21 4.06
956538.75 15051.21 4.06
956538.75 15051.21 4.06
956538.75 15051.21 4.06
956538.75 15051.21 4.06
956538.75 15051.21 4.06
956538.75 15051.21 4.06
956538.75 15051.21 4.06
956538.75 15051.21 4.06
956538.75 15051.21 4.06
956538.75 15051.21 4.06
956538.75 15051.21 4.06
956538.75 15051.21 4.06
956538.75 15051.21 4.06
956538.75 15051.21 4.06
956538.75 15051.21 4.06
956538.75 15051.21 4.06
956538.75 15051.21 4.06
956538.75 15051.21 4.06
956538.75 15051.21 4.06
956538.75 15051.21 4.06
956538.75 15051.21 4.06
956538.75 15051.21 4.06
956538.75 15051.21 4.06
956538.75 15051.21 4.06
956538.75 15051.21 4.06
956538.75 15051.21 4.06
956538.75 15051.21 4.06
956538.75 15051.21 4.06
956538.75 15051.21 4.06
956538.75 15051.21 4.06
956538.75 15051.21 4.06
956538.75 15051.21 4.06
956538.75 15051.21 4.06
956538.75 15051.21 4.06
991280.12 14867.03 4.63
986067.62 14757.03 4.71
982615.00 14737.03 4.72
982615.00 14737.03 4.72
982615.00 14737.03 4.72
982615.00 14737.03 4.72
982615.00 14737.03 4.72
982615.00 14737.03 4.72
982615.00 14737.03 4.72
982615.00 14737.03 4.72
982615.00 14737.03 4.72
985192.00 14762.03 4.71
955911.88 14382.03 4.77
955911.88 14382.03 4.77
955911.88 14382.03 4.77
955911.88 14382.03 4.77
982615.00 14737.03 4.72
955911.88 14382.03 4.77
955911.88 14382.03 4.77
1208608.00 17004.42 3.38
1184028.12 17009.42 3.55
1172283.00 16609.42 3.80
1162298.38 16614.42 3.88
937208.31 15081.45 4.29
1006050.25 14894.42 4.37
1006050.25 14894.42 4.37
1006050.25 14894.42 4.37
980152.69 14894.42 4.37
980152.69 14894.42 4.37
980152.69 14894.42 4.37
980152.69 14894.42 4.37
980152.69 14894.42 4.37
980152.69 14894.42 4.37
980152.69 14894.42 4.37
980152.69 14894.42 4.37
980152.69 14894.42 4.37
980152.69 14894.42 4.37
980152.69 14894.42 4.37
980152.69 14894.42 4.37
980152.69 14894.42 4.37
980152.69 14894.42 4.37
980152.69 14894.42 4.37
980152.69 14894.42 4.37
980152.69 14894.42 4.37
980152.69 14894.42 4.37
980152.69 14894.42 4.37
980152.69 14894.42 4.37
980152.69 14894.42 4.37
980152.69 14894.42 4.37
980152.69 14894.42 4.37
980152.69 14894.42 4.37
980152.69 14894.42 4.37
980152.69 14894.42 4.37
980152.69 14894.42 4.37
980152.69 14894.42 4.37
980152.69 14894.42 4.37
980152.69 14894.42 4.37
980152.69 14894.42 4.37
980152.69 14894.42 4.37
980152.69 14894.42 4.37
980152.69 14894.42 4.37
980152.69 14894.42 4.37
980152.69 14894.42 4.37
980152.69 14894.42 4.37
980152.69 14894.42 4.37
980152.69 14894.42 4.37
980152.69 14894.42 4.37
980152.69 14894.42 4.37
980152.69 14894.42 4.37
980152.69 14894.42 4.37
980152.69 14894.42 4.37
980152.69 14894.42 4.37
980152.69 14894.42 4.37
980152.69 14894.42 4.37
980152.69 14894.42 4.37
1005589.56 14255.88 4.43
1005589.56 14255.88 4.43
1005589.56 14255.88 4.43
985159.19 14020.00 4.43
985159.19 14020.00 4.43
985159.19 14020.00 4.43
985159.19 14020.00 4.43
985159.19 14020.00 4.43
983719.00 14255.88 4.43
983719.00 14255.88 4.43
983719.00 14255.88 4.43
983719.00 14255.88 4.43
983719.00 14255.88 4.43
983719.00 14255.88 4.43
983719.00 14255.88 4.43
983719.00 14255.88 4.43
983719.00 14255.88 4.43
983719.00 14255.88 4.43
983719.00 14255.88 4.43
983719.00 14255.88 4.43
983719.00 14255.88 4.43
983719.00 14255.88 4.43
983719.00 14255.88 4.43
983719.00 14255.88 4.43