1069124.62 15952.54 0.98
1045528.12 16141.10 1.23
1045528.12 16141.10 1.23
1045528.12 16141.10 1.23
1045528.12 16141.10 1.23
1045528.12 16141.10 1.23
1045528.12 16141.10 1.23
1045528.12 16141.10 1.23
1045528.12 16141.10 1.23
1045528.12 16141.10 1.23
1048484.81 15999.47 1.39
1048484.81 15999.47 1.39
1030475.38 16219.41 1.55
1030475.38 16219.41 1.55
1030475.38 16219.41 1.55
1030475.38 16219.41 1.55
1030475.38 16219.41 1.55
1030475.38 16219.41 1.55
1030475.38 16219.41 1.55
1030475.38 16219.41 1.55
1030475.38 16219.41 1.55
1030475.38 16219.41 1.55
1030475.38 16219.41 1.55
1030475.38 16219.41 1.55
1030475.38 16219.41 1.55
1030475.38 16219.41 1.55
1030475.38 16219.41 1.55
1030475.38 16219.41 1.55
1030475.38 16219.41 1.55
1030475.38 16219.41 1.55
1030475.38 16219.41 1.55
1030475.38 16219.41 1.55
1030475.38 16219.41 1.55
1030475.38 16219.41 1.55
1030475.38 16219.41 1.55
1030475.38 16219.41 1.55
1030475.38 16219.41 1.55
1030475.38 16219.41 1.55
1030475.38 16219.41 1.55
1030475.38 16219.41 1.55
1030475.38 16219.41 1.55
1030475.38 16219.41 1.55
1030475.38 16219.41 1.55
1030475.38 16219.41 1.55
1030475.38 16219.41 1.55
1030475.38 16219.41 1.55
1030475.38 16219.41 1.55
1030475.38 16219.41 1.55
1030475.38 16219.41 1.55
1030475.38 16219.41 1.55
1030475.38 16219.41 1.55
1030475.38 16219.41 1.55
1030475.38 16219.41 1.55
1030475.38 16219.41 1.55
1030475.38 16219.41 1.55
1030475.38 16219.41 1.55
1030475.38 16219.41 1.55
1015860.25 16828.28 1.89
1015860.25 16828.28 1.89
1015860.25 16828.28 1.89
1015860.25 16828.28 1.89
1015860.25 16828.28 1.89
1015860.25 16828.28 1.89
1015860.25 16828.28 1.89
1015860.25 16828.28 1.89
1015860.25 16828.28 1.89
1015860.25 16828.28 1.89
1015860.25 16828.28 1.89
1015860.25 16828.28 1.89
1015860.25 16828.28 1.89
1015860.25 16828.28 1.89
1015860.25 16828.28 1.89
1015860.25 16828.28 1.89
1015860.25 16828.28 1.89
1018639.69 16545.99 2.04
1018639.69 16545.99 2.04
1018639.69 16545.99 2.04
1018639.69 16545.99 2.04
1018639.69 16545.99 2.04
1018639.69 16545.99 2.04
996957.56 14993.14 1.07
996957.56 14993.14 1.07
996957.56 14993.14 1.07
973059.81 14934.68 1.19
926376.31 14636.93 1.29
926376.31 14636.93 1.29
926376.31 14636.93 1.29
926376.31 14636.93 1.29
926376.31 14636.93 1.29
926376.31 14636.93 1.29
926376.31 14636.93 1.29
926376.31 14636.93 1.29
926376.31 14636.93 1.29
926376.31 14636.93 1.29
926376.31 14636.93 1.29
926376.31 14636.93 1.29
926376.31 14636.93 1.29
926376.31 14636.93 1.29
926376.31 14636.93 1.29
926376.31 14636.93 1.29
926376.31 14636.93 1.29
926376.31 14636.93 1.29
926376.31 14636.93 1.29
926376.31 14636.93 1.29
926376.31 14636.93 1.29
926376.31 14636.93 1.29
926376.31 14636.93 1.29
926376.31 14636.93 1.29
926376.31 14636.93 1.29
926376.31 14636.93 1.29
926376.31 14636.93 1.29
926376.31 14636.93 1.29
926376.31 14636.93 1.29
926376.31 14636.93 1.29
926376.31 14636.93 1.29
926376.31 14636.93 1.29
926376.31 14636.93 1.29
926376.31 14636.93 1.29
926376.31 14636.93 1.29
926376.31 14636.93 1.29
926376.31 14636.93 1.29
926376.31 14636.93 1.29
926376.31 14636.93 1.29
926376.31 14636.93 1.29
926376.31 14636.93 1.29
926376.31 14636.93 1.29
926376.31 14636.93 1.29
926376.31 14636.93 1.29
926376.31 14636.93 1.29
926376.31 14636.93 1.29
926376.31 14636.93 1.29
926376.31 14636.93 1.29
926376.31 14636.93 1.29
926376.31 14636.93 1.29
926376.31 14636.93 1.29
926376.31 14636.93 1.29
926376.31 14636.93 1.29
926376.31 14636.93 1.29
926376.31 14636.93 1.29
926376.31 14636.93 1.29
926376.31 14636.93 1.29
926376.31 14636.93 1.29
922473.69 14810.46 1.56
922473.69 14810.46 1.56
922473.69 14810.46 1.56
922473.69 14810.46 1.56
922473.69 14810.46 1.56
922473.69 14810.46 1.56
922473.69 14810.46 1.56
922473.69 14810.46 1.56
922473.69 14810.46 1.56
922473.69 14810.46 1.56
922473.69 14810.46 1.56
922473.69 14810.46 1.56
922473.69 14810.46 1.56
922473.69 14810.46 1.56
922473.69 14810.46 1.56
922473.69 14810.46 1.56
922473.69 14810.46 1.56
922473.69 14810.46 1.56
941043.38 14063.14 1.07
941043.38 14063.14 1.07
902756.06 13864.68 1.19
902756.06 13864.68 1.19
902756.06 13864.68 1.19
902756.06 13864.68 1.19
902756.06 13864.68 1.19
902756.06 13864.68 1.19
902756.06 13864.68 1.19
902756.06 13864.68 1.19
902756.06 13864.68 1.19
902756.06 13864.68 1.19
902756.06 13864.68 1.19
902756.06 13864.68 1.19
902756.06 13864.68 1.19
902756.06 13864.68 1.19
902756.06 13864.68 1.19
902756.06 13864.68 1.19
902756.06 13864.68 1.19
902756.06 13864.68 1.19
902756.06 13864.68 1.19
902756.06 13864.68 1.19
902756.06 13864.68 1.19
902756.06 13864.68 1.19
902756.06 13864.68 1.19
902756.06 13864.68 1.19
902756.06 13864.68 1.19
902756.06 13864.68 1.19
902756.06 13864.68 1.19
902756.06 13864.68 1.19
902756.06 13864.68 1.19
902756.06 13864.68 1.19
902756.06 13864.68 1.19
902756.06 13864.68 1.19
902756.06 13864.68 1.19
902756.06 13864.68 1.19
902756.06 13864.68 1.19
902756.06 13864.68 1.19
902756.06 13864.68 1.19
902756.06 13864.68 1.19
902756.06 13864.68 1.19
902756.06 13864.68 1.19
902756.06 13864.68 1.19
902756.06 13864.68 1.19
902756.06 13864.68 1.19
902756.06 13864.68 1.19
902756.06 13864.68 1.19
902756.06 13864.68 1.19
902756.06 13864.68 1.19
902756.06 13864.68 1.19
902756.06 13864.68 1.19
902756.06 13864.68 1.19
902756.06 13864.68 1.19
902756.06 13864.68 1.19
902756.06 13864.68 1.19
902756.06 13864.68 1.19
902756.06 13864.68 1.19
902756.06 13864.68 1.19
902756.06 13864.68 1.19
902756.06 13864.68 1.19
902756.06 13864.68 1.19
902756.06 13864.68 1.19
902756.06 13864.68 1.19
902756.06 13864.68 1.19
902756.06 13864.68 1.19
902756.06 13864.68 1.19
902756.06 13864.68 1.19
902756.06 13864.68 1.19
902756.06 13864.68 1.19
902756.06 13864.68 1.19
902756.06 13864.68 1.19
902756.06 13864.68 1.19
902756.06 13864.68 1.19
902756.06 13864.68 1.19
902756.06 13864.68 1.19
902756.06 13864.68 1.19
902756.06 13864.68 1.19
902756.06 13864.68 1.19
902756.06 13864.68 1.19
902756.06 13864.68 1.19
990719.88 14812.54 0.98
990719.88 14812.54 0.98
990719.88 14812.54 0.98
990719.88 14812.54 0.98
990719.88 14812.54 0.98
990719.88 14812.54 0.98
990719.88 14812.54 0.98
990719.88 14812.54 0.98
990719.88 14812.54 0.98
990719.88 14812.54 0.98
990719.88 14812.54 0.98
990719.88 14812.54 0.98
990719.88 14812.54 0.98
990719.88 14812.54 0.98
990719.88 14812.54 0.98
990719.88 14812.54 0.98
990719.88 14812.54 0.98
990719.88 14812.54 0.98
990719.88 14812.54 0.98
990719.88 14812.54 0.98
990719.88 14812.54 0.98
990719.88 14812.54 0.98
990719.88 14812.54 0.98
990719.88 14812.54 0.98
990719.88 14812.54 0.98
990719.88 14812.54 0.98
990719.88 14812.54 0.98
990719.88 14812.54 0.98
990719.88 14812.54 0.98
990719.88 14812.54 0.98
990719.88 14812.54 0.98
990719.88 14812.54 0.98
990719.88 14812.54 0.98
990719.88 14812.54 0.98
990719.88 14812.54 0.98
990719.88 14812.54 0.98
990719.88 14812.54 0.98
990719.88 14812.54 0.98
990719.88 14812.54 0.98
990719.88 14812.54 0.98
990719.88 14812.54 0.98
990719.88 14812.54 0.98
990719.88 14812.54 0.98
990719.88 14812.54 0.98
990719.88 14812.54 0.98
990719.88 14812.54 0.98
990719.88 14812.54 0.98
990719.88 14812.54 0.98
990719.88 14812.54 0.98
990719.88 14812.54 0.98
990719.88 14812.54 0.98
990719.88 14812.54 0.98
990719.88 14812.54 0.98
990719.88 14812.54 0.98
990719.88 14812.54 0.98
990719.88 14812.54 0.98
990719.88 14812.54 0.98
990719.88 14812.54 0.98
990719.88 14812.54 0.98
990719.88 14812.54 0.98
990719.88 14812.54 0.98
990719.88 14812.54 0.98
990719.88 14812.54 0.98
990719.88 14812.54 0.98
990719.88 14812.54 0.98
990719.88 14812.54 0.98
990719.88 14812.54 0.98
990719.88 14812.54 0.98
990719.88 14812.54 0.98
990719.88 14812.54 0.98
990719.88 14812.54 0.98
990719.88 14812.54 0.98
990719.88 14812.54 0.98
990719.88 14812.54 0.98
990719.88 14812.54 0.98
990719.88 14812.54 0.98
978723.50 14947.94 1.23
978723.50 14947.94 1.23
978723.50 14947.94 1.23
978723.50 14947.94 1.23
943263.50 14602.54 0.98
943263.50 14602.54 0.98
910859.94 14481.10 1.23
910859.94 14481.10 1.23
910859.94 14481.10 1.23
910859.94 14481.10 1.23
910859.94 14481.10 1.23
910859.94 14481.10 1.23
910859.94 14481.10 1.23
910859.94 14481.10 1.23
910859.94 14481.10 1.23
910859.94 14481.10 1.23
910859.94 14481.10 1.23
910859.94 14481.10 1.23
910859.94 14481.10 1.23
910859.94 14481.10 1.23
910859.94 14481.10 1.23
910859.94 14481.10 1.23
910859.94 14481.10 1.23
910859.94 14481.10 1.23
910859.94 14481.10 1.23
910859.94 14481.10 1.23
910859.94 14481.10 1.23
910859.94 14481.10 1.23
910859.94 14481.10 1.23
910859.94 14481.10 1.23
910859.94 14481.10 1.23
910859.94 14481.10 1.23
910859.94 14481.10 1.23
910859.94 14481.10 1.23
910859.94 14481.10 1.23
910859.94 14481.10 1.23
910859.94 14481.10 1.23
910859.94 14481.10 1.23
910859.94 14481.10 1.23
910859.94 14481.10 1.23
910859.94 14481.10 1.23
910859.94 14481.10 1.23
910859.94 14481.10 1.23
910859.94 14481.10 1.23
910859.94 14481.10 1.23
910859.94 14481.10 1.23
910859.94 14481.10 1.23
910859.94 14481.10 1.23
910859.94 14481.10 1.23
910859.94 14481.10 1.23
910859.94 14481.10 1.23
910859.94 14481.10 1.23
910859.94 14481.10 1.23
910859.94 14481.10 1.23
910859.94 14481.10 1.23
910859.94 14481.10 1.23
910859.94 14481.10 1.23
910859.94 14481.10 1.23
910859.94 14481.10 1.23
910859.94 14481.10 1.23
910859.94 14481.10 1.23
910859.94 14481.10 1.23
910859.94 14481.10 1.23
905309.56 14450.60 1.27
897204.81 14612.86 1.55
897204.81 14612.86 1.55
897204.81 14612.86 1.55
897204.81 14612.86 1.55
897204.81 14612.86 1.55
897204.81 14612.86 1.55
897204.81 14612.86 1.55
897204.81 14612.86 1.55
897204.81 14612.86 1.55
897204.81 14612.86 1.55
897204.81 14612.86 1.55
897204.81 14612.86 1.55
897204.81 14612.86 1.55
897204.81 14612.86 1.55
897204.81 14612.86 1.55
897204.81 14612.86 1.55
897204.81 14612.86 1.55
897204.81 14612.86 1.55
897204.81 14612.86 1.55
897204.81 14612.86 1.55
941043.38 14063.14 1.07
941043.38 14063.14 1.07
881581.75 14056.93 1.29
881581.75 14056.93 1.29
881581.75 14056.93 1.29
881581.75 14056.93 1.29
881581.75 14056.93 1.29
881581.75 14056.93 1.29
881581.75 14056.93 1.29
881581.75 14056.93 1.29
881581.75 14056.93 1.29
881581.75 14056.93 1.29
881581.75 14056.93 1.29
881581.75 14056.93 1.29
881581.75 14056.93 1.29
881581.75 14056.93 1.29
881581.75 14056.93 1.29
881581.75 14056.93 1.29
881581.75 14056.93 1.29
881581.75 14056.93 1.29
881581.75 14056.93 1.29
881581.75 14056.93 1.29
881581.75 14056.93 1.29
881581.75 14056.93 1.29
881581.75 14056.93 1.29
881581.75 14056.93 1.29
881581.75 14056.93 1.29
881581.75 14056.93 1.29
881581.75 14056.93 1.29
881581.75 14056.93 1.29
881581.75 14056.93 1.29
881581.75 14056.93 1.29
881581.75 14056.93 1.29
881581.75 14056.93 1.29
881581.75 14056.93 1.29
881581.75 14056.93 1.29
881581.75 14056.93 1.29
881581.75 14056.93 1.29
881581.75 14056.93 1.29
881581.75 14056.93 1.29
881581.75 14056.93 1.29
881581.75 14056.93 1.29
881581.75 14056.93 1.29
881581.75 14056.93 1.29
881581.75 14056.93 1.29
881581.75 14056.93 1.29
881581.75 14056.93 1.29
881581.75 14056.93 1.29
881581.75 14056.93 1.29
881581.75 14056.93 1.29
881581.75 14056.93 1.29
881581.75 14056.93 1.29
881581.75 14056.93 1.29
881581.75 14056.93 1.29
881581.75 14056.93 1.29
881581.75 14056.93 1.29
881581.75 14056.93 1.29
881581.75 14056.93 1.29
881581.75 14056.93 1.29
881581.75 14056.93 1.29
877311.69 14022.46 1.31
877311.69 14022.46 1.31
877311.69 14022.46 1.31
877311.69 14022.46 1.31
877311.69 14022.46 1.31
877311.69 14022.46 1.31
877311.69 14022.46 1.31
877311.69 14022.46 1.31
877311.69 14022.46 1.31
877311.69 14022.46 1.31
877311.69 14022.46 1.31
869943.56 14192.33 1.53
865382.56 14455.01 1.83
877311.69 14022.46 1.31
902756.06 13864.68 1.19
888846.56 13624.49 8.11
902756.06 13864.68 1.19
871939.00 14074.75 1.81
863921.56 14671.49 3.55
902756.06 13864.68 1.19
902756.06 13864.68 1.19
871939.00 14074.75 1.81
863921.56 14671.49 3.55
865053.31 14554.45 2.34
871939.00 14074.75 1.81
860793.75 14727.98 2.62
885909.25 13943.00 1.50
858167.56 15446.86 4.51
859659.88 14845.02 3.82
898645.19 13913.31 7.96
885909.25 13943.00 1.50
858167.56 15446.86 4.51
859304.56 15329.83 3.31
885262.94 14045.07 7.93
941043.38 14063.14 1.07
881694.31 14116.52 1.77
898574.69 14038.21 1.46
898574.69 14038.21 1.46
902756.06 13864.68 1.19
898574.69 14038.21 1.46
858167.56 15446.86 4.51
865053.31 14554.45 2.34
885909.25 13943.00 1.50
871939.00 14074.75 1.81
898574.69 14038.21 1.46
865053.31 14554.45 2.34
865053.31 14554.45 2.34
871939.00 14074.75 1.81
898645.19 13913.31 7.96
885262.94 14045.07 7.93
881694.31 14116.52 1.77
902756.06 13864.68 1.19
881694.31 14116.52 1.77
881694.31 14116.52 1.77
867694.06 14248.28 2.09
885909.25 13943.00 1.50
871939.00 14074.75 1.81
885909.25 13943.00 1.50
858167.56 15446.86 4.51
858167.56 15446.86 4.51
863921.56 14671.49 3.55
898574.69 14038.21 1.46
898574.69 14038.21 1.46
865053.31 14554.45 2.34
898645.19 13913.31 7.96
867694.06 14248.28 2.09
885909.25 13943.00 1.50
859659.88 14845.02 3.82
871939.00 14074.75 1.81
898574.69 14038.21 1.46
898574.69 14038.21 1.46
881694.31 14116.52 1.77
885909.25 13943.00 1.50
898574.69 14038.21 1.46
885909.25 13943.00 1.50
867694.06 14248.28 2.09
902756.06 13864.68 1.19
902756.06 13864.68 1.19
863921.56 14671.49 3.55
858167.56 15446.86 4.51
859659.88 14845.02 3.82
925063.69 13380.00 8.12
941018.44 14547.54 0.98
941018.44 14547.54 0.98
941018.44 14547.54 0.98
941018.44 14547.54 0.98
941018.44 14547.54 0.98
941018.44 14547.54 0.98
941018.44 14547.54 0.98
941018.44 14547.54 0.98
941018.44 14547.54 0.98
941018.44 14547.54 0.98
941018.44 14547.54 0.98
941018.44 14547.54 0.98
941018.44 14547.54 0.98
941018.44 14547.54 0.98
941018.44 14547.54 0.98
941018.44 14547.54 0.98
941018.44 14547.54 0.98
941018.44 14547.54 0.98
941018.44 14547.54 0.98
941018.44 14547.54 0.98
941018.44 14547.54 0.98
941018.44 14547.54 0.98
941018.44 14547.54 0.98
941018.44 14547.54 0.98
941018.44 14547.54 0.98
941018.44 14547.54 0.98
941018.44 14547.54 0.98
941018.44 14547.54 0.98
941018.44 14547.54 0.98
941018.44 14547.54 0.98
941018.44 14547.54 0.98
952793.88 14242.54 0.98
941018.44 14547.54 0.98
941018.44 14547.54 0.98
941018.44 14547.54 0.98
941018.44 14547.54 0.98
941018.44 14547.54 0.98
941018.44 14547.54 0.98
941018.44 14547.54 0.98
941018.44 14547.54 0.98
941018.44 14547.54 0.98
952793.88 14242.54 0.98
948664.38 14447.54 0.98
948664.38 14447.54 0.98
952793.88 14242.54 0.98
952793.88 14242.54 0.98
952793.88 14242.54 0.98
952793.88 14242.54 0.98
952793.88 14242.54 0.98
952793.88 14242.54 0.98
952793.88 14242.54 0.98
941018.44 14547.54 0.98
952793.88 14242.54 0.98
952793.88 14242.54 0.98
952793.88 14242.54 0.98
952793.88 14242.54 0.98
952793.88 14242.54 0.98
952793.88 14242.54 0.98
952793.88 14242.54 0.98
952793.88 14242.54 0.98
952793.88 14242.54 0.98
948664.38 14447.54 0.98
941018.44 14547.54 0.98
941018.44 14547.54 0.98
941018.44 14547.54 0.98
941018.44 14547.54 0.98
941018.44 14547.54 0.98
941018.44 14547.54 0.98
941018.44 14547.54 0.98
941018.44 14547.54 0.98
941018.44 14547.54 0.98
941018.44 14547.54 0.98
941018.44 14547.54 0.98
941018.44 14547.54 0.98
941018.44 14547.54 0.98
941018.44 14547.54 0.98
941018.44 14547.54 0.98
941018.44 14547.54 0.98
941018.44 14547.54 0.98
948664.38 14447.54 0.98
963540.06 14507.54 0.98
963540.06 14507.54 0.98
963540.06 14507.54 0.98
963540.06 14507.54 0.98
963540.06 14507.54 0.98
963540.06 14507.54 0.98
963540.06 14507.54 0.98
963540.06 14507.54 0.98
963540.06 14507.54 0.98
963540.06 14507.54 0.98
963540.06 14507.54 0.98
963540.06 14507.54 0.98
963540.06 14507.54 0.98
963540.06 14507.54 0.98
963540.06 14507.54 0.98
963540.06 14507.54 0.98
963540.06 14507.54 0.98
963540.06 14507.54 0.98
963540.06 14507.54 0.98
963540.06 14507.54 0.98
963540.06 14507.54 0.98
963540.06 14507.54 0.98
963540.06 14507.54 0.98
963540.06 14507.54 0.98
963540.06 14507.54 0.98
963540.06 14507.54 0.98
963540.06 14507.54 0.98
963540.06 14507.54 0.98
963540.06 14507.54 0.98
963540.06 14507.54 0.98
963540.06 14507.54 0.98
963540.06 14507.54 0.98
963540.06 14507.54 0.98
963540.06 14507.54 0.98
963540.06 14507.54 0.98
963540.06 14507.54 0.98
963540.06 14507.54 0.98
963540.06 14507.54 0.98
963540.06 14507.54 0.98
963540.06 14507.54 0.98
963540.06 14507.54 0.98
963540.06 14507.54 0.98
963540.06 14507.54 0.98
963540.06 14507.54 0.98
948941.56 14628.32 1.29
979001.19 14403.32 1.29
948941.56 14628.32 1.29
948941.56 14628.32 1.29
948941.56 14628.32 1.29
948941.56 14628.32 1.29
948941.56 14628.32 1.29
948941.56 14628.32 1.29
948941.56 14628.32 1.29
948941.56 14628.32 1.29
948941.56 14628.32 1.29
948941.56 14628.32 1.29
947802.75 14585.86 1.30
947802.75 14585.86 1.30
947802.75 14585.86 1.30
947802.75 14585.86 1.30
947802.75 14585.86 1.30
947802.75 14585.86 1.30
947802.75 14585.86 1.30
947802.75 14585.86 1.30
947802.75 14585.86 1.30
947802.75 14585.86 1.30
961119.25 14179.71 1.31
961119.25 14179.71 1.31
961119.25 14179.71 1.31
961119.25 14179.71 1.31
961119.25 14179.71 1.31
961119.25 14179.71 1.31
961119.25 14179.71 1.31
961119.25 14179.71 1.31
961119.25 14179.71 1.31
961119.25 14179.71 1.31
961119.25 14179.71 1.31
961119.25 14179.71 1.31
961119.25 14179.71 1.31
933906.88 14716.18 1.64
923314.38 14342.54 0.98
930981.12 14242.54 0.98
930981.12 14242.54 0.98
930981.12 14242.54 0.98
930981.12 14242.54 0.98
930981.12 14242.54 0.98
930981.12 14242.54 0.98
930981.12 14242.54 0.98
930981.12 14242.54 0.98
930981.12 14242.54 0.98
930981.12 14242.54 0.98
923314.38 14342.54 0.98
923314.38 14342.54 0.98
923314.38 14342.54 0.98
923314.38 14342.54 0.98
923314.38 14342.54 0.98
923314.38 14342.54 0.98
923314.38 14342.54 0.98
923314.38 14342.54 0.98
923314.38 14342.54 0.98
923314.38 14342.54 0.98
923314.38 14342.54 0.98
923314.38 14342.54 0.98
923314.38 14342.54 0.98
923314.38 14342.54 0.98
923314.38 14342.54 0.98
923314.38 14342.54 0.98
923314.38 14342.54 0.98
923314.38 14342.54 0.98
923314.38 14342.54 0.98
923314.38 14342.54 0.98
923314.38 14342.54 0.98
890910.75 14221.10 1.23
890910.75 14221.10 1.23
890910.75 14221.10 1.23
890910.75 14221.10 1.23
890910.75 14221.10 1.23
890910.75 14221.10 1.23
890910.75 14221.10 1.23
890910.75 14221.10 1.23
890910.75 14221.10 1.23
890910.75 14221.10 1.23
890910.75 14221.10 1.23
890910.75 14221.10 1.23
890910.75 14221.10 1.23
890910.75 14221.10 1.23
890910.75 14221.10 1.23
890910.75 14221.10 1.23
890910.75 14221.10 1.23
890910.75 14221.10 1.23
890910.75 14221.10 1.23
890910.75 14221.10 1.23
890910.75 14221.10 1.23
890910.75 14221.10 1.23
890910.75 14221.10 1.23
890910.75 14221.10 1.23
890910.75 14221.10 1.23
890910.75 14221.10 1.23
890910.75 14221.10 1.23
890910.75 14221.10 1.23
890910.75 14221.10 1.23
890910.75 14221.10 1.23
890910.75 14221.10 1.23
890910.75 14221.10 1.23
890910.75 14221.10 1.23
890910.75 14221.10 1.23
890910.75 14221.10 1.23
890910.75 14221.10 1.23
890910.75 14221.10 1.23
890910.75 14221.10 1.23
890910.75 14221.10 1.23
890910.75 14221.10 1.23
890910.75 14221.10 1.23
890910.75 14221.10 1.23
890910.75 14221.10 1.23
890910.75 14221.10 1.23
890910.75 14221.10 1.23
890910.75 14221.10 1.23
890910.75 14221.10 1.23
890910.75 14221.10 1.23
923314.38 14342.54 0.98
923314.38 14342.54 0.98
923314.38 14342.54 0.98
923314.38 14342.54 0.98
923314.38 14342.54 0.98
923314.38 14342.54 0.98
923314.38 14342.54 0.98
923314.38 14342.54 0.98
923314.38 14342.54 0.98
923314.38 14342.54 0.98
923314.38 14342.54 0.98
923314.38 14342.54 0.98
923314.38 14342.54 0.98
923314.38 14342.54 0.98
923314.38 14342.54 0.98
923314.38 14342.54 0.98
923314.38 14342.54 0.98
923314.38 14342.54 0.98
923314.38 14342.54 0.98
923314.38 14342.54 0.98
923314.38 14342.54 0.98
923314.38 14342.54 0.98
923314.38 14342.54 0.98
923314.38 14342.54 0.98
923314.38 14342.54 0.98
923314.38 14342.54 0.98
923314.38 14342.54 0.98
923314.38 14342.54 0.98
923314.38 14342.54 0.98
923314.38 14342.54 0.98
923314.38 14342.54 0.98
923314.38 14342.54 0.98
923314.38 14342.54 0.98
923314.38 14342.54 0.98
923314.38 14342.54 0.98
923314.38 14342.54 0.98
923314.38 14342.54 0.98
923314.38 14342.54 0.98
923314.38 14342.54 0.98
923314.38 14342.54 0.98
923314.38 14342.54 0.98
934495.19 14037.54 0.98
934495.19 14037.54 0.98
934495.19 14037.54 0.98
934495.19 14037.54 0.98
934495.19 14037.54 0.98
934495.19 14037.54 0.98
934495.19 14037.54 0.98
934495.19 14037.54 0.98
934495.19 14037.54 0.98
934495.19 14037.54 0.98
934495.19 14037.54 0.98
934495.19 14037.54 0.98
934495.19 14037.54 0.98
934495.19 14037.54 0.98
934495.19 14037.54 0.98
934495.19 14037.54 0.98
934495.19 14037.54 0.98
934495.19 14037.54 0.98
934495.19 14037.54 0.98
923314.38 14342.54 0.98
923314.38 14342.54 0.98
923314.38 14342.54 0.98
923314.38 14342.54 0.98
923314.38 14342.54 0.98
923314.38 14342.54 0.98
923314.38 14342.54 0.98
923314.38 14342.54 0.98
923314.38 14342.54 0.98
923314.38 14342.54 0.98
923314.38 14342.54 0.98
923314.38 14342.54 0.98
923314.38 14342.54 0.98
923314.38 14342.54 0.98
923314.38 14342.54 0.98
923314.38 14342.54 0.98
933774.44 14257.54 0.98
923314.38 14342.54 0.98
934495.19 14037.54 0.98
934495.19 14037.54 0.98
1069228.12 15927.54 0.98
1040623.75 15979.01 1.12
1055473.88 15809.01 1.12
1003909.25 16052.35 1.74
1003909.25 16052.35 1.74
1051703.62 15449.04 1.82
1028427.81 15499.04 1.90
1041783.12 15234.04 2.00
1024341.81 15389.04 2.00
991847.00 16195.67 2.06
1024218.25 15339.04 2.08
1024218.25 15339.04 2.08
1024218.25 15339.04 2.08
1024218.25 15339.04 2.08
1024218.25 15339.04 2.08
1024218.25 15339.04 2.08
1024218.25 15339.04 2.08
1024218.25 15339.04 2.08
1024218.25 15339.04 2.08
1024218.25 15339.04 2.08
1024218.25 15339.04 2.08
1024218.25 15339.04 2.08
1023190.38 15779.04 2.09
1023190.38 15779.04 2.09
1006080.69 15049.04 2.09
1006080.69 15049.04 2.09
1006080.69 15049.04 2.09
1006080.69 15049.04 2.09
1006080.69 15049.04 2.09
1006080.69 15049.04 2.09
1006080.69 15049.04 2.09
1006080.69 15049.04 2.09
1006080.69 15049.04 2.09
1006080.69 15049.04 2.09
1006080.69 15049.04 2.09
1006080.69 15049.04 2.09
1006080.69 15049.04 2.09
1006080.69 15049.04 2.09
1006080.69 15049.04 2.09
1006080.69 15049.04 2.09
1006080.69 15049.04 2.09
1006080.69 15049.04 2.09
1006080.69 15049.04 2.09
1006080.69 15049.04 2.09
1006080.69 15049.04 2.09
1006080.69 15049.04 2.09
1006080.69 15049.04 2.09
1006080.69 15049.04 2.09
1006080.69 15049.04 2.09
1006080.69 15049.04 2.09
1006080.69 15049.04 2.09
1006080.69 15049.04 2.09
1006080.69 15049.04 2.09
1006080.69 15049.04 2.09
1006080.69 15049.04 2.09
1006080.69 15049.04 2.09
1006080.69 15049.04 2.09
1006080.69 15049.04 2.09
1006080.69 15049.04 2.09
1006080.69 15049.04 2.09
1006080.69 15049.04 2.09
1006080.69 15049.04 2.09
1006080.69 15049.04 2.09
1006080.69 15049.04 2.09
1006080.69 15049.04 2.09
1006080.69 15049.04 2.09
1006080.69 15049.04 2.09
1006080.69 15049.04 2.09
1006080.69 15049.04 2.09
1006080.69 15049.04 2.09
1006080.69 15049.04 2.09
1006080.69 15049.04 2.09
1006080.69 15049.04 2.09
1006080.69 15049.04 2.09
1006080.69 15049.04 2.09
1006080.69 15049.04 2.09
1006080.69 15049.04 2.09
1006080.69 15049.04 2.09
1006080.69 15049.04 2.09
1006080.69 15049.04 2.09
923314.38 14342.54 0.98
923314.38 14342.54 0.98
923314.38 14342.54 0.98
923314.38 14342.54 0.98
923314.38 14342.54 0.98
923314.38 14342.54 0.98
923314.38 14342.54 0.98
923314.38 14342.54 0.98
923314.38 14342.54 0.98
923314.38 14342.54 0.98
923314.38 14342.54 0.98
923314.38 14342.54 0.98
923314.38 14342.54 0.98
923314.38 14342.54 0.98
923314.38 14342.54 0.98
923314.38 14342.54 0.98
923314.38 14342.54 0.98
923314.38 14342.54 0.98
923314.38 14342.54 0.98
923314.38 14342.54 0.98
923314.38 14342.54 0.98
923314.38 14342.54 0.98
923314.38 14342.54 0.98
923314.38 14342.54 0.98
923314.38 14342.54 0.98
923314.38 14342.54 0.98
923314.38 14342.54 0.98
923314.38 14342.54 0.98
923314.38 14342.54 0.98
923314.38 14342.54 0.98
923314.38 14342.54 0.98
923314.38 14342.54 0.98
934495.19 14037.54 0.98
923314.38 14342.54 0.98
923314.38 14342.54 0.98
923314.38 14342.54 0.98
923314.38 14342.54 0.98
923314.38 14342.54 0.98
923314.38 14342.54 0.98
923314.38 14342.54 0.98
923314.38 14342.54 0.98
923314.38 14342.54 0.98
934495.19 14037.54 0.98
934495.19 14037.54 0.98
934495.19 14037.54 0.98
934495.19 14037.54 0.98
934495.19 14037.54 0.98
934495.19 14037.54 0.98
934495.19 14037.54 0.98
934495.19 14037.54 0.98
934495.19 14037.54 0.98
934495.19 14037.54 0.98
923314.38 14342.54 0.98
934495.19 14037.54 0.98
934495.19 14037.54 0.98
934495.19 14037.54 0.98
934495.19 14037.54 0.98
934495.19 14037.54 0.98
934495.19 14037.54 0.98
934495.19 14037.54 0.98
934495.19 14037.54 0.98
934495.19 14037.54 0.98
930981.12 14242.54 0.98
923314.38 14342.54 0.98
923314.38 14342.54 0.98
923314.38 14342.54 0.98
923314.38 14342.54 0.98
923314.38 14342.54 0.98
923314.38 14342.54 0.98
923314.38 14342.54 0.98
923314.38 14342.54 0.98
923314.38 14342.54 0.98
923314.38 14342.54 0.98
923314.38 14342.54 0.98
923314.38 14342.54 0.98
923314.38 14342.54 0.98
923314.38 14342.54 0.98
923314.38 14342.54 0.98
923314.38 14342.54 0.98
923314.38 14342.54 0.98
932119.12 14193.14 1.07
932119.12 14193.14 1.07
881581.75 14056.93 1.29
881581.75 14056.93 1.29
881581.75 14056.93 1.29
881581.75 14056.93 1.29
881581.75 14056.93 1.29
881581.75 14056.93 1.29
881581.75 14056.93 1.29
881581.75 14056.93 1.29
881581.75 14056.93 1.29
881581.75 14056.93 1.29
881581.75 14056.93 1.29
881581.75 14056.93 1.29
881581.75 14056.93 1.29
881581.75 14056.93 1.29
881581.75 14056.93 1.29
881581.75 14056.93 1.29
881581.75 14056.93 1.29
881581.75 14056.93 1.29
881581.75 14056.93 1.29
881581.75 14056.93 1.29
881581.75 14056.93 1.29
881581.75 14056.93 1.29
881581.75 14056.93 1.29
881581.75 14056.93 1.29
881581.75 14056.93 1.29
881581.75 14056.93 1.29
881581.75 14056.93 1.29
881581.75 14056.93 1.29
881581.75 14056.93 1.29
881581.75 14056.93 1.29
881581.75 14056.93 1.29
881581.75 14056.93 1.29
881581.75 14056.93 1.29
881581.75 14056.93 1.29
881581.75 14056.93 1.29
881581.75 14056.93 1.29
881581.75 14056.93 1.29
881581.75 14056.93 1.29
881581.75 14056.93 1.29
881581.75 14056.93 1.29
881581.75 14056.93 1.29
881581.75 14056.93 1.29
881581.75 14056.93 1.29
881581.75 14056.93 1.29
881581.75 14056.93 1.29
881581.75 14056.93 1.29
881581.75 14056.93 1.29
881581.75 14056.93 1.29
881581.75 14056.93 1.29
881581.75 14056.93 1.29
881581.75 14056.93 1.29
881581.75 14056.93 1.29
881581.75 14056.93 1.29
877311.69 14022.46 1.31
877311.69 14022.46 1.31
877311.69 14022.46 1.31
877311.69 14022.46 1.31
877311.69 14022.46 1.31
877311.69 14022.46 1.31
877311.69 14022.46 1.31
877311.69 14022.46 1.31
877311.69 14022.46 1.31
877311.69 14022.46 1.31
877311.69 14022.46 1.31
877311.69 14022.46 1.31
877311.69 14022.46 1.31
877311.69 14022.46 1.31
877311.69 14022.46 1.31
877311.69 14022.46 1.31
877311.69 14022.46 1.31
877311.69 14022.46 1.31
877311.69 14022.46 1.31
877311.69 14022.46 1.31
877311.69 14022.46 1.31
877311.69 14022.46 1.31
877311.69 14022.46 1.31
877311.69 14022.46 1.31
877311.69 14022.46 1.31
949533.00 14398.14 1.07
949533.00 14398.14 1.07
959011.25 14268.14 1.07
959011.25 14268.14 1.07
904394.94 14179.68 1.19
904394.94 14179.68 1.19
904394.94 14179.68 1.19
904394.94 14179.68 1.19
904394.94 14179.68 1.19
904394.94 14179.68 1.19
904394.94 14179.68 1.19
904394.94 14179.68 1.19
904394.94 14179.68 1.19
904394.94 14179.68 1.19
904394.94 14179.68 1.19
904394.94 14179.68 1.19
904394.94 14179.68 1.19
904394.94 14179.68 1.19
904394.94 14179.68 1.19
904394.94 14179.68 1.19
904394.94 14179.68 1.19
904394.94 14179.68 1.19
904394.94 14179.68 1.19
904394.94 14179.68 1.19
904394.94 14179.68 1.19
904394.94 14179.68 1.19
904394.94 14179.68 1.19
904394.94 14179.68 1.19
904394.94 14179.68 1.19
904394.94 14179.68 1.19
904394.94 14179.68 1.19
904394.94 14179.68 1.19
904394.94 14179.68 1.19
904394.94 14179.68 1.19
904394.94 14179.68 1.19
904394.94 14179.68 1.19
904394.94 14179.68 1.19
904394.94 14179.68 1.19
904394.94 14179.68 1.19
904394.94 14179.68 1.19
920744.81 14069.68 1.19
904394.94 14179.68 1.19
920744.81 14069.68 1.19
920744.81 14069.68 1.19
920744.81 14069.68 1.19
920744.81 14069.68 1.19
920744.81 14069.68 1.19
920744.81 14069.68 1.19
920744.81 14069.68 1.19
920744.81 14069.68 1.19
920744.81 14069.68 1.19
920744.81 14069.68 1.19
920744.81 14069.68 1.19
920744.81 14069.68 1.19
920744.81 14069.68 1.19
920744.81 14069.68 1.19
920744.81 14069.68 1.19
920744.81 14069.68 1.19
920744.81 14069.68 1.19
920744.81 14069.68 1.19
920744.81 14069.68 1.19
904394.94 14179.68 1.19
904394.94 14179.68 1.19
904394.94 14179.68 1.19
904394.94 14179.68 1.19
904394.94 14179.68 1.19
904394.94 14179.68 1.19
904394.94 14179.68 1.19
904394.94 14179.68 1.19
904394.94 14179.68 1.19
904394.94 14179.68 1.19
904394.94 14179.68 1.19
904394.94 14179.68 1.19
904394.94 14179.68 1.19
904394.94 14179.68 1.19
904394.94 14179.68 1.19
904394.94 14179.68 1.19
904394.94 14179.68 1.19
904394.94 14179.68 1.19
920744.81 14069.68 1.19