941043.38 14063.14 1.07
941043.38 14063.14 1.07
941043.38 14063.14 1.07
941043.38 14063.14 1.07
941043.38 14063.14 1.07
902756.06 13864.68 1.19
902756.06 13864.68 1.19
902756.06 13864.68 1.19
902756.06 13864.68 1.19
902756.06 13864.68 1.19
902756.06 13864.68 1.19
902756.06 13864.68 1.19
902756.06 13864.68 1.19
902756.06 13864.68 1.19
902756.06 13864.68 1.19
902756.06 13864.68 1.19
902756.06 13864.68 1.19
902756.06 13864.68 1.19
902756.06 13864.68 1.19
902756.06 13864.68 1.19
902756.06 13864.68 1.19
902756.06 13864.68 1.19
902756.06 13864.68 1.19
902756.06 13864.68 1.19
902756.06 13864.68 1.19
902756.06 13864.68 1.19
902756.06 13864.68 1.19
902756.06 13864.68 1.19
902756.06 13864.68 1.19
902756.06 13864.68 1.19
902756.06 13864.68 1.19
902756.06 13864.68 1.19
902756.06 13864.68 1.19
902756.06 13864.68 1.19
902756.06 13864.68 1.19
902756.06 13864.68 1.19
902756.06 13864.68 1.19
902756.06 13864.68 1.19
902756.06 13864.68 1.19
902756.06 13864.68 1.19
902756.06 13864.68 1.19
902756.06 13864.68 1.19
902756.06 13864.68 1.19
902756.06 13864.68 1.19
902756.06 13864.68 1.19
902756.06 13864.68 1.19
902756.06 13864.68 1.19
902756.06 13864.68 1.19
902756.06 13864.68 1.19
902756.06 13864.68 1.19
902756.06 13864.68 1.19
902756.06 13864.68 1.19
902756.06 13864.68 1.19
902756.06 13864.68 1.19
902756.06 13864.68 1.19
902756.06 13864.68 1.19
902756.06 13864.68 1.19
902756.06 13864.68 1.19
902756.06 13864.68 1.19
902756.06 13864.68 1.19
902756.06 13864.68 1.19
902756.06 13864.68 1.19
902756.06 13864.68 1.19
902756.06 13864.68 1.19
902756.06 13864.68 1.19
902756.06 13864.68 1.19
902756.06 13864.68 1.19
902756.06 13864.68 1.19
902756.06 13864.68 1.19
902756.06 13864.68 1.19
902756.06 13864.68 1.19
902756.06 13864.68 1.19
902756.06 13864.68 1.19
902756.06 13864.68 1.19
902756.06 13864.68 1.19
890673.00 14000.08 1.43
890673.00 14000.08 1.43
890673.00 14000.08 1.43
890673.00 14000.08 1.43
890673.00 14000.08 1.43
955604.38 14631.93 1.29
955604.38 14631.93 1.29
955604.38 14631.93 1.29
955604.38 14631.93 1.29
955604.38 14631.93 1.29
955604.38 14631.93 1.29
955604.38 14631.93 1.29
955604.38 14631.93 1.29
955604.38 14631.93 1.29
955604.38 14631.93 1.29
955604.38 14631.93 1.29
955604.38 14631.93 1.29
955604.38 14631.93 1.29
955604.38 14631.93 1.29
955604.38 14631.93 1.29
955604.38 14631.93 1.29
955604.38 14631.93 1.29
955604.38 14631.93 1.29
956901.06 14621.93 1.29
956901.06 14621.93 1.29
955604.38 14631.93 1.29
955604.38 14631.93 1.29
955604.38 14631.93 1.29
955604.38 14631.93 1.29
955604.38 14631.93 1.29
955604.38 14631.93 1.29
955604.38 14631.93 1.29
955604.38 14631.93 1.29
955604.38 14631.93 1.29
955604.38 14631.93 1.29
956901.06 14621.93 1.29
955604.38 14631.93 1.29
955604.38 14631.93 1.29
955604.38 14631.93 1.29
955604.38 14631.93 1.29
955604.38 14631.93 1.29
955604.38 14631.93 1.29
955604.38 14631.93 1.29
955604.38 14631.93 1.29
955604.38 14631.93 1.29
956901.06 14621.93 1.29
956901.06 14621.93 1.29
956901.06 14621.93 1.29
956901.06 14621.93 1.29
956901.06 14621.93 1.29
956901.06 14621.93 1.29
956901.06 14621.93 1.29
956901.06 14621.93 1.29
956901.06 14621.93 1.29
956901.06 14621.93 1.29
956901.06 14621.93 1.29
956901.06 14621.93 1.29
956901.06 14621.93 1.29
956901.06 14621.93 1.29
956901.06 14621.93 1.29
956901.06 14621.93 1.29
956901.06 14621.93 1.29
956901.06 14621.93 1.29
956901.06 14621.93 1.29
974567.62 14606.93 1.29
956901.06 14621.93 1.29
956901.06 14621.93 1.29
956901.06 14621.93 1.29
956901.06 14621.93 1.29
956901.06 14621.93 1.29
956901.06 14621.93 1.29
956901.06 14621.93 1.29
956901.06 14621.93 1.29
956901.06 14621.93 1.29
956901.06 14621.93 1.29
956901.06 14621.93 1.29
956901.06 14621.93 1.29
956901.06 14621.93 1.29
956901.06 14621.93 1.29
956901.06 14621.93 1.29
956901.06 14621.93 1.29
956901.06 14621.93 1.29
956901.06 14621.93 1.29
956901.06 14621.93 1.29
956901.06 14621.93 1.29
1090207.62 15939.71 2.69
1090207.62 15939.71 2.69
1090207.62 15939.71 2.69
1090207.62 15939.71 2.69
1090207.62 15939.71 2.69
1090207.62 15939.71 2.69
1090207.62 15939.71 2.69
1090207.62 15939.71 2.69
1090207.62 15939.71 2.69
1090207.62 15939.71 2.69
1090207.62 15939.71 2.69
1090207.62 15939.71 2.69
1090207.62 15939.71 2.69
1090207.62 15939.71 2.69
1090207.62 15939.71 2.69
1090303.62 15924.71 2.69
1090303.62 15924.71 2.69
1090303.62 15924.71 2.69
1090303.62 15924.71 2.69
1090303.62 15924.71 2.69
1090303.62 15924.71 2.69
1090207.62 15939.71 2.69
1071861.12 16144.71 2.69
1071994.88 16129.71 2.69
1090207.62 15939.71 2.69
1090207.62 15939.71 2.69
1090207.62 15939.71 2.69
1090207.62 15939.71 2.69
1090207.62 15939.71 2.69
1090207.62 15939.71 2.69
1090207.62 15939.71 2.69
1090303.62 15924.71 2.69
1090207.62 15939.71 2.69
1090207.62 15939.71 2.69
1090207.62 15939.71 2.69
1090207.62 15939.71 2.69
1090207.62 15939.71 2.69
1090207.62 15939.71 2.69
1090207.62 15939.71 2.69
1090207.62 15939.71 2.69
1090207.62 15939.71 2.69
1090303.62 15924.71 2.69
1090303.62 15924.71 2.69
1090303.62 15924.71 2.69
1090303.62 15924.71 2.69
1090303.62 15924.71 2.69
1090303.62 15924.71 2.69
1090303.62 15924.71 2.69
1090303.62 15924.71 2.69
1090303.62 15924.71 2.69
1090303.62 15924.71 2.69
1090303.62 15924.71 2.69
1090303.62 15924.71 2.69
1090303.62 15924.71 2.69
1090303.62 15924.71 2.69
1090303.62 15924.71 2.69
1090303.62 15924.71 2.69
1090303.62 15924.71 2.69
1090303.62 15924.71 2.69
1090303.62 15924.71 2.69
1090303.62 15924.71 2.69
1090303.62 15924.71 2.69
1090303.62 15924.71 2.69
1090303.62 15924.71 2.69
1090303.62 15924.71 2.69
1090303.62 15924.71 2.69
1090303.62 15924.71 2.69
1090303.62 15924.71 2.69
1090303.62 15924.71 2.69
1090303.62 15924.71 2.69
1090303.62 15924.71 2.69
1090303.62 15924.71 2.69
1090303.62 15924.71 2.69
1090303.62 15924.71 2.69
1090303.62 15924.71 2.69
1090303.62 15924.71 2.69
1090303.62 15924.71 2.69
1090303.62 15924.71 2.69
1090303.62 15924.71 2.69
1090303.62 15924.71 2.69
1077961.25 15921.78 1.30
1077961.25 15921.78 1.30
1077961.25 15921.78 1.30
1077961.25 15921.78 1.30
1077961.25 15921.78 1.30
1077961.25 15921.78 1.30
1077961.25 15921.78 1.30
1077961.25 15921.78 1.30
1077961.25 15921.78 1.30
1077961.25 15921.78 1.30
1058087.75 15741.78 1.31
1058087.75 15741.78 1.31
1058087.75 15741.78 1.31
1058087.75 15741.78 1.31
1058087.75 15741.78 1.31
1058087.75 15741.78 1.31
1058087.75 15741.78 1.31
1058087.75 15741.78 1.31
1058087.75 15741.78 1.31
1058087.75 15741.78 1.31
1058087.75 15741.78 1.31
1058087.75 15741.78 1.31
1058087.75 15741.78 1.31
1058087.75 15741.78 1.31
1058087.75 15741.78 1.31
1058087.75 15741.78 1.31
1058087.75 15741.78 1.31
1058087.75 15741.78 1.31
1058087.75 15741.78 1.31
1058087.75 15741.78 1.31
1058087.75 15741.78 1.31
1058087.75 15741.78 1.31
1058087.75 15741.78 1.31
1058087.75 15741.78 1.31
1058087.75 15741.78 1.31
1058087.75 15741.78 1.31
1058087.75 15741.78 1.31
1058087.75 15741.78 1.31
1058087.75 15741.78 1.31
1058087.75 15741.78 1.31
1058087.75 15741.78 1.31
1058087.75 15741.78 1.31
1058087.75 15741.78 1.31
1058087.75 15741.78 1.31
1058087.75 15741.78 1.31
1058087.75 15741.78 1.31
1058087.75 15741.78 1.31
1058087.75 15741.78 1.31
1058087.75 15741.78 1.31
1058087.75 15741.78 1.31
1058087.75 15741.78 1.31
1058087.75 15741.78 1.31
1058087.75 15741.78 1.31
1058087.75 15741.78 1.31
1058087.75 15741.78 1.31
1058087.75 15741.78 1.31
1058087.75 15741.78 1.31
1058087.75 15741.78 1.31
1058087.75 15741.78 1.31
1058087.75 15741.78 1.31
1058087.75 15741.78 1.31
1058087.75 15741.78 1.31
1058087.75 15741.78 1.31
1058087.75 15741.78 1.31
1058087.75 15741.78 1.31
1058087.75 15741.78 1.31
1058087.75 15741.78 1.31
1058087.75 15741.78 1.31
1058087.75 15741.78 1.31
1058087.75 15741.78 1.31
1058087.75 15741.78 1.31
1058087.75 15741.78 1.31
1058087.75 15741.78 1.31
1058087.75 15741.78 1.31
1058087.75 15741.78 1.31
1045704.00 15601.78 1.32
1045704.00 15601.78 1.32
1045704.00 15601.78 1.32
1045704.00 15601.78 1.32
1045704.00 15601.78 1.32
930981.12 14242.54 0.98
923314.38 14342.54 0.98
923314.38 14342.54 0.98
923314.38 14342.54 0.98
930981.12 14242.54 0.98
930981.12 14242.54 0.98
930981.12 14242.54 0.98
930981.12 14242.54 0.98
930981.12 14242.54 0.98
930981.12 14242.54 0.98
923314.38 14342.54 0.98
930981.12 14242.54 0.98
930981.12 14242.54 0.98
930981.12 14242.54 0.98
930981.12 14242.54 0.98
930981.12 14242.54 0.98
930981.12 14242.54 0.98
930981.12 14242.54 0.98
930981.12 14242.54 0.98
930981.12 14242.54 0.98
923314.38 14342.54 0.98
923314.38 14342.54 0.98
923314.38 14342.54 0.98
923314.38 14342.54 0.98
923314.38 14342.54 0.98
923314.38 14342.54 0.98
923314.38 14342.54 0.98
923314.38 14342.54 0.98
923314.38 14342.54 0.98
923314.38 14342.54 0.98
934495.19 14037.54 0.98
923314.38 14342.54 0.98
923314.38 14342.54 0.98
923314.38 14342.54 0.98
923314.38 14342.54 0.98
923314.38 14342.54 0.98
923314.38 14342.54 0.98
923314.38 14342.54 0.98
923314.38 14342.54 0.98
923314.38 14342.54 0.98
930981.12 14242.54 0.98
930981.12 14242.54 0.98
930981.12 14242.54 0.98
930981.12 14242.54 0.98
930981.12 14242.54 0.98
930981.12 14242.54 0.98
930981.12 14242.54 0.98
930981.12 14242.54 0.98
930981.12 14242.54 0.98
930981.12 14242.54 0.98
930981.12 14242.54 0.98
930981.12 14242.54 0.98
930981.12 14242.54 0.98
930981.12 14242.54 0.98
930981.12 14242.54 0.98
930981.12 14242.54 0.98
930981.12 14242.54 0.98
930981.12 14242.54 0.98
930981.12 14242.54 0.98
934495.19 14037.54 0.98
930981.12 14242.54 0.98
930981.12 14242.54 0.98
930981.12 14242.54 0.98
930981.12 14242.54 0.98
930981.12 14242.54 0.98
930981.12 14242.54 0.98
930981.12 14242.54 0.98
930981.12 14242.54 0.98
930981.12 14242.54 0.98
930981.12 14242.54 0.98
930981.12 14242.54 0.98
930981.12 14242.54 0.98
930981.12 14242.54 0.98
930981.12 14242.54 0.98
930981.12 14242.54 0.98
930981.12 14242.54 0.98
930981.12 14242.54 0.98
930981.12 14242.54 0.98
930981.12 14242.54 0.98
930981.12 14242.54 0.98
1076018.00 16299.01 1.83
1075126.62 16344.01 1.83
1075126.62 16344.01 1.83
1075126.62 16344.01 1.83
1076018.00 16299.01 1.83
1076018.00 16299.01 1.83
1076018.00 16299.01 1.83
1076018.00 16299.01 1.83
1076018.00 16299.01 1.83
1076018.00 16299.01 1.83
1076018.00 16299.01 1.83
1075126.62 16344.01 1.83
1076018.00 16299.01 1.83
1076018.00 16299.01 1.83
1076018.00 16299.01 1.83
1076018.00 16299.01 1.83
1076018.00 16299.01 1.83
1076018.00 16299.01 1.83
1076018.00 16299.01 1.83
1076018.00 16299.01 1.83
1076018.00 16299.01 1.83
1075126.62 16344.01 1.83
1075126.62 16344.01 1.83
1075126.62 16344.01 1.83
1075126.62 16344.01 1.83
1075126.62 16344.01 1.83
1075126.62 16344.01 1.83
1075126.62 16344.01 1.83
1075126.62 16344.01 1.83
1075126.62 16344.01 1.83
1075126.62 16344.01 1.83
1076018.00 16299.01 1.83
1075126.62 16344.01 1.83
1075126.62 16344.01 1.83
1075126.62 16344.01 1.83
1075126.62 16344.01 1.83
1075126.62 16344.01 1.83
1075126.62 16344.01 1.83
1075126.62 16344.01 1.83
1075126.62 16344.01 1.83
1075126.62 16344.01 1.83
1076018.00 16299.01 1.83
1076018.00 16299.01 1.83
1076018.00 16299.01 1.83
1076018.00 16299.01 1.83
1076018.00 16299.01 1.83
1076018.00 16299.01 1.83
1076018.00 16299.01 1.83
1076018.00 16299.01 1.83
1076018.00 16299.01 1.83
1076018.00 16299.01 1.83
1076018.00 16299.01 1.83
1076018.00 16299.01 1.83
1076018.00 16299.01 1.83
1076018.00 16299.01 1.83
1076018.00 16299.01 1.83
1076018.00 16299.01 1.83
1076018.00 16299.01 1.83
1076018.00 16299.01 1.83
1076018.00 16299.01 1.83
1076018.00 16299.01 1.83
1076018.00 16299.01 1.83
1076018.00 16299.01 1.83
1076018.00 16299.01 1.83
1076018.00 16299.01 1.83
1076018.00 16299.01 1.83
1076018.00 16299.01 1.83
1076018.00 16299.01 1.83
1076018.00 16299.01 1.83
1076018.00 16299.01 1.83
1076018.00 16299.01 1.83
1076018.00 16299.01 1.83
1076018.00 16299.01 1.83
1076018.00 16299.01 1.83
1076018.00 16299.01 1.83
1076018.00 16299.01 1.83
1076018.00 16299.01 1.83
1076018.00 16299.01 1.83
1076018.00 16299.01 1.83
1076018.00 16299.01 1.83
904394.94 14179.68 1.19
904394.94 14179.68 1.19
904394.94 14179.68 1.19
904394.94 14179.68 1.19
904394.94 14179.68 1.19
904394.94 14179.68 1.19
904394.94 14179.68 1.19
904394.94 14179.68 1.19
904394.94 14179.68 1.19
904394.94 14179.68 1.19
904394.94 14179.68 1.19
904394.94 14179.68 1.19
904394.94 14179.68 1.19
904394.94 14179.68 1.19
904394.94 14179.68 1.19
904394.94 14179.68 1.19
904394.94 14179.68 1.19
904394.94 14179.68 1.19
904394.94 14179.68 1.19
904394.94 14179.68 1.19
904394.94 14179.68 1.19
904394.94 14179.68 1.19
904394.94 14179.68 1.19
904394.94 14179.68 1.19
904394.94 14179.68 1.19
904394.94 14179.68 1.19
904394.94 14179.68 1.19
904394.94 14179.68 1.19
904394.94 14179.68 1.19
904394.94 14179.68 1.19
904394.94 14179.68 1.19
904394.94 14179.68 1.19
904394.94 14179.68 1.19
904394.94 14179.68 1.19
904394.94 14179.68 1.19
904394.94 14179.68 1.19
904394.94 14179.68 1.19
904394.94 14179.68 1.19
904394.94 14179.68 1.19
904394.94 14179.68 1.19
904394.94 14179.68 1.19
904394.94 14179.68 1.19
904394.94 14179.68 1.19
904394.94 14179.68 1.19
904394.94 14179.68 1.19
904394.94 14179.68 1.19
904394.94 14179.68 1.19
904394.94 14179.68 1.19
904394.94 14179.68 1.19
904394.94 14179.68 1.19
904394.94 14179.68 1.19
904394.94 14179.68 1.19
904394.94 14179.68 1.19
904394.94 14179.68 1.19
904394.94 14179.68 1.19
904394.94 14179.68 1.19
904394.94 14179.68 1.19
904394.94 14179.68 1.19
904394.94 14179.68 1.19
904394.94 14179.68 1.19
904394.94 14179.68 1.19
904394.94 14179.68 1.19
904394.94 14179.68 1.19
904394.94 14179.68 1.19
904394.94 14179.68 1.19
904394.94 14179.68 1.19
904394.94 14179.68 1.19
904394.94 14179.68 1.19
904394.94 14179.68 1.19
890757.88 14238.09 1.36
890757.88 14238.09 1.36
890757.88 14238.09 1.36
890757.88 14238.09 1.36
890757.88 14238.09 1.36
890757.88 14238.09 1.36
890757.88 14238.09 1.36
890757.88 14238.09 1.36
890757.88 14238.09 1.36
890757.88 14238.09 1.36
890757.88 14238.09 1.36
985410.06 14142.54 0.98
985410.06 14142.54 0.98
985410.06 14142.54 0.98
985410.06 14142.54 0.98
985410.06 14142.54 0.98
985410.06 14142.54 0.98
985410.06 14142.54 0.98
985410.06 14142.54 0.98
985410.06 14142.54 0.98
985410.06 14142.54 0.98
985410.06 14142.54 0.98
985410.06 14142.54 0.98
985410.06 14142.54 0.98
985410.06 14142.54 0.98
985410.06 14142.54 0.98
985410.06 14142.54 0.98
985410.06 14142.54 0.98
985410.06 14142.54 0.98
985410.06 14142.54 0.98
985410.06 14142.54 0.98
985410.06 14142.54 0.98
985410.06 14142.54 0.98
985410.06 14142.54 0.98
985410.06 14142.54 0.98
985410.06 14142.54 0.98
985410.06 14142.54 0.98
985410.06 14142.54 0.98
985410.06 14142.54 0.98
985410.06 14142.54 0.98
985410.06 14142.54 0.98
985410.06 14142.54 0.98
985410.06 14142.54 0.98
985410.06 14142.54 0.98
985410.06 14142.54 0.98
985410.06 14142.54 0.98
985410.06 14142.54 0.98
985410.06 14142.54 0.98
985410.06 14142.54 0.98
985410.06 14142.54 0.98
985410.06 14142.54 0.98
985410.06 14142.54 0.98
985410.06 14142.54 0.98
985410.06 14142.54 0.98
985410.06 14142.54 0.98
985410.06 14142.54 0.98
985410.06 14142.54 0.98
985410.06 14142.54 0.98
985410.06 14142.54 0.98
985410.06 14142.54 0.98
985410.06 14142.54 0.98
985410.06 14142.54 0.98
985410.06 14142.54 0.98
985410.06 14142.54 0.98
985410.06 14142.54 0.98
985391.19 14546.10 1.23
985391.19 14546.10 1.23
985391.19 14546.10 1.23
985391.19 14546.10 1.23
985391.19 14546.10 1.23
985391.19 14546.10 1.23
985391.19 14546.10 1.23
985391.19 14546.10 1.23
985391.19 14546.10 1.23
985391.19 14546.10 1.23
985391.19 14546.10 1.23
985391.19 14546.10 1.23
974157.38 15386.10 1.23
985391.19 14546.10 1.23
985391.19 14546.10 1.23
985391.19 14546.10 1.23
985391.19 14546.10 1.23
985391.19 14546.10 1.23
985391.19 14546.10 1.23
985391.19 14546.10 1.23
985391.19 14546.10 1.23
985391.19 14546.10 1.23
985391.19 14546.10 1.23
985391.19 14546.10 1.23
985391.19 14546.10 1.23
985391.19 14546.10 1.23
1278087.50 18106.78 1.30
1309287.00 18071.78 1.30
1189209.00 16731.78 1.31
1090785.38 15756.78 1.32
1090785.38 15756.78 1.32
1090785.38 15756.78 1.32
1058597.38 15616.78 1.46
1024954.44 15267.56 1.63
1023453.69 15225.09 1.64
1023453.69 15225.09 1.64
999924.88 15195.09 1.77
997352.25 15234.01 2.16
997352.25 15234.01 2.16
981637.38 15408.90 2.27
980194.25 15366.44 2.28
980194.25 15366.44 2.28
980194.25 15366.44 2.28
980194.25 15366.44 2.28
980194.25 15366.44 2.28
980194.25 15366.44 2.28
980194.25 15366.44 2.28
976270.31 15539.97 2.55
973226.12 15608.43 2.69
993421.38 15164.87 2.93
993421.38 15164.87 2.93
993421.38 15164.87 2.93
993421.38 15164.87 2.93
993421.38 15164.87 2.93
993421.38 15164.87 2.93
993421.38 15164.87 2.93
993421.38 15164.87 2.93
993421.38 15164.87 2.93
993421.38 15164.87 2.93
993421.38 15164.87 2.93
993421.38 15164.87 2.93
993421.38 15164.87 2.93
993421.38 15164.87 2.93
993421.38 15164.87 2.93
993421.38 15164.87 2.93
993421.38 15164.87 2.93
993421.38 15164.87 2.93
993421.38 15164.87 2.93
993421.38 15164.87 2.93
993421.38 15164.87 2.93
993421.38 15164.87 2.93
993421.38 15164.87 2.93
993421.38 15164.87 2.93
993421.38 15164.87 2.93
993421.38 15164.87 2.93
993421.38 15164.87 2.93
993421.38 15164.87 2.93
993421.38 15164.87 2.93
993421.38 15164.87 2.93
993421.38 15164.87 2.93
993421.38 15164.87 2.93
993421.38 15164.87 2.93
993421.38 15164.87 2.93
993421.38 15164.87 2.93
993421.38 15164.87 2.93
993421.38 15164.87 2.93
993421.38 15164.87 2.93
993421.38 15164.87 2.93
993421.38 15164.87 2.93
993421.38 15164.87 2.93
997237.06 14991.34 2.95
997237.06 14991.34 2.95
997237.06 14991.34 2.95
997237.06 14991.34 2.95
997237.06 14991.34 2.95
997237.06 14991.34 2.95
997237.06 14991.34 2.95
997237.06 14991.34 2.95
997237.06 14991.34 2.95
997237.06 14991.34 2.95
997237.06 14991.34 2.95
997237.06 14991.34 2.95
997237.06 14991.34 2.95
997237.06 14991.34 2.95
997237.06 14991.34 2.95
997237.06 14991.34 2.95
1376512.75 19920.37 2.26
1384668.62 19880.37 2.26
1415627.75 19350.37 2.26
1392166.12 19150.37 2.26
1358452.12 19210.25 2.41
1272641.25 17790.37 2.50
1200773.50 17484.71 2.69
1269879.50 17469.71 2.69
1269879.50 17469.71 2.69
1144552.25 16899.71 2.69
1130184.25 16814.71 2.69
1100236.00 16319.71 2.71
1100236.00 16319.71 2.71
1090258.25 16464.71 2.73
1075781.25 16711.06 3.27
1075781.25 16711.06 3.27
1075781.25 16711.06 3.27
1075781.25 16711.06 3.27
1075781.25 16711.06 3.27
1075781.25 16711.06 3.27
1075781.25 16711.06 3.27
1075781.25 16711.06 3.27
1075781.25 16711.06 3.27
1075781.25 16711.06 3.27
1075781.25 16711.06 3.27
1075781.25 16711.06 3.27
1075781.25 16711.06 3.27
1075781.25 16711.06 3.27
1075781.25 16711.06 3.27
1075781.25 16711.06 3.27
1075781.25 16711.06 3.27
1075781.25 16711.06 3.27
1075781.25 16711.06 3.27
1075781.25 16711.06 3.27
1075781.25 16711.06 3.27
1075781.25 16711.06 3.27
1075781.25 16711.06 3.27
1075781.25 16711.06 3.27
1075781.25 16711.06 3.27
1075781.25 16711.06 3.27
1075781.25 16711.06 3.27
1075781.25 16711.06 3.27
1075781.25 16711.06 3.27
1075781.25 16711.06 3.27
1075781.25 16711.06 3.27
1075781.25 16711.06 3.27
1075781.25 16711.06 3.27
1075781.25 16711.06 3.27
1075781.25 16711.06 3.27
1075781.25 16711.06 3.27
1075781.25 16711.06 3.27
1075781.25 16711.06 3.27
1075781.25 16711.06 3.27
1075781.25 16711.06 3.27
1075781.25 16711.06 3.27
1075781.25 16711.06 3.27
1075781.25 16711.06 3.27
1075781.25 16711.06 3.27
1075781.25 16711.06 3.27
1075781.25 16711.06 3.27
1075781.25 16711.06 3.27
1075343.25 16939.05 3.31
1075343.25 16939.05 3.31
1075343.25 16939.05 3.31
1075343.25 16939.05 3.31
1075343.25 16939.05 3.31
1075343.25 16939.05 3.31
1075343.25 16939.05 3.31
1075343.25 16939.05 3.31
1075343.25 16939.05 3.31
1086912.50 16684.06 3.31
1065313.88 16984.88 3.80
1065313.88 16984.88 3.80
1100236.00 16319.71 2.71
1087569.75 16389.71 2.81
1075343.25 16939.05 3.31
1071287.75 16824.65 3.34
1109825.88 16241.67 1.20
1109825.88 16241.67 1.20
1109825.88 16241.67 1.20
1109825.88 16241.67 1.20
1106520.38 16834.62 1.42
1086309.25 16237.45 1.51
1038365.19 15154.04 1.92
1038365.19 15154.04 1.92
1038365.19 15154.04 1.92
1038365.19 15154.04 1.92
1026530.75 15305.61 2.23
1026530.75 15305.61 2.23
1026530.75 15305.61 2.23
1024157.69 15924.82 2.23
1007226.50 15107.35 2.23
1007226.50 15107.35 2.23
1007226.50 15107.35 2.23
1007226.50 15107.35 2.23
1007226.50 15107.35 2.23
1007226.50 15107.35 2.23
1007226.50 15107.35 2.23
1007226.50 15107.35 2.23
1007226.50 15107.35 2.23
1007226.50 15107.35 2.23
1007226.50 15107.35 2.23
1007226.50 15107.35 2.23
1007226.50 15107.35 2.23
1007226.50 15107.35 2.23
1007226.50 15107.35 2.23
1007226.50 15107.35 2.23
1007226.50 15107.35 2.23
1007226.50 15107.35 2.23
1007226.50 15107.35 2.23
1007226.50 15107.35 2.23
1007226.50 15107.35 2.23
1007226.50 15107.35 2.23
995384.62 15258.92 2.54
995384.62 15258.92 2.54
995384.62 15258.92 2.54
995384.62 15258.92 2.54
995384.62 15258.92 2.54
995384.62 15258.92 2.54
995384.62 15258.92 2.54
995384.62 15258.92 2.54
995384.62 15258.92 2.54
995384.62 15258.92 2.54
995384.62 15258.92 2.54
995384.62 15258.92 2.54
995384.62 15258.92 2.54
995384.62 15258.92 2.54
995384.62 15258.92 2.54
995024.38 15632.03 2.78
995024.38 15632.03 2.78
995024.38 15632.03 2.78
1014822.19 14831.44 8.44
1007926.44 14932.88 8.44
1007926.44 14932.88 8.44
1007926.44 14932.88 8.44
1007926.44 14932.88 8.44
1007926.44 14932.88 8.44
1007926.44 14924.02 8.45
1007926.44 14924.02 8.45
1007926.44 14924.02 8.45
1007926.44 14924.02 8.45
1007926.44 14924.02 8.45
1007926.44 14924.02 8.45
1007926.44 14924.02 8.45
1007926.44 14924.02 8.45
939969.31 14868.73 8.46
1004842.06 14802.36 8.46
1004842.06 14802.36 8.46
1004842.06 14802.36 8.46
1004842.06 14802.36 8.46
1004842.06 14802.36 8.46
1004842.06 14802.36 8.46
1004842.06 14802.36 8.46
1004842.06 14793.51 8.47
1004842.06 14793.51 8.47
1004842.06 14793.51 8.47
1004842.06 14793.51 8.47
930981.12 14242.54 0.98
930981.12 14242.54 0.98
930981.12 14242.54 0.98
930981.12 14242.54 0.98
930981.12 14242.54 0.98
930981.12 14242.54 0.98
930981.12 14242.54 0.98
930981.12 14242.54 0.98
930981.12 14242.54 0.98
930981.12 14242.54 0.98
930981.12 14242.54 0.98
930981.12 14242.54 0.98
930981.12 14242.54 0.98
930981.12 14242.54 0.98
930981.12 14242.54 0.98
930981.12 14242.54 0.98
930981.12 14242.54 0.98
930981.12 14242.54 0.98
930981.12 14242.54 0.98
930981.12 14242.54 0.98
930981.12 14242.54 0.98
923314.38 14342.54 0.98
923314.38 14342.54 0.98
923314.38 14342.54 0.98
923314.38 14342.54 0.98
923314.38 14342.54 0.98
923314.38 14342.54 0.98
923314.38 14342.54 0.98
923314.38 14342.54 0.98
930981.12 14242.54 0.98
930981.12 14242.54 0.98
930981.12 14242.54 0.98
930981.12 14242.54 0.98
930981.12 14242.54 0.98
930981.12 14242.54 0.98
930981.12 14242.54 0.98
930981.12 14242.54 0.98
930981.12 14242.54 0.98
930981.12 14242.54 0.98
930981.12 14242.54 0.98
930981.12 14242.54 0.98
930981.12 14242.54 0.98
930981.12 14242.54 0.98
930981.12 14242.54 0.98
930981.12 14242.54 0.98
930981.12 14242.54 0.98
930981.12 14242.54 0.98
930981.12 14242.54 0.98
930981.12 14242.54 0.98
930981.12 14242.54 0.98
930981.12 14242.54 0.98
930981.12 14242.54 0.98
930981.12 14242.54 0.98
930981.12 14242.54 0.98
930981.12 14242.54 0.98
930981.12 14242.54 0.98
930981.12 14242.54 0.98
930981.12 14242.54 0.98
930981.12 14242.54 0.98
934495.19 14037.54 0.98
930981.12 14242.54 0.98
930981.12 14242.54 0.98
930981.12 14242.54 0.98
930981.12 14242.54 0.98
930981.12 14242.54 0.98
930981.12 14242.54 0.98
930981.12 14242.54 0.98
930981.12 14242.54 0.98
930981.12 14242.54 0.98
930981.12 14242.54 0.98
930981.12 14242.54 0.98
930981.12 14242.54 0.98
930981.12 14242.54 0.98
930981.12 14242.54 0.98
930981.12 14242.54 0.98
930981.12 14242.54 0.98
930981.12 14242.54 0.98
930981.12 14242.54 0.98
930981.12 14242.54 0.98
930981.12 14242.54 0.98
1036424.75 15434.88 1.16
993077.69 15116.93 1.21
993077.69 15116.93 1.21
956115.81 14972.71 1.52
956115.81 14972.71 1.52
956115.81 14972.71 1.52
941889.31 15104.47 1.84
1008485.31 14741.34 4.48
1008485.31 14741.34 4.48
1008485.31 14741.34 4.48
1008485.31 14741.34 4.48
1008485.31 14741.34 4.48
1008485.31 14741.34 4.48
1008485.31 14741.34 4.48
973000.88 14809.76 4.58
985700.00 14456.34 4.59
985700.00 14456.34 4.59
985700.00 14456.34 4.59
985700.00 14456.34 4.59
985700.00 14456.34 4.59
985700.00 14456.34 4.59
973960.44 14679.87 4.63
973960.44 14679.87 4.63
973960.44 14679.87 4.63
973960.44 14679.87 4.63
973960.44 14679.87 4.63
973960.44 14679.87 4.63
973960.44 14679.87 4.63
973960.44 14679.87 4.63
973960.44 14679.87 4.63
973960.44 14679.87 4.63
973960.44 14679.87 4.63
973960.44 14679.87 4.63
973960.44 14679.87 4.63
973960.44 14679.87 4.63
973960.44 14679.87 4.63
973960.44 14679.87 4.63
973960.44 14679.87 4.63
973960.44 14679.87 4.63
973960.44 14679.87 4.63
973960.44 14679.87 4.63
973960.44 14679.87 4.63
973960.44 14679.87 4.63
973960.44 14679.87 4.63
973960.44 14679.87 4.63
973960.44 14679.87 4.63
973960.44 14679.87 4.63
973960.44 14679.87 4.63
973960.44 14679.87 4.63
973960.44 14679.87 4.63
973960.44 14679.87 4.63
973960.44 14679.87 4.63
973960.44 14679.87 4.63
973960.44 14679.87 4.63
973960.44 14679.87 4.63
973960.44 14679.87 4.63
973960.44 14679.87 4.63
973960.44 14679.87 4.63
973960.44 14679.87 4.63
973960.44 14679.87 4.63
973960.44 14679.87 4.63
973960.44 14679.87 4.63
973960.44 14679.87 4.63
973960.44 14679.87 4.63
973960.44 14679.87 4.63
973960.44 14679.87 4.63
973960.44 14679.87 4.63
973960.44 14679.87 4.63
973960.44 14679.87 4.63
973960.44 14679.87 4.63
973960.44 14679.87 4.63
973960.44 14679.87 4.63
973960.44 14679.87 4.63
973960.44 14679.87 4.63
973960.44 14679.87 4.63
978076.62 14506.34 4.65
978076.62 14506.34 4.65
978076.62 14506.34 4.65
978076.62 14506.34 4.65
978076.62 14506.34 4.65
943435.31 14432.54 0.98
943435.31 14432.54 0.98
943435.31 14432.54 0.98
943435.31 14432.54 0.98
943435.31 14432.54 0.98
943435.31 14432.54 0.98
943435.31 14432.54 0.98
943435.31 14432.54 0.98
943435.31 14432.54 0.98
943435.31 14432.54 0.98
943435.31 14432.54 0.98
943435.31 14432.54 0.98
943435.31 14432.54 0.98
943435.31 14432.54 0.98
943435.31 14432.54 0.98
943435.31 14432.54 0.98
943435.31 14432.54 0.98
943435.31 14432.54 0.98
943435.31 14432.54 0.98
943435.31 14432.54 0.98
943435.31 14432.54 0.98
935787.88 14532.54 0.98
943435.31 14432.54 0.98
943435.31 14432.54 0.98
943435.31 14432.54 0.98
943435.31 14432.54 0.98
943435.31 14432.54 0.98
943435.31 14432.54 0.98
943435.31 14432.54 0.98
943435.31 14432.54 0.98
943435.31 14432.54 0.98
943435.31 14432.54 0.98
943435.31 14432.54 0.98
943435.31 14432.54 0.98
943435.31 14432.54 0.98
943435.31 14432.54 0.98
943435.31 14432.54 0.98
943435.31 14432.54 0.98
943435.31 14432.54 0.98
943435.31 14432.54 0.98
947033.81 14382.54 0.98
947033.81 14382.54 0.98
947033.81 14382.54 0.98
947033.81 14382.54 0.98
947033.81 14382.54 0.98
947033.81 14382.54 0.98
947033.81 14382.54 0.98
947033.81 14382.54 0.98
947033.81 14382.54 0.98
947033.81 14382.54 0.98
947033.81 14382.54 0.98
947033.81 14382.54 0.98
947033.81 14382.54 0.98
947033.81 14382.54 0.98
947033.81 14382.54 0.98
947033.81 14382.54 0.98
947033.81 14382.54 0.98
947033.81 14382.54 0.98
947033.81 14382.54 0.98
947033.81 14382.54 0.98
947033.81 14382.54 0.98
943435.31 14432.54 0.98
943435.31 14432.54 0.98
943435.31 14432.54 0.98
947033.81 14382.54 0.98
947033.81 14382.54 0.98
947033.81 14382.54 0.98
947033.81 14382.54 0.98
947033.81 14382.54 0.98
947033.81 14382.54 0.98
947519.81 14227.54 0.98
947033.81 14382.54 0.98
947033.81 14382.54 0.98
947033.81 14382.54 0.98
947033.81 14382.54 0.98
947033.81 14382.54 0.98
947033.81 14382.54 0.98
947033.81 14382.54 0.98
947033.81 14382.54 0.98
947033.81 14382.54 0.98
1056312.75 15206.78 1.30
1056312.75 15206.78 1.30
1056312.75 15206.78 1.30
1056312.75 15206.78 1.30
1056312.75 15206.78 1.30
1056312.75 15206.78 1.30
1056312.75 15206.78 1.30
1056312.75 15206.78 1.30
1056312.75 15206.78 1.30
1056312.75 15206.78 1.30
1056312.75 15206.78 1.30
1056312.75 15206.78 1.30
1056312.75 15206.78 1.30
1056312.75 15206.78 1.30
1056312.75 15206.78 1.30
1056312.75 15206.78 1.30
1056312.75 15206.78 1.30
1056312.75 15206.78 1.30
1056312.75 15206.78 1.30
1056312.75 15206.78 1.30
1056312.75 15206.78 1.30
1056312.75 15206.78 1.30
1056312.75 15206.78 1.30
1056312.75 15206.78 1.30
1056312.75 15206.78 1.30
1056312.75 15206.78 1.30
1056312.75 15206.78 1.30
1056312.75 15206.78 1.30
1056312.75 15206.78 1.30
1056312.75 15206.78 1.30
1056312.75 15206.78 1.30
1056312.75 15206.78 1.30
1056312.75 15206.78 1.30
1056312.75 15206.78 1.30
1056312.75 15206.78 1.30
1056312.75 15206.78 1.30
1056312.75 15206.78 1.30
1073584.75 14806.78 1.30
1073584.75 14806.78 1.30
1073584.75 14806.78 1.30
1073584.75 14806.78 1.30
1073584.75 14806.78 1.30
1073584.75 14806.78 1.30
1073584.75 14806.78 1.30
1073584.75 14806.78 1.30
1073584.75 14806.78 1.30
1073584.75 14806.78 1.30
1073584.75 14806.78 1.30
1073584.75 14806.78 1.30
1073584.75 14806.78 1.30
1056312.75 15206.78 1.30
1056312.75 15206.78 1.30
1056312.75 15206.78 1.30
1056312.75 15206.78 1.30
1056312.75 15206.78 1.30
1056312.75 15206.78 1.30
1056312.75 15206.78 1.30
1056312.75 15206.78 1.30
1056312.75 15206.78 1.30
1056312.75 15206.78 1.30
1056312.75 15206.78 1.30
1056312.75 15206.78 1.30
1056312.75 15206.78 1.30
1056312.75 15206.78 1.30
1056312.75 15206.78 1.30
1073584.75 14806.78 1.30
1073584.75 14806.78 1.30
1073584.75 14806.78 1.30
1073584.75 14806.78 1.30
1073584.75 14806.78 1.30
1073584.75 14806.78 1.30
1073584.75 14806.78 1.30
1064701.12 14656.78 1.31
1047422.44 15056.78 1.31
1047422.44 15056.78 1.31
1047422.44 15056.78 1.31
1047422.44 15056.78 1.31
1047422.44 15056.78 1.31
1047422.44 15056.78 1.31
1047422.44 15056.78 1.31