1627252.25 23022.09 2.79
1365281.62 19992.09 2.83
1389411.12 19872.53 2.85
1340388.50 20502.09 3.05
1319197.38 20042.09 3.05
1239816.25 18977.09 3.05
1219746.75 18722.09 3.07
1219746.75 18722.09 3.07
1253857.62 18702.53 3.17
1196892.62 18547.09 3.87
1196892.62 18547.09 3.87
1196892.62 18547.09 3.87
1196892.62 18547.09 3.87
1220512.12 18417.53 3.87
1220512.12 18417.53 3.87
1220512.12 18417.53 3.87
1241584.38 18372.53 3.87
1192628.25 19063.89 4.65
1192628.25 19063.89 4.65
1192628.25 19063.89 4.65
1192628.25 19063.89 4.65
1188349.00 19088.89 4.65
1192628.25 19063.89 4.65
1192628.25 19063.89 4.65
1192628.25 19063.89 4.65
1192628.25 19063.89 4.65
1192628.25 19063.89 4.65
1192628.25 19063.89 4.65
1192628.25 19063.89 4.65
1192628.25 19063.89 4.65
1192628.25 19063.89 4.65
1192628.25 19063.89 4.65
1192628.25 19063.89 4.65
1192628.25 19063.89 4.65
1192563.00 18181.36 5.83
1192563.00 18181.36 5.83
1192563.00 18181.36 5.83
1192563.00 18181.36 5.83
1192563.00 18181.36 5.83
1192563.00 18181.36 5.83
1209294.00 17914.56 5.83
1192563.00 18181.36 5.83
1209294.00 17914.56 5.83
1209294.00 17914.56 5.83
1209294.00 17914.56 5.83
1192563.00 18181.36 5.83
1192563.00 18181.36 5.83
1187175.88 18642.05 5.84
1192080.38 18181.36 5.89
1192080.38 18181.36 5.89
1192080.38 18181.36 5.89
1192080.38 18181.36 5.89
1192080.38 18181.36 5.89
1194078.62 17649.56 5.89
1211850.00 17504.56 6.19
1211850.00 17504.56 6.19
1211850.00 17504.56 6.19
1211850.00 17504.56 6.19
1211850.00 17504.56 6.19
1211850.00 17504.56 6.19
1211850.00 17504.56 6.19
1211850.00 17504.56 6.19
1211850.00 17504.56 6.19
1211850.00 17504.56 6.19
1211850.00 17504.56 6.19
1211850.00 17504.56 6.19
1211850.00 17504.56 6.19
1211850.00 17504.56 6.19
1211850.00 17504.56 6.19
1211850.00 17504.56 6.19
1211850.00 17504.56 6.19
1211850.00 17504.56 6.19
1211850.00 17504.56 6.19
1211850.00 17504.56 6.19
1211850.00 17504.56 6.19
1211850.00 17504.56 6.19
1211850.00 17504.56 6.19
1211850.00 17504.56 6.19
1211850.00 17504.56 6.19
1211850.00 17504.56 6.19
1089802.00 17216.71 5.18
1089802.00 17216.71 5.18
1089802.00 17216.71 5.18
1089802.00 17216.71 5.18
1089802.00 17216.71 5.18
1089802.00 17216.71 5.18
1089802.00 17216.71 5.18
1089802.00 17216.71 5.18
1089802.00 17216.71 5.18
1089802.00 17216.71 5.18
1089802.00 17216.71 5.18
1089802.00 17216.71 5.18
1089802.00 17216.71 5.18
1089802.00 17216.71 5.18
1089802.00 17216.71 5.18
1089802.00 17216.71 5.18
1089802.00 17216.71 5.18
1089802.00 17216.71 5.18
1089802.00 17216.71 5.18
1089802.00 17216.71 5.18
1089802.00 17216.71 5.18
1089802.00 17216.71 5.18
1089802.00 17216.71 5.18
1089802.00 17216.71 5.18
1089802.00 17216.71 5.18
1089802.00 17216.71 5.18
1089802.00 17216.71 5.18
1089802.00 17216.71 5.18
1089802.00 17216.71 5.18
1089802.00 17216.71 5.18
1089802.00 17216.71 5.18
1089802.00 17216.71 5.18
1089802.00 17216.71 5.18
1089802.00 17216.71 5.18
1089802.00 17216.71 5.18
1089802.00 17216.71 5.18
1089802.00 17216.71 5.18
1089802.00 17216.71 5.18
1089802.00 17216.71 5.18
1089802.00 17216.71 5.18
1089802.00 17216.71 5.18
1089802.00 17216.71 5.18
1107355.38 16949.90 5.18
1107355.38 16949.90 5.18
1107355.38 16949.90 5.18
1107355.38 16949.90 5.18
1107355.38 16949.90 5.18
1107355.38 16949.90 5.18
1107355.38 16949.90 5.18
1107355.38 16949.90 5.18
1107355.38 16949.90 5.18
1107355.38 16949.90 5.18
1107355.38 16949.90 5.18
1107355.38 16949.90 5.18
1107355.38 16949.90 5.18
1107355.38 16949.90 5.18
1107355.38 16949.90 5.18
1107355.38 16949.90 5.18
1107355.38 16949.90 5.18
1107355.38 16949.90 5.18
1107355.38 16949.90 5.18
1107355.38 16949.90 5.18
1107355.38 16949.90 5.18
1089802.00 17216.71 5.18
1089802.00 17216.71 5.18
1089802.00 17216.71 5.18
1089802.00 17216.71 5.18
1089802.00 17216.71 5.18
1089802.00 17216.71 5.18
1089802.00 17216.71 5.18
1089802.00 17216.71 5.18
1089802.00 17216.71 5.18
1089802.00 17216.71 5.18
1089802.00 17216.71 5.18
1089802.00 17216.71 5.18
1089802.00 17216.71 5.18
1089802.00 17216.71 5.18
1089802.00 17216.71 5.18
1089802.00 17216.71 5.18
1089802.00 17216.71 5.18
1218214.75 17902.21 5.37
1196211.12 18103.68 5.37
1144128.38 18103.68 5.37
1166113.25 17902.21 5.37
1166113.25 17902.21 5.37
1166113.25 17902.21 5.37
1166113.25 17902.21 5.37
1166113.25 17902.21 5.37
1166113.25 17902.21 5.37
1166113.25 17902.21 5.37
1166113.25 17902.21 5.37
1144128.38 18103.68 5.37
1144128.38 18103.68 5.37
1144128.38 18103.68 5.37
1144128.38 18103.68 5.37
1144128.38 18103.68 5.37
1166113.25 17902.21 5.37
1144128.38 18103.68 5.37
1144128.38 18103.68 5.37
1144128.38 18103.68 5.37
1144128.38 18103.68 5.37
1144128.38 18103.68 5.37
1144128.38 18103.68 5.37
1144128.38 18103.68 5.37
1144128.38 18103.68 5.37
1144128.38 18103.68 5.37
1144128.38 18103.68 5.37
1144128.38 18103.68 5.37
1144128.38 18103.68 5.37
1144128.38 18103.68 5.37
1144128.38 18103.68 5.37
1144128.38 18103.68 5.37
1144128.38 18103.68 5.37
1144128.38 18103.68 5.37
1144128.38 18103.68 5.37
1144128.38 18103.68 5.37
1144128.38 18103.68 5.37
1144128.38 18103.68 5.37
1144128.38 18103.68 5.37
1144128.38 18103.68 5.37
1144128.38 18103.68 5.37
1144128.38 18103.68 5.37
1144128.38 18103.68 5.37
1144128.38 18103.68 5.37
1144128.38 18103.68 5.37
1160388.88 17855.19 5.37
1160388.88 17855.19 5.37
1160388.88 17855.19 5.37
1160388.88 17855.19 5.37
1160388.88 17855.19 5.37
1137051.12 18682.28 5.37
1137051.12 18682.28 5.37
1136932.75 18682.28 5.37
1136932.75 18682.28 5.37
1136932.75 18682.28 5.37
1136932.75 18682.28 5.37
1136932.75 18682.28 5.37
1136932.75 18682.28 5.37
1136932.75 18682.28 5.37
1136932.75 18682.28 5.37
1159899.50 17812.90 5.38
1159899.50 17812.90 5.38
1159899.50 17812.90 5.38
1159899.50 17812.90 5.38
1159899.50 17812.90 5.38
1159899.50 17812.90 5.38
1159899.50 17812.90 5.38
1159899.50 17812.90 5.38
1159899.50 17812.90 5.38
1159899.50 17812.90 5.38
1159899.50 17812.90 5.38
1159899.50 17812.90 5.38
1159899.50 17812.90 5.38
1159899.50 17812.90 5.38
1159899.50 17812.90 5.38
1159899.50 17812.90 5.38
1159899.50 17812.90 5.38
1159899.50 17812.90 5.38
1159899.50 17812.90 5.38
1159899.50 17812.90 5.38
1491085.25 19977.53 2.23
1491085.25 19977.53 2.23
1491085.25 19977.53 2.23
1491085.25 19977.53 2.23
1491027.50 19957.53 2.40
1491027.50 19957.53 2.40
1491027.50 19957.53 2.40
1449592.88 19607.53 2.41
1449592.88 19607.53 2.41
1377024.38 19712.09 2.50
1377024.38 19712.09 2.50
1396109.38 19582.53 2.59
1240408.62 18982.53 5.14
1240408.62 18982.53 5.14
1240408.62 18982.53 5.14
1221064.88 19102.09 5.14
1221064.88 19102.09 5.14
1221064.88 19102.09 5.14
1221064.88 19102.09 5.14
1221064.88 19102.09 5.14
1221064.88 19102.09 5.14
1221064.88 19102.09 5.14
1181493.62 17803.12 5.42
1188255.38 17634.56 5.46
1167900.75 17493.12 5.46
1150763.12 17493.12 5.46
1150763.12 17493.12 5.46
1150763.12 17493.12 5.46
1150763.12 17493.12 5.46
1150763.12 17493.12 5.46
1150763.12 17493.12 5.46
1150763.12 17493.12 5.46
1150763.12 17493.12 5.46
1150763.12 17493.12 5.46
1150763.12 17493.12 5.46
1150763.12 17493.12 5.46
1150763.12 17493.12 5.46
1150763.12 17493.12 5.46
1150763.12 17493.12 5.46
1150763.12 17493.12 5.46
1167138.38 17208.12 5.54
1161993.38 17208.12 5.80
1161993.38 17208.12 5.80
1161993.38 17208.12 5.80
1159074.88 17023.12 5.99
1142992.62 16858.12 6.01
1139057.62 16173.56 6.06
1139057.62 16173.56 6.06
1139057.62 16173.56 6.06
1139057.62 16173.56 6.06
1139057.62 16173.56 6.06
1139057.62 16173.56 6.06
1139057.62 16173.56 6.06
1139057.62 16173.56 6.06
1139057.62 16173.56 6.06
1139057.62 16173.56 6.06
1139057.62 16173.56 6.06
1139057.62 16173.56 6.06
1139057.62 16173.56 6.06
1139057.62 16173.56 6.06
1139057.62 16173.56 6.06
1139057.62 16173.56 6.06
1139057.62 16173.56 6.06
1139057.62 16173.56 6.06
1097672.12 16303.12 6.06
1097672.12 16303.12 6.06
1097672.12 16303.12 6.06
1097672.12 16303.12 6.06
1097672.12 16303.12 6.06
1097672.12 16303.12 6.06
1097672.12 16303.12 6.06
1097672.12 16303.12 6.06
1097672.12 16303.12 6.06
1139057.62 16173.56 6.06
1097672.12 16303.12 6.06
1097672.12 16303.12 6.06
1097672.12 16303.12 6.06
1097672.12 16303.12 6.06
1097672.12 16303.12 6.06
1097672.12 16303.12 6.06
2118056.25 28264.34 2.41
1830410.00 24555.57 2.58
1797910.00 24320.57 2.65
1610471.00 22753.89 2.73
1610471.00 22753.89 2.73
1610802.75 22628.89 2.73
1569402.88 21922.69 2.78
1477423.38 21203.89 2.92
1522485.25 21149.34 2.95
1417041.00 20700.12 4.28
1445919.12 20680.57 4.28
1417041.00 20700.12 4.28
1417041.00 20700.12 4.28
1417041.00 20700.12 4.28
1417041.00 20700.12 4.28
1417041.00 20700.12 4.28
1417041.00 20700.12 4.28
1417041.00 20700.12 4.28
1417041.00 20700.12 4.28
1417041.00 20700.12 4.28
1417041.00 20700.12 4.28
1417041.00 20700.12 4.28
1417041.00 20700.12 4.28
1417041.00 20700.12 4.28
1445919.12 20680.57 4.28
1445919.12 20680.57 4.28
1417041.00 20700.12 4.28
1417041.00 20700.12 4.28
1417041.00 20700.12 4.28
1417041.00 20700.12 4.28
1417041.00 20700.12 4.28
1417041.00 20700.12 4.28
1417041.00 20700.12 4.28
1417041.00 20700.12 4.28
1417041.00 20700.12 4.28
1417041.00 20700.12 4.28
1417041.00 20700.12 4.28
1417041.00 20700.12 4.28
1417041.00 20700.12 4.28
1417041.00 20700.12 4.28
1417041.00 20700.12 4.28
1417041.00 20700.12 4.28
1445919.12 20680.57 4.28
1445919.12 20680.57 4.28
1445919.12 20680.57 4.28
1445919.12 20680.57 4.28
1445919.12 20680.57 4.28
1445919.12 20680.57 4.28
1445919.12 20680.57 4.28
1445919.12 20680.57 4.28
1445919.12 20680.57 4.28
1445919.12 20680.57 4.28
1445919.12 20680.57 4.28
1445919.12 20680.57 4.28
1445919.12 20680.57 4.28
1445919.12 20680.57 4.28
1445919.12 20680.57 4.28
1445919.12 20680.57 4.28
1445919.12 20680.57 4.28
1445919.12 20680.57 4.28
1445919.12 20680.57 4.28
1445919.12 20680.57 4.28
1445919.12 20680.57 4.28
1445919.12 20680.57 4.28
1445919.12 20680.57 4.28
1445919.12 20680.57 4.28
1445919.12 20680.57 4.28
1445919.12 20680.57 4.28
1445919.12 20680.57 4.28
1445919.12 20680.57 4.28
1445919.12 20680.57 4.28
1445919.12 20680.57 4.28
1445919.12 20680.57 4.28
1445919.12 20680.57 4.28
1445919.12 20680.57 4.28
1445919.12 20680.57 4.28
1445919.12 20680.57 4.28
1445919.12 20680.57 4.28
1445919.12 20680.57 4.28
1445919.12 20680.57 4.28
1464867.12 21207.09 3.07
1464867.12 21207.09 3.07
1480748.50 21002.53 3.07
1480748.50 21002.53 3.07
1480748.50 21002.53 3.07
1480748.50 21002.53 3.07
1480748.50 21002.53 3.07
1314936.00 19607.09 3.14
1331013.75 19402.53 3.14
1331013.75 19402.53 3.14
1314936.00 19607.09 3.14
1314936.00 19607.09 3.14
1314936.00 19607.09 3.14
1314936.00 19607.09 3.14
1314936.00 19607.09 3.14
1314936.00 19607.09 3.14
1263967.12 19833.16 3.26
1263967.12 19833.16 3.26
1266315.38 19066.54 3.29
1250143.38 19271.10 3.29
1250143.38 19271.10 3.29
1286580.38 18867.53 3.34
1286580.38 18867.53 3.34
1286580.38 18867.53 3.34
1187965.50 19524.97 3.40
1187965.50 19524.97 3.40
1187965.50 19524.97 3.40
1187965.50 19524.97 3.40
1187965.50 19524.97 3.40
1187965.50 19524.97 3.40
1187965.50 19524.97 3.40
1187965.50 19524.97 3.40
1187965.50 19524.97 3.40
1187965.50 19524.97 3.40
1187965.50 19524.97 3.40
1187965.50 19524.97 3.40
1187965.50 19524.97 3.40
1187965.50 19524.97 3.40
1187965.50 19524.97 3.40
1187965.50 19524.97 3.40
1187965.50 19524.97 3.40
1187965.50 19524.97 3.40
1187965.50 19524.97 3.40
1187965.50 19524.97 3.40
1187965.50 19524.97 3.40
1187965.50 19524.97 3.40
1187965.50 19524.97 3.40
1207392.25 19258.16 3.40
1207392.25 19258.16 3.40
1207392.25 19258.16 3.40
1207392.25 19258.16 3.40
1207392.25 19258.16 3.40
1207392.25 19258.16 3.40
1207392.25 19258.16 3.40
1207392.25 19258.16 3.40
1207392.25 19258.16 3.40
1187965.50 19524.97 3.40
1207392.25 19258.16 3.40
1207392.25 19258.16 3.40
1207392.25 19258.16 3.40
1207392.25 19258.16 3.40
1207392.25 19258.16 3.40
1207392.25 19258.16 3.40
1230932.00 19128.60 3.40
1230932.00 19128.60 3.40
1207392.25 19258.16 3.40
1187965.50 19524.97 3.40
1187965.50 19524.97 3.40
1187965.50 19524.97 3.40
1187965.50 19524.97 3.40
1187965.50 19524.97 3.40
1187965.50 19524.97 3.40
1207392.25 19258.16 3.40
1207392.25 19258.16 3.40
1207392.25 19258.16 3.40
1207392.25 19258.16 3.40
1207392.25 19258.16 3.40
1207392.25 19258.16 3.40
1207392.25 19258.16 3.40
1207392.25 19258.16 3.40
1183925.50 17659.56 5.47
1183925.50 17659.56 5.47
1183925.50 17659.56 5.47
1183925.50 17659.56 5.47
1183925.50 17659.56 5.47
1183925.50 17659.56 5.47
1183925.50 17659.56 5.47
1183925.50 17659.56 5.47
1183925.50 17659.56 5.47
1183925.50 17659.56 5.47
1183925.50 17659.56 5.47
1183925.50 17659.56 5.47
1183925.50 17659.56 5.47
1183925.50 17659.56 5.47
1183925.50 17659.56 5.47
1183925.50 17659.56 5.47
1183925.50 17659.56 5.47
1183925.50 17659.56 5.47
1183925.50 17659.56 5.47
1183925.50 17659.56 5.47
1183925.50 17659.56 5.47
1183925.50 17659.56 5.47
1183925.50 17659.56 5.47
1183925.50 17659.56 5.47
1183925.50 17659.56 5.47
1183925.50 17659.56 5.47
1183925.50 17659.56 5.47
1183925.50 17659.56 5.47
1183925.50 17659.56 5.47
1183925.50 17659.56 5.47
1183925.50 17659.56 5.47
1183925.50 17659.56 5.47
1183925.50 17659.56 5.47
1183925.50 17659.56 5.47
1183925.50 17659.56 5.47
1183925.50 17659.56 5.47
1183925.50 17659.56 5.47
1183925.50 17659.56 5.47
1183925.50 17659.56 5.47
1183925.50 17659.56 5.47
1183925.50 17659.56 5.47
1183925.50 17659.56 5.47
1183925.50 17659.56 5.47
1224078.00 17654.56 5.47
1224078.00 17654.56 5.47
1224078.00 17654.56 5.47
1224078.00 17654.56 5.47
1224078.00 17654.56 5.47
1224078.00 17654.56 5.47
1224078.00 17654.56 5.47
1224078.00 17654.56 5.47
1224078.00 17654.56 5.47
1224078.00 17654.56 5.47
1224078.00 17654.56 5.47
1224078.00 17654.56 5.47
1224078.00 17654.56 5.47
1224078.00 17654.56 5.47
1224078.00 17654.56 5.47
1224078.00 17654.56 5.47
1224078.00 17654.56 5.47
1224078.00 17654.56 5.47
1224078.00 17654.56 5.47
1224078.00 17654.56 5.47
1224078.00 17654.56 5.47
1183925.50 17659.56 5.47
1183925.50 17659.56 5.47
1183925.50 17659.56 5.47
1183925.50 17659.56 5.47
1183925.50 17659.56 5.47
1183925.50 17659.56 5.47
1183925.50 17659.56 5.47
1183925.50 17659.56 5.47
1183925.50 17659.56 5.47
1183925.50 17659.56 5.47
1183925.50 17659.56 5.47
1183925.50 17659.56 5.47
1183925.50 17659.56 5.47
1183925.50 17659.56 5.47
1183925.50 17659.56 5.47
1183925.50 17659.56 5.47
1113786.88 17848.68 5.38
1113786.88 17848.68 5.38
1113786.88 17848.68 5.38
1113786.88 17848.68 5.38
1113786.88 17848.68 5.38
1113786.88 17848.68 5.38
1113786.88 17848.68 5.38
1113786.88 17848.68 5.38
1113786.88 17848.68 5.38
1113786.88 17848.68 5.38
1113786.88 17848.68 5.38
1113786.88 17848.68 5.38
1113786.88 17848.68 5.38
1113786.88 17848.68 5.38
1113786.88 17848.68 5.38
1113786.88 17848.68 5.38
1113786.88 17848.68 5.38
1113786.88 17848.68 5.38
1113786.88 17848.68 5.38
1113786.88 17848.68 5.38
1113786.88 17848.68 5.38
1113786.88 17848.68 5.38
1113786.88 17848.68 5.38
1113786.88 17848.68 5.38
1113786.88 17848.68 5.38
1113786.88 17848.68 5.38
1113786.88 17848.68 5.38
1113786.88 17848.68 5.38
1113786.88 17848.68 5.38
1113786.88 17848.68 5.38
1113786.88 17848.68 5.38
1113786.88 17848.68 5.38
1113786.88 17848.68 5.38
1113786.88 17848.68 5.38
1113786.88 17848.68 5.38
1113786.88 17848.68 5.38
1113786.88 17848.68 5.38
1113786.88 17848.68 5.38
1113786.88 17848.68 5.38
1113786.88 17848.68 5.38
1113786.88 17848.68 5.38
1113786.88 17848.68 5.38
1113786.88 17848.68 5.38
1113786.88 17848.68 5.38
1113786.88 17848.68 5.38
1113786.88 17848.68 5.38
1113786.88 17848.68 5.38
1113786.88 17848.68 5.38
1113786.88 17848.68 5.38
1113786.88 17848.68 5.38
1113786.88 17848.68 5.38
1113786.88 17848.68 5.38
1152679.75 17492.66 5.38
1133854.12 17622.21 5.38
1133854.12 17622.21 5.38
1133854.12 17622.21 5.38
1133854.12 17622.21 5.38
1133854.12 17622.21 5.38
1133854.12 17622.21 5.38
1133854.12 17622.21 5.38
1133854.12 17622.21 5.38
1133854.12 17622.21 5.38
1133854.12 17622.21 5.38
1133854.12 17622.21 5.38
1133854.12 17622.21 5.38
1113786.88 17848.68 5.38
1152679.75 17492.66 5.38
1152679.75 17492.66 5.38
1152679.75 17492.66 5.38
1152679.75 17492.66 5.38
1152679.75 17492.66 5.38
1152679.75 17492.66 5.38
1152679.75 17492.66 5.38
1152679.75 17492.66 5.38
1152679.75 17492.66 5.38
1152679.75 17492.66 5.38
1152679.75 17492.66 5.38
1152679.75 17492.66 5.38
1133854.12 17622.21 5.38
1113786.88 17848.68 5.38
1237123.25 18084.56 5.62
1199087.25 18712.83 5.71
1198207.38 18652.83 5.72
1237123.25 18084.56 5.62
1199087.25 18712.83 5.71
1198207.38 18652.83 5.72
1204060.00 18121.02 5.64
1152218.25 19088.87 5.58
1152218.25 19088.87 5.58
1152218.25 19088.87 5.58
1152218.25 19088.87 5.58
1152218.25 19088.87 5.58
1152218.25 19088.87 5.58
1152218.25 19088.87 5.58
1152218.25 19088.87 5.58
1152218.25 19088.87 5.58
1152218.25 19088.87 5.58
1152218.25 19088.87 5.58
1152218.25 19088.87 5.58
1152218.25 19088.87 5.58
1152218.25 19088.87 5.58
1152218.25 19088.87 5.58
1152218.25 19088.87 5.58
1152218.25 19088.87 5.58
1152218.25 19088.87 5.58
1152218.25 19088.87 5.58
1152218.25 19088.87 5.58
1152218.25 19088.87 5.58
1152218.25 19088.87 5.58
1152218.25 19088.87 5.58
1152218.25 19088.87 5.58
1152218.25 19088.87 5.58
1152218.25 19088.87 5.58
1152218.25 19088.87 5.58
1152218.25 19088.87 5.58
1152218.25 19088.87 5.58
1152218.25 19088.87 5.58
1152218.25 19088.87 5.58
1152218.25 19088.87 5.58
1152218.25 19088.87 5.58
1152218.25 19088.87 5.58
1152218.25 19088.87 5.58
1152218.25 19088.87 5.58
1152218.25 19088.87 5.58
1152218.25 19088.87 5.58
1152218.25 19088.87 5.58
1152218.25 19088.87 5.58
1152218.25 19088.87 5.58
1152218.25 19088.87 5.58
1152218.25 19088.87 5.58
1152218.25 19088.87 5.58
1160466.25 18609.67 5.58
1160466.25 18609.67 5.58
1160466.25 18609.67 5.58
1160466.25 18609.67 5.58
1160466.25 18609.67 5.58
1160466.25 18609.67 5.58
1160466.25 18609.67 5.58
1160466.25 18609.67 5.58
1160466.25 18609.67 5.58
1160466.25 18609.67 5.58
1160466.25 18609.67 5.58
1152218.25 19088.87 5.58
1160466.25 18609.67 5.58
1160466.25 18609.67 5.58
1160466.25 18609.67 5.58
1160466.25 18609.67 5.58
1160466.25 18609.67 5.58
1160466.25 18609.67 5.58
1160466.25 18609.67 5.58
1160466.25 18609.67 5.58
1160466.25 18609.67 5.58
1160466.25 18609.67 5.58
1159307.62 18649.67 5.58
1152218.25 19088.87 5.58
1152218.25 19088.87 5.58
1152218.25 19088.87 5.58
1152218.25 19088.87 5.58
1152218.25 19088.87 5.58
1152218.25 19088.87 5.58
1152218.25 19088.87 5.58
1152218.25 19088.87 5.58
1152218.25 19088.87 5.58
1152218.25 19088.87 5.58
1152218.25 19088.87 5.58
1152218.25 19088.87 5.58
1152218.25 19088.87 5.58
1232250.88 19046.71 5.79
1232250.88 19046.71 5.79
1232250.88 19046.71 5.79
1232250.88 19046.71 5.79
1232250.88 19046.71 5.79
1232250.88 19046.71 5.79
1232250.88 19046.71 5.79
1232250.88 19046.71 5.79
1232250.88 19046.71 5.79
1232250.88 19046.71 5.79
1232250.88 19046.71 5.79
1232250.88 19046.71 5.79
1232250.88 19046.71 5.79
1232250.88 19046.71 5.79
1232250.88 19046.71 5.79
1232250.88 19046.71 5.79
1232250.88 19046.71 5.79
1232250.88 19046.71 5.79
1232250.88 19046.71 5.79
1232250.88 19046.71 5.79
1232250.88 19046.71 5.79
1232250.88 19046.71 5.79
1232250.88 19046.71 5.79
1232250.88 19046.71 5.79
1232250.88 19046.71 5.79
1232250.88 19046.71 5.79
1232250.88 19046.71 5.79
1232250.88 19046.71 5.79
1232250.88 19046.71 5.79
1232250.88 19046.71 5.79
1232250.88 19046.71 5.79
1232250.88 19046.71 5.79
1232250.88 19046.71 5.79
1232250.88 19046.71 5.79
1232250.88 19046.71 5.79
1232250.88 19046.71 5.79
1232250.88 19046.71 5.79
1232250.88 19046.71 5.79
1232250.88 19046.71 5.79
1232250.88 19046.71 5.79
1232250.88 19046.71 5.79
1232250.88 19046.71 5.79
1232250.88 19046.71 5.79
1232250.88 19046.71 5.79
1232250.88 19046.71 5.79
1232250.88 19046.71 5.79
1232250.88 19046.71 5.79
1232250.88 19046.71 5.79
1232250.88 19046.71 5.79
1232250.88 19046.71 5.79
1232250.88 19046.71 5.79
1232250.88 19046.71 5.79
1232250.88 19046.71 5.79
1232250.88 19046.71 5.79
1232250.88 19046.71 5.79
1232250.88 19046.71 5.79
1262827.62 18753.12 5.79
1262827.62 18753.12 5.79
1262827.62 18753.12 5.79
1262827.62 18753.12 5.79
1262827.62 18753.12 5.79
1262827.62 18753.12 5.79
1262827.62 18753.12 5.79
1262827.62 18753.12 5.79
1262827.62 18753.12 5.79
1262827.62 18753.12 5.79
1262827.62 18753.12 5.79
1262827.62 18753.12 5.79
1262827.62 18753.12 5.79
1262827.62 18753.12 5.79
1262827.62 18753.12 5.79
1262827.62 18753.12 5.79
1262827.62 18753.12 5.79
1262827.62 18753.12 5.79
1262827.62 18753.12 5.79
1239378.12 18954.93 5.79
1232250.88 19046.71 5.79
1232250.88 19046.71 5.79
1232250.88 19046.71 5.79
1232250.88 19046.71 5.79
1745667.12 24002.53 2.93
1704047.88 23672.53 3.01
1695683.75 24192.09 3.01
1352213.50 20242.09 3.05
1294144.25 19427.09 3.07
1317373.12 19297.53 3.07
1294144.25 19427.09 3.07
1294144.25 19427.09 3.07
1284214.12 18847.53 3.25
1248811.12 18867.09 3.25
1248706.38 18867.09 3.25
1272148.00 18737.53 3.25
1272148.00 18737.53 3.25
1248706.38 18867.09 3.25
1248706.38 18867.09 3.25
1248706.38 18867.09 3.25
1248706.38 18867.09 3.25
1248706.38 18867.09 3.25
1248706.38 18867.09 3.25
1248706.38 18867.09 3.25
1248706.38 18867.09 3.25
1248706.38 18867.09 3.25
1248706.38 18867.09 3.25
1248706.38 18867.09 3.25
1248706.38 18867.09 3.25
1243879.62 19530.43 3.36
1203022.12 18282.09 3.49
1203022.12 18282.09 3.49
1203022.12 18282.09 3.49
1203022.12 18282.09 3.49
1203022.12 18282.09 3.49
1203022.12 18282.09 3.49
1203022.12 18282.09 3.49
1202992.25 18805.00 3.49
1202992.25 18805.00 3.49
1202992.25 18805.00 3.49
1202992.25 18805.00 3.49
1202992.25 18805.00 3.49
1203022.12 18282.09 3.49
1203022.12 18282.09 3.49
1226198.88 18152.53 3.49
1226198.88 18152.53 3.49
1203022.12 18282.09 3.49
1226198.88 18152.53 3.49
1203022.12 18282.09 3.49
1203022.12 18282.09 3.49
1203022.12 18282.09 3.49
1203022.12 18282.09 3.49
1203022.12 18282.09 3.49
1203022.12 18282.09 3.49
1203022.12 18282.09 3.49
1203022.12 18282.09 3.49
1203022.12 18282.09 3.49
1203022.12 18282.09 3.49
1203022.12 18282.09 3.49
1203022.12 18282.09 3.49
1217919.50 18072.53 3.57
1194860.25 18202.09 3.57
1194860.25 18202.09 3.57
1194860.25 18202.09 3.57
1194860.25 18202.09 3.57
1194860.25 18202.09 3.57
1217919.50 18072.53 3.57
1217919.50 18072.53 3.57
1217919.50 18072.53 3.57
1217919.50 18072.53 3.57
1217919.50 18072.53 3.57
1194860.25 18202.09 3.57
1194860.25 18202.09 3.57
1194860.25 18202.09 3.57
1194860.25 18202.09 3.57
1194860.25 18202.09 3.57
1194860.25 18202.09 3.57
1194860.25 18202.09 3.57
1194860.25 18202.09 3.57
1194860.25 18202.09 3.57
1194860.25 18202.09 3.57
1194807.88 18725.00 3.57
1194807.88 18725.00 3.57
1194807.88 18725.00 3.57
1214528.00 17409.56 5.38
1214528.00 17409.56 5.38
1214528.00 17409.56 5.38
1214528.00 17409.56 5.38
1214528.00 17409.56 5.38
1214528.00 17409.56 5.38
1214528.00 17409.56 5.38
1214528.00 17409.56 5.38
1214528.00 17409.56 5.38
1214528.00 17409.56 5.38
1214528.00 17409.56 5.38
1214528.00 17409.56 5.38
1214528.00 17409.56 5.38
1214528.00 17409.56 5.38
1214528.00 17409.56 5.38
1214528.00 17409.56 5.38
1214528.00 17409.56 5.38
1214528.00 17409.56 5.38
1214528.00 17409.56 5.38
1214528.00 17409.56 5.38
1214528.00 17409.56 5.38
1214528.00 17409.56 5.38
1214528.00 17409.56 5.38
1214528.00 17409.56 5.38
1214528.00 17409.56 5.38
1214528.00 17409.56 5.38
1214528.00 17409.56 5.38
1214528.00 17409.56 5.38
1214528.00 17409.56 5.38
1214528.00 17409.56 5.38
1214528.00 17409.56 5.38
1214528.00 17409.56 5.38
1214528.00 17409.56 5.38
1214528.00 17409.56 5.38
1214528.00 17409.56 5.38
1214528.00 17409.56 5.38
1214528.00 17409.56 5.38
1214528.00 17409.56 5.38
1214528.00 17409.56 5.38
1214528.00 17409.56 5.38
1214528.00 17409.56 5.38
1214528.00 17409.56 5.38
1214528.00 17409.56 5.38
1214528.00 17409.56 5.38
1214528.00 17409.56 5.38
1214528.00 17409.56 5.38
1214528.00 17409.56 5.38
1214528.00 17409.56 5.38
1214528.00 17409.56 5.38
1214528.00 17409.56 5.38
1214528.00 17409.56 5.38
1214528.00 17409.56 5.38
1214528.00 17409.56 5.38
1214528.00 17409.56 5.38
1214528.00 17409.56 5.38
1214528.00 17409.56 5.38
1214528.00 17409.56 5.38
1214528.00 17409.56 5.38
1214528.00 17409.56 5.38
1214528.00 17409.56 5.38
1214528.00 17409.56 5.38
1214528.00 17409.56 5.38
1214528.00 17409.56 5.38
1214528.00 17409.56 5.38
1214528.00 17409.56 5.38
1214528.00 17409.56 5.38
1214528.00 17409.56 5.38
1214528.00 17409.56 5.38
1214528.00 17409.56 5.38
1214528.00 17409.56 5.38
1214528.00 17409.56 5.38
1214528.00 17409.56 5.38
1214528.00 17409.56 5.38
1214528.00 17409.56 5.38
1214528.00 17409.56 5.38
1214528.00 17409.56 5.38
1214528.00 17409.56 5.38
1214528.00 17409.56 5.38
1214528.00 17409.56 5.38
1214528.00 17409.56 5.38
1155014.62 17621.36 5.40
1155014.62 17621.36 5.40
1155014.62 17621.36 5.40
1155014.62 17621.36 5.40
1155014.62 17621.36 5.40
1155014.62 17621.36 5.40
1155014.62 17621.36 5.40
1155014.62 17621.36 5.40
1155014.62 17621.36 5.40
1155014.62 17621.36 5.40
1155014.62 17621.36 5.40
1155014.62 17621.36 5.40
1155014.62 17621.36 5.40
1155014.62 17621.36 5.40
1155014.62 17621.36 5.40
1155014.62 17621.36 5.40
1155014.62 17621.36 5.40
1155014.62 17621.36 5.40
1155014.62 17621.36 5.40
1155014.62 17621.36 5.40
1155014.62 17621.36 5.40
1155014.62 17621.36 5.40
1155014.62 17621.36 5.40
1155014.62 17621.36 5.40
1155014.62 17621.36 5.40
1155014.62 17621.36 5.40
1155014.62 17621.36 5.40
1155014.62 17621.36 5.40
1155014.62 17621.36 5.40
1155014.62 17621.36 5.40
1155014.62 17621.36 5.40
1155014.62 17621.36 5.40
1155014.62 17621.36 5.40
1155014.62 17621.36 5.40
1155014.62 17621.36 5.40
1155014.62 17621.36 5.40
1155014.62 17621.36 5.40
1155014.62 17621.36 5.40
1155014.62 17621.36 5.40
1155014.62 17621.36 5.40
1155014.62 17621.36 5.40
1155014.62 17621.36 5.40
1155014.62 17621.36 5.40
1155014.62 17621.36 5.40
1155014.62 17621.36 5.40
1155014.62 17621.36 5.40
1155014.62 17621.36 5.40
1155014.62 17621.36 5.40
1178610.25 17419.56 5.40
1178496.25 17419.56 5.40
1178496.25 17419.56 5.40
1178496.25 17419.56 5.40
1178610.25 17419.56 5.40
1178610.25 17419.56 5.40
1178610.25 17419.56 5.40
1178610.25 17419.56 5.40
1178610.25 17419.56 5.40
1178610.25 17419.56 5.40
1178610.25 17419.56 5.40
1178610.25 17419.56 5.40
1155014.62 17621.36 5.40
1178610.25 17419.56 5.40
1178610.25 17419.56 5.40
1178610.25 17419.56 5.40
1178610.25 17419.56 5.40
1178610.25 17419.56 5.40
1178610.25 17419.56 5.40
1178610.25 17419.56 5.40
1178610.25 17419.56 5.40
1178610.25 17419.56 5.40
1178610.25 17419.56 5.40
1178496.25 17419.56 5.40
1155014.62 17621.36 5.40
1155014.62 17621.36 5.40
1155014.62 17621.36 5.40
1155014.62 17621.36 5.40
1155014.62 17621.36 5.40
1155014.62 17621.36 5.40
1155014.62 17621.36 5.40
1155014.62 17621.36 5.40
1194994.00 18290.63 5.46
1194994.00 18290.63 5.46
1194994.00 18290.63 5.46
1194994.00 18290.63 5.46
1194994.00 18290.63 5.46
1194994.00 18290.63 5.46
1194994.00 18290.63 5.46
1194994.00 18290.63 5.46
1194994.00 18290.63 5.46
1194994.00 18290.63 5.46
1194994.00 18290.63 5.46
1194994.00 18290.63 5.46
1194994.00 18290.63 5.46
1194994.00 18290.63 5.46
1194994.00 18290.63 5.46
1194994.00 18290.63 5.46
1194994.00 18290.63 5.46
1194994.00 18290.63 5.46
1194994.00 18290.63 5.46
1194994.00 18290.63 5.46
1194994.00 18290.63 5.46
1194994.00 18290.63 5.46
1194994.00 18290.63 5.46
1194994.00 18290.63 5.46
1194994.00 18290.63 5.46
1194994.00 18290.63 5.46
1194994.00 18290.63 5.46
1194994.00 18290.63 5.46
1194994.00 18290.63 5.46
1194994.00 18290.63 5.46
1194994.00 18290.63 5.46
1194994.00 18290.63 5.46
1194994.00 18290.63 5.46
1194994.00 18290.63 5.46
1194994.00 18290.63 5.46
1194994.00 18290.63 5.46
1194994.00 18290.63 5.46
1194994.00 18290.63 5.46
1194994.00 18290.63 5.46
1194994.00 18290.63 5.46
1194994.00 18290.63 5.46
1194994.00 18290.63 5.46
1194994.00 18290.63 5.46
1194994.00 18290.63 5.46
1194994.00 18290.63 5.46
1194994.00 18290.63 5.46
1194994.00 18290.63 5.46
1194994.00 18290.63 5.46
1194994.00 18290.63 5.46
1194994.00 18290.63 5.46
1194994.00 18290.63 5.46
1194994.00 18290.63 5.46
1194994.00 18290.63 5.46
1194994.00 18290.63 5.46
1194994.00 18290.63 5.46
1194994.00 18290.63 5.46
1194994.00 18290.63 5.46
1194994.00 18290.63 5.46
1194994.00 18290.63 5.46
1194994.00 18290.63 5.46
1194994.00 18290.63 5.46
1194994.00 18290.63 5.46
1194994.00 18290.63 5.46
1194994.00 18290.63 5.46
1194994.00 18290.63 5.46
1194994.00 18290.63 5.46
1194994.00 18290.63 5.46
1194994.00 18290.63 5.46
1194994.00 18290.63 5.46
1194994.00 18290.63 5.46
1194994.00 18290.63 5.46
1194994.00 18290.63 5.46
1194994.00 18290.63 5.46
1194994.00 18290.63 5.46
1194994.00 18290.63 5.46
1194994.00 18290.63 5.46
1194994.00 18290.63 5.46
1194994.00 18290.63 5.46
1194994.00 18290.63 5.46
1194994.00 18290.63 5.46