971738.94 15869.42 1.20
956133.88 15629.42 1.20
956133.88 15629.42 1.20
956133.88 15629.42 1.20
956133.88 15629.42 1.20
956133.88 15629.42 1.20
956133.88 15629.42 1.20
956133.88 15629.42 1.20
956133.88 15629.42 1.20
956133.88 15629.42 1.20
956133.88 15629.42 1.20
956133.88 15629.42 1.20
956133.88 15629.42 1.20
956133.88 15629.42 1.20
956133.88 15629.42 1.20
956133.88 15629.42 1.20
956133.88 15629.42 1.20
956133.88 15629.42 1.20
956133.88 15629.42 1.20
956133.88 15629.42 1.20
956133.88 15629.42 1.20
956133.88 15629.42 1.20
956133.88 15629.42 1.20
956133.88 15629.42 1.20
956133.88 15629.42 1.20
956133.88 15629.42 1.20
956133.88 15629.42 1.20
956133.88 15629.42 1.20
956133.88 15629.42 1.20
956133.88 15629.42 1.20
956133.88 15629.42 1.20
956133.88 15629.42 1.20
956133.88 15629.42 1.20
956133.88 15629.42 1.20
943085.44 15487.25 1.22
943085.44 15487.25 1.22
943085.44 15487.25 1.22
943085.44 15487.25 1.22
943085.44 15487.25 1.22
943085.44 15487.25 1.22
943085.44 15487.25 1.22
943085.44 15487.25 1.22
943085.44 15487.25 1.22
943085.44 15487.25 1.22
943085.44 15487.25 1.22
943085.44 15487.25 1.22
943085.44 15487.25 1.22
943085.44 15487.25 1.22
943085.44 15487.25 1.22
943085.44 15487.25 1.22
943085.44 15487.25 1.22
943085.44 15487.25 1.22
943085.44 15487.25 1.22
943085.44 15487.25 1.22
943085.44 15487.25 1.22
943085.44 15487.25 1.22
943085.44 15487.25 1.22
949447.62 15386.37 1.24
949447.62 15386.37 1.24
949447.62 15386.37 1.24
949447.62 15386.37 1.24
949447.62 15386.37 1.24
949447.62 15386.37 1.24
949447.62 15386.37 1.24
949447.62 15386.37 1.24
949447.62 15386.37 1.24
949447.62 15386.37 1.24
948528.75 15406.37 1.24
949447.62 15386.37 1.24
949447.62 15386.37 1.24
949447.62 15386.37 1.24
949447.62 15386.37 1.24
948528.75 15406.37 1.24
948528.75 15406.37 1.24
948528.75 15406.37 1.24
948528.75 15406.37 1.24
948528.75 15406.37 1.24
948528.75 15406.37 1.24
948528.75 15406.37 1.24
948528.75 15406.37 1.24
936563.00 14082.38 1.20
936563.00 14082.38 1.20
936563.00 14082.38 1.20
936563.00 14082.38 1.20
936563.00 14082.38 1.20
936563.00 14082.38 1.20
936563.00 14082.38 1.20
936563.00 14082.38 1.20
936563.00 14082.38 1.20
936563.00 14082.38 1.20
936563.00 14082.38 1.20
936563.00 14082.38 1.20
936563.00 14082.38 1.20
936563.00 14082.38 1.20
936563.00 14082.38 1.20
936563.00 14082.38 1.20
936563.00 14082.38 1.20
936563.00 14082.38 1.20
936563.00 14082.38 1.20
936563.00 14082.38 1.20
936563.00 14082.38 1.20
936563.00 14082.38 1.20
936563.00 14082.38 1.20
936563.00 14082.38 1.20
936563.00 14082.38 1.20
936563.00 14082.38 1.20
936563.00 14082.38 1.20
936563.00 14082.38 1.20
936563.00 14082.38 1.20
936563.00 14082.38 1.20
936563.00 14082.38 1.20
936563.00 14082.38 1.20
936563.00 14082.38 1.20
936563.00 14082.38 1.20
936563.00 14082.38 1.20
936563.00 14082.38 1.20
936563.00 14082.38 1.20
936563.00 14082.38 1.20
936563.00 14082.38 1.20
936563.00 14082.38 1.20
936563.00 14082.38 1.20
936563.00 14082.38 1.20
936563.00 14082.38 1.20
936563.00 14082.38 1.20
936563.00 14082.38 1.20
936563.00 14082.38 1.20
936563.00 14082.38 1.20
936563.00 14082.38 1.20
936563.00 14082.38 1.20
936563.00 14082.38 1.20
936563.00 14082.38 1.20
936563.00 14082.38 1.20
936563.00 14082.38 1.20
936563.00 14082.38 1.20
936563.00 14082.38 1.20
936563.00 14082.38 1.20
936563.00 14082.38 1.20
936563.00 14082.38 1.20
936563.00 14082.38 1.20
936563.00 14082.38 1.20
936563.00 14082.38 1.20
936563.00 14082.38 1.20
936563.00 14082.38 1.20
936563.00 14082.38 1.20
936563.00 14082.38 1.20
936563.00 14082.38 1.20
936563.00 14082.38 1.20
936563.00 14082.38 1.20
936563.00 14082.38 1.20
936563.00 14082.38 1.20
936563.00 14082.38 1.20
936563.00 14082.38 1.20
936563.00 14082.38 1.20
936563.00 14082.38 1.20
936563.00 14082.38 1.20
936563.00 14082.38 1.20
936563.00 14082.38 1.20
936563.00 14082.38 1.20
936563.00 14082.38 1.20
936563.00 14082.38 1.20
977098.50 15654.42 1.20
977098.50 15654.42 1.20
977098.50 15654.42 1.20
977098.50 15654.42 1.20
977098.50 15654.42 1.20
961514.31 15414.42 1.20
961514.31 15414.42 1.20
961514.31 15414.42 1.20
961514.31 15414.42 1.20
961514.31 15414.42 1.20
961514.31 15414.42 1.20
961514.31 15414.42 1.20
961514.31 15414.42 1.20
961514.31 15414.42 1.20
961514.31 15414.42 1.20
961514.31 15414.42 1.20
961514.31 15414.42 1.20
961514.31 15414.42 1.20
961514.31 15414.42 1.20
961514.31 15414.42 1.20
961514.31 15414.42 1.20
961514.31 15414.42 1.20
961514.31 15414.42 1.20
961514.31 15414.42 1.20
961514.31 15414.42 1.20
961514.31 15414.42 1.20
961514.31 15414.42 1.20
961514.31 15414.42 1.20
961514.31 15414.42 1.20
961514.31 15414.42 1.20
961514.31 15414.42 1.20
961514.31 15414.42 1.20
961514.31 15414.42 1.20
961514.31 15414.42 1.20
961514.31 15414.42 1.20
961514.31 15414.42 1.20
961514.31 15414.42 1.20
961514.31 15414.42 1.20
961514.31 15414.42 1.20
961514.31 15414.42 1.20
961514.31 15414.42 1.20
961514.31 15414.42 1.20
961514.31 15414.42 1.20
961514.31 15414.42 1.20
961514.31 15414.42 1.20
961514.31 15414.42 1.20
961514.31 15414.42 1.20
961514.31 15414.42 1.20
961514.31 15414.42 1.20
961514.31 15414.42 1.20
961514.31 15414.42 1.20
961514.31 15414.42 1.20
961514.31 15414.42 1.20
961514.31 15414.42 1.20
961514.31 15414.42 1.20
961514.31 15414.42 1.20
961514.31 15414.42 1.20
952807.44 15327.25 1.22
952807.44 15327.25 1.22
952807.44 15327.25 1.22
952807.44 15327.25 1.22
952807.44 15327.25 1.22
952807.44 15327.25 1.22
952807.44 15327.25 1.22
952807.44 15327.25 1.22
952807.44 15327.25 1.22
952807.44 15327.25 1.22
952807.44 15327.25 1.22
952807.44 15327.25 1.22
952807.44 15327.25 1.22
952807.44 15327.25 1.22
952807.44 15327.25 1.22
952807.44 15327.25 1.22
952807.44 15327.25 1.22
952807.44 15327.25 1.22
952807.44 15327.25 1.22
952807.44 15327.25 1.22
952807.44 15327.25 1.22
952807.44 15327.25 1.22
952807.44 15327.25 1.22
951291.56 15064.42 1.20
935764.50 14824.42 1.20
935764.50 14824.42 1.20
935764.50 14824.42 1.20
935764.50 14824.42 1.20
935764.50 14824.42 1.20
935764.50 14824.42 1.20
935764.50 14824.42 1.20
935764.50 14824.42 1.20
935764.50 14824.42 1.20
935764.50 14824.42 1.20
935764.50 14824.42 1.20
935764.50 14824.42 1.20
935764.50 14824.42 1.20
935764.50 14824.42 1.20
935764.50 14824.42 1.20
935764.50 14824.42 1.20
935764.50 14824.42 1.20
935764.50 14824.42 1.20
935764.50 14824.42 1.20
935764.50 14824.42 1.20
935764.50 14824.42 1.20
935764.50 14824.42 1.20
935764.50 14824.42 1.20
935764.50 14824.42 1.20
935764.50 14824.42 1.20
935764.50 14824.42 1.20
935764.50 14824.42 1.20
935764.50 14824.42 1.20
935764.50 14824.42 1.20
935764.50 14824.42 1.20
935764.50 14824.42 1.20
935764.50 14824.42 1.20
935764.50 14824.42 1.20
935764.50 14824.42 1.20
935764.50 14824.42 1.20
935764.50 14824.42 1.20
935764.50 14824.42 1.20
935764.50 14824.42 1.20
935764.50 14824.42 1.20
935764.50 14824.42 1.20
935764.50 14824.42 1.20
935764.50 14824.42 1.20
935764.50 14824.42 1.20
935764.50 14824.42 1.20
935764.50 14824.42 1.20
930511.38 14631.37 1.24
930511.38 14631.37 1.24
930511.38 14631.37 1.24
930511.38 14631.37 1.24
930511.38 14631.37 1.24
930511.38 14631.37 1.24
930511.38 14631.37 1.24
930511.38 14631.37 1.24
930511.38 14631.37 1.24
930511.38 14631.37 1.24
930511.38 14631.37 1.24
930511.38 14631.37 1.24
930511.38 14631.37 1.24
930511.38 14631.37 1.24
930511.38 14631.37 1.24
930511.38 14631.37 1.24
930511.38 14631.37 1.24
930511.38 14631.37 1.24
930511.38 14631.37 1.24
930511.38 14631.37 1.24
930511.38 14631.37 1.24
930511.38 14631.37 1.24
930511.38 14631.37 1.24
930511.38 14631.37 1.24
930511.38 14631.37 1.24
930511.38 14631.37 1.24
930511.38 14631.37 1.24
930511.38 14631.37 1.24
930511.38 14631.37 1.24
930511.38 14631.37 1.24
930511.38 14631.37 1.24
930511.38 14631.37 1.24
930511.38 14631.37 1.24
930511.38 14631.37 1.24
986893.19 15489.42 1.20
986893.19 15489.42 1.20
921789.44 14684.42 1.20
921789.44 14684.42 1.20
921789.44 14684.42 1.20
921789.44 14684.42 1.20
921789.44 14684.42 1.20
921789.44 14684.42 1.20
921789.44 14684.42 1.20
921789.44 14684.42 1.20
913082.62 14597.25 1.22
913082.62 14597.25 1.22
913082.62 14597.25 1.22
913082.62 14597.25 1.22
913082.62 14597.25 1.22
913082.62 14597.25 1.22
913082.62 14597.25 1.22
913082.62 14597.25 1.22
913082.62 14597.25 1.22
913082.62 14597.25 1.22
913082.62 14597.25 1.22
913082.62 14597.25 1.22
913082.62 14597.25 1.22
913082.62 14597.25 1.22
913082.62 14597.25 1.22
913082.62 14597.25 1.22
913082.62 14597.25 1.22
913082.62 14597.25 1.22
913082.62 14597.25 1.22
913082.62 14597.25 1.22
913082.62 14597.25 1.22
913082.62 14597.25 1.22
913082.62 14597.25 1.22
913082.62 14597.25 1.22
913082.62 14597.25 1.22
913082.62 14597.25 1.22
913082.62 14597.25 1.22
913082.62 14597.25 1.22
913082.62 14597.25 1.22
913082.62 14597.25 1.22
913082.62 14597.25 1.22
913082.62 14597.25 1.22
913082.62 14597.25 1.22
913082.62 14597.25 1.22
913082.62 14597.25 1.22
913082.62 14597.25 1.22
910934.25 14721.03 1.32
910934.25 14721.03 1.32
910934.25 14721.03 1.32
910934.25 14721.03 1.32
910934.25 14721.03 1.32
910934.25 14721.03 1.32
910934.25 14721.03 1.32
910934.25 14721.03 1.32
910934.25 14721.03 1.32
910934.25 14721.03 1.32
910934.25 14721.03 1.32
910934.25 14721.03 1.32
910934.25 14721.03 1.32
910934.25 14721.03 1.32
910934.25 14721.03 1.32
910934.25 14721.03 1.32
910934.25 14721.03 1.32
910934.25 14721.03 1.32
901004.00 14616.03 1.33
901004.00 14616.03 1.33
901004.00 14616.03 1.33
901004.00 14616.03 1.33
901004.00 14616.03 1.33
901004.00 14616.03 1.33
901004.00 14616.03 1.33
901004.00 14616.03 1.33
901004.00 14616.03 1.33
901004.00 14616.03 1.33
901004.00 14616.03 1.33
901004.00 14616.03 1.33
901004.00 14616.03 1.33
901004.00 14616.03 1.33
901004.00 14616.03 1.33
901004.00 14616.03 1.33
921990.62 14895.38 1.22
921990.62 14895.38 1.22
921990.62 14895.38 1.22
921990.62 14895.38 1.22
921990.62 14895.38 1.22
921990.62 14895.38 1.22
921990.62 14895.38 1.22
921990.62 14895.38 1.22
921990.62 14895.38 1.22
921990.62 14895.38 1.22
921990.62 14895.38 1.22
921990.62 14895.38 1.22
921990.62 14895.38 1.22
921990.62 14895.38 1.22
921990.62 14895.38 1.22
921990.62 14895.38 1.22
921990.62 14895.38 1.22
921990.62 14895.38 1.22
921990.62 14895.38 1.22
921990.62 14895.38 1.22
922130.94 14890.38 1.22
921990.62 14895.38 1.22
921990.62 14895.38 1.22
921990.62 14895.38 1.22
921990.62 14895.38 1.22
921990.62 14895.38 1.22
921990.62 14895.38 1.22
921990.62 14895.38 1.22
921990.62 14895.38 1.22
921990.62 14895.38 1.22
921990.62 14895.38 1.22
922130.94 14890.38 1.22
921990.62 14895.38 1.22
921990.62 14895.38 1.22
921990.62 14895.38 1.22
921990.62 14895.38 1.22
921990.62 14895.38 1.22
921990.62 14895.38 1.22
921990.62 14895.38 1.22
921990.62 14895.38 1.22
921990.62 14895.38 1.22
922130.94 14890.38 1.22
922130.94 14890.38 1.22
922130.94 14890.38 1.22
922130.94 14890.38 1.22
922130.94 14890.38 1.22
922130.94 14890.38 1.22
922130.94 14890.38 1.22
922130.94 14890.38 1.22
922130.94 14890.38 1.22
922130.94 14890.38 1.22
922130.94 14890.38 1.22
922130.94 14890.38 1.22
922130.94 14890.38 1.22
922130.94 14890.38 1.22
922130.94 14890.38 1.22
922130.94 14890.38 1.22
922130.94 14890.38 1.22
922130.94 14890.38 1.22
922130.94 14890.38 1.22
921990.62 14895.38 1.22
922130.94 14890.38 1.22
922130.94 14890.38 1.22
922130.94 14890.38 1.22
922130.94 14890.38 1.22
922130.94 14890.38 1.22
922130.94 14890.38 1.22
922130.94 14890.38 1.22
922130.94 14890.38 1.22
922130.94 14890.38 1.22
922130.94 14890.38 1.22
922130.94 14890.38 1.22
922130.94 14890.38 1.22
922130.94 14890.38 1.22
922130.94 14890.38 1.22
922130.94 14890.38 1.22
922130.94 14890.38 1.22
922130.94 14890.38 1.22
922130.94 14890.38 1.22
922130.94 14890.38 1.22
967593.00 15489.42 1.20
967593.00 15489.42 1.20
967593.00 15489.42 1.20
967593.00 15489.42 1.20
967593.00 15489.42 1.20
967593.00 15489.42 1.20
967593.00 15489.42 1.20
967593.00 15489.42 1.20
967593.00 15489.42 1.20
967593.00 15489.42 1.20
967593.00 15489.42 1.20
967593.00 15489.42 1.20
967593.00 15489.42 1.20
967593.00 15489.42 1.20
967593.00 15489.42 1.20
967593.00 15489.42 1.20
967593.00 15489.42 1.20
967593.00 15489.42 1.20
967593.00 15489.42 1.20
967593.00 15489.42 1.20
967593.00 15489.42 1.20
967593.00 15489.42 1.20
967593.00 15489.42 1.20
967593.00 15489.42 1.20
967593.00 15489.42 1.20
967593.00 15489.42 1.20
967593.00 15489.42 1.20
967593.00 15489.42 1.20
967593.00 15489.42 1.20
967593.00 15489.42 1.20
967593.00 15489.42 1.20
967593.00 15489.42 1.20
967593.00 15489.42 1.20
967593.00 15489.42 1.20
967593.00 15489.42 1.20
967593.00 15489.42 1.20
967593.00 15489.42 1.20
967593.00 15489.42 1.20
967593.00 15489.42 1.20
967593.00 15489.42 1.20
967593.00 15489.42 1.20
978637.25 15474.42 1.20
978637.25 15474.42 1.20
978637.25 15474.42 1.20
978637.25 15474.42 1.20
978637.25 15474.42 1.20
978637.25 15474.42 1.20
978637.25 15474.42 1.20
978637.25 15474.42 1.20
978637.25 15474.42 1.20
978637.25 15474.42 1.20
978637.25 15474.42 1.20
978637.25 15474.42 1.20
978637.25 15474.42 1.20
978637.25 15474.42 1.20
978637.25 15474.42 1.20
978637.25 15474.42 1.20
978637.25 15474.42 1.20
978637.25 15474.42 1.20
978637.25 15474.42 1.20
978637.25 15474.42 1.20
967593.00 15489.42 1.20
967593.00 15489.42 1.20
967593.00 15489.42 1.20
967593.00 15489.42 1.20
967593.00 15489.42 1.20
967593.00 15489.42 1.20
967593.00 15489.42 1.20
967593.00 15489.42 1.20
967593.00 15489.42 1.20
967593.00 15489.42 1.20
967593.00 15489.42 1.20
967593.00 15489.42 1.20
967593.00 15489.42 1.20
967593.00 15489.42 1.20
967593.00 15489.42 1.20
967593.00 15489.42 1.20
967593.00 15489.42 1.20
967593.00 15489.42 1.20
967593.00 15489.42 1.20
950235.31 14764.53 1.24
950142.62 14774.53 1.24
950142.62 14774.53 1.24
950235.31 14764.53 1.24
950235.31 14764.53 1.24
950235.31 14764.53 1.24
950235.31 14764.53 1.24
950235.31 14764.53 1.24
950235.31 14764.53 1.24
950235.31 14764.53 1.24
950235.31 14764.53 1.24
950142.62 14774.53 1.24
950235.31 14764.53 1.24
950235.31 14764.53 1.24
950235.31 14764.53 1.24
950235.31 14764.53 1.24
950235.31 14764.53 1.24
950235.31 14764.53 1.24
950235.31 14764.53 1.24
950235.31 14764.53 1.24
950235.31 14764.53 1.24
950235.31 14764.53 1.24
950142.62 14774.53 1.24
950142.62 14774.53 1.24
950142.62 14774.53 1.24
950142.62 14774.53 1.24
950142.62 14774.53 1.24
950142.62 14774.53 1.24
950142.62 14774.53 1.24
950142.62 14774.53 1.24
950142.62 14774.53 1.24
950142.62 14774.53 1.24
950142.62 14774.53 1.24
950235.31 14764.53 1.24
950142.62 14774.53 1.24
950142.62 14774.53 1.24
950142.62 14774.53 1.24
950142.62 14774.53 1.24
950142.62 14774.53 1.24
950142.62 14774.53 1.24
950142.62 14774.53 1.24
950142.62 14774.53 1.24
950142.62 14774.53 1.24
950235.31 14764.53 1.24
950235.31 14764.53 1.24
950235.31 14764.53 1.24
950235.31 14764.53 1.24
950235.31 14764.53 1.24
950235.31 14764.53 1.24
950235.31 14764.53 1.24
950235.31 14764.53 1.24
950235.31 14764.53 1.24
950235.31 14764.53 1.24
950235.31 14764.53 1.24
950235.31 14764.53 1.24
950235.31 14764.53 1.24
950235.31 14764.53 1.24
950235.31 14764.53 1.24
950235.31 14764.53 1.24
950235.31 14764.53 1.24
950235.31 14764.53 1.24
950235.31 14764.53 1.24
950235.31 14764.53 1.24
950235.31 14764.53 1.24
950235.31 14764.53 1.24
950235.31 14764.53 1.24
950235.31 14764.53 1.24
950235.31 14764.53 1.24
950235.31 14764.53 1.24
929848.38 14187.33 1.29
929848.38 14187.33 1.29
929848.38 14187.33 1.29
929848.38 14187.33 1.29
929848.38 14187.33 1.29
929848.38 14187.33 1.29
929848.38 14187.33 1.29
929848.38 14187.33 1.29
929754.88 14197.33 1.29
929754.88 14197.33 1.29
929848.38 14187.33 1.29
961489.50 15294.42 1.20
961489.50 15294.42 1.20
964681.00 15229.42 1.20
964681.00 15229.42 1.20
922804.81 15020.38 1.22
925176.19 14940.38 1.22
922804.81 15020.38 1.22
922804.81 15020.38 1.22
922804.81 15020.38 1.22
922804.81 15020.38 1.22
922804.81 15020.38 1.22
922804.81 15020.38 1.22
922804.81 15020.38 1.22
922804.81 15020.38 1.22
922804.81 15020.38 1.22
922804.81 15020.38 1.22
922804.81 15020.38 1.22
922804.81 15020.38 1.22
922804.81 15020.38 1.22
922804.81 15020.38 1.22
922804.81 15020.38 1.22
922804.81 15020.38 1.22
922804.81 15020.38 1.22
922804.81 15020.38 1.22
922804.81 15020.38 1.22
922804.81 15020.38 1.22
922804.81 15020.38 1.22
922804.81 15020.38 1.22
922804.81 15020.38 1.22
922804.81 15020.38 1.22
922804.81 15020.38 1.22
922804.81 15020.38 1.22
922804.81 15020.38 1.22
922804.81 15020.38 1.22
922804.81 15020.38 1.22
922804.81 15020.38 1.22
922804.81 15020.38 1.22
922804.81 15020.38 1.22
922804.81 15020.38 1.22
922804.81 15020.38 1.22
922804.81 15020.38 1.22
918867.69 15170.81 1.47
913505.75 14910.23 1.58
874694.31 14636.18 1.60
874694.31 14636.18 1.60
874694.31 14636.18 1.60
874694.31 14636.18 1.60
874694.31 14636.18 1.60
874694.31 14636.18 1.60
874694.31 14636.18 1.60
874694.31 14636.18 1.60
874694.31 14636.18 1.60
874694.31 14636.18 1.60
874694.31 14636.18 1.60
874694.31 14636.18 1.60
874694.31 14636.18 1.60
874694.31 14636.18 1.60
874694.31 14636.18 1.60
874694.31 14636.18 1.60
874694.31 14636.18 1.60
874694.31 14636.18 1.60
874694.31 14636.18 1.60
871986.88 14601.18 1.63
871986.88 14601.18 1.63
871986.88 14601.18 1.63
871986.88 14601.18 1.63
871986.88 14601.18 1.63
871986.88 14601.18 1.63
871986.88 14601.18 1.63
861103.88 14451.99 1.64
861103.88 14451.99 1.64
861103.88 14451.99 1.64
861103.88 14451.99 1.64
861103.88 14451.99 1.64
861103.88 14451.99 1.64
861103.88 14451.99 1.64
861103.88 14451.99 1.64
861103.88 14451.99 1.64
861103.88 14451.99 1.64
861103.88 14451.99 1.64
935893.06 14072.38 1.20
935893.06 14072.38 1.20
935893.06 14072.38 1.20
935893.06 14072.38 1.20
935893.06 14072.38 1.20
935893.06 14072.38 1.20
935893.06 14072.38 1.20
935893.06 14072.38 1.20
935893.06 14072.38 1.20
935893.06 14072.38 1.20
935893.06 14072.38 1.20
935893.06 14072.38 1.20
935893.06 14072.38 1.20
935893.06 14072.38 1.20
935893.06 14072.38 1.20
935893.06 14072.38 1.20
935893.06 14072.38 1.20
935893.06 14072.38 1.20
935893.06 14072.38 1.20
935893.06 14072.38 1.20
935893.06 14072.38 1.20
935893.06 14072.38 1.20
935893.06 14072.38 1.20
935893.06 14072.38 1.20
935893.06 14072.38 1.20
935893.06 14072.38 1.20
935893.06 14072.38 1.20
935893.06 14072.38 1.20
935893.06 14072.38 1.20
935893.06 14072.38 1.20
935893.06 14072.38 1.20
935893.06 14072.38 1.20
935893.06 14072.38 1.20
935893.06 14072.38 1.20
935893.06 14072.38 1.20
935893.06 14072.38 1.20
935893.06 14072.38 1.20
935893.06 14072.38 1.20
935893.06 14072.38 1.20
935893.06 14072.38 1.20
935893.06 14072.38 1.20
935893.06 14072.38 1.20
935893.06 14072.38 1.20
935893.06 14072.38 1.20
935893.06 14072.38 1.20
935893.06 14072.38 1.20
935893.06 14072.38 1.20
935893.06 14072.38 1.20
935893.06 14072.38 1.20
935893.06 14072.38 1.20
935893.06 14072.38 1.20
935893.06 14072.38 1.20
935893.06 14072.38 1.20
935893.06 14072.38 1.20
935893.06 14072.38 1.20
935893.06 14072.38 1.20
935893.06 14072.38 1.20
935893.06 14072.38 1.20
935893.06 14072.38 1.20
935893.06 14072.38 1.20
935893.06 14072.38 1.20
935893.06 14072.38 1.20
935893.06 14072.38 1.20
935893.06 14072.38 1.20
935893.06 14072.38 1.20
935893.06 14072.38 1.20
935893.06 14072.38 1.20
935893.06 14072.38 1.20
935893.06 14072.38 1.20
935893.06 14072.38 1.20
935893.06 14072.38 1.20
935893.06 14072.38 1.20
935893.06 14072.38 1.20
935893.06 14072.38 1.20
925364.25 14267.60 1.40
919031.81 13900.12 1.46
919031.81 13900.12 1.46
919031.81 13900.12 1.46
919031.81 13900.12 1.46
919031.81 13900.12 1.46
922295.19 14929.42 1.20
906781.12 14689.42 1.20
906781.12 14689.42 1.20
906781.12 14689.42 1.20
906781.12 14689.42 1.20
906781.12 14689.42 1.20
906781.12 14689.42 1.20
906781.12 14689.42 1.20
906781.12 14689.42 1.20
906781.12 14689.42 1.20
906781.12 14689.42 1.20
906781.12 14689.42 1.20
906781.12 14689.42 1.20
906781.12 14689.42 1.20
906781.12 14689.42 1.20
906781.12 14689.42 1.20
906781.12 14689.42 1.20
906781.12 14689.42 1.20
906781.12 14689.42 1.20
906781.12 14689.42 1.20
906781.12 14689.42 1.20
906781.12 14689.42 1.20
906781.12 14689.42 1.20
906781.12 14689.42 1.20
906781.12 14689.42 1.20
906781.12 14689.42 1.20
906781.12 14689.42 1.20
906781.12 14689.42 1.20
906781.12 14689.42 1.20
906781.12 14689.42 1.20
906781.12 14689.42 1.20
906781.12 14689.42 1.20
906781.12 14689.42 1.20
906781.12 14689.42 1.20
906781.12 14689.42 1.20
906781.12 14689.42 1.20
906781.12 14689.42 1.20
906781.12 14689.42 1.20
906781.12 14689.42 1.20
906781.12 14689.42 1.20
906781.12 14689.42 1.20
906781.12 14689.42 1.20
906781.12 14689.42 1.20
906781.12 14689.42 1.20
906781.12 14689.42 1.20
906781.12 14689.42 1.20
906781.12 14689.42 1.20
893732.69 14547.25 1.22
893732.69 14547.25 1.22
893732.69 14547.25 1.22
893732.69 14547.25 1.22
893732.69 14547.25 1.22
893732.69 14547.25 1.22
893732.69 14547.25 1.22
893732.69 14547.25 1.22
893732.69 14547.25 1.22
893732.69 14547.25 1.22
893732.69 14547.25 1.22
893732.69 14547.25 1.22
893732.69 14547.25 1.22
893732.69 14547.25 1.22
893732.69 14547.25 1.22
893732.69 14547.25 1.22
893732.69 14547.25 1.22
893732.69 14547.25 1.22
893732.69 14547.25 1.22
893732.69 14547.25 1.22
899156.44 14466.37 1.24
899156.44 14466.37 1.24
899156.44 14466.37 1.24
899156.44 14466.37 1.24
899156.44 14466.37 1.24
899156.44 14466.37 1.24
899156.44 14466.37 1.24
899156.44 14466.37 1.24
899156.44 14466.37 1.24
899156.44 14466.37 1.24
899156.44 14466.37 1.24
899156.44 14466.37 1.24
899156.44 14466.37 1.24
1023976.12 15599.42 1.20
1023976.12 15599.42 1.20
1023976.12 15599.42 1.20
1023976.12 15599.42 1.20
1023976.12 15599.42 1.20
1023976.12 15599.42 1.20
1023976.12 15599.42 1.20
1023976.12 15599.42 1.20
1023976.12 15599.42 1.20
1023976.12 15599.42 1.20
1023976.12 15599.42 1.20
1023976.12 15599.42 1.20
1023976.12 15599.42 1.20
1023976.12 15599.42 1.20
1023976.12 15599.42 1.20
1023976.12 15599.42 1.20
1023976.12 15599.42 1.20
1023976.12 15599.42 1.20
1023976.12 15599.42 1.20
1023976.12 15599.42 1.20
1023976.12 15599.42 1.20
1023976.12 15599.42 1.20
1023976.12 15599.42 1.20
1023976.12 15599.42 1.20
1023976.12 15599.42 1.20
1023976.12 15599.42 1.20
1023976.12 15599.42 1.20
1023976.12 15599.42 1.20
1023976.12 15599.42 1.20
1023976.12 15599.42 1.20
1023976.12 15599.42 1.20
1023976.12 15599.42 1.20
1023976.12 15599.42 1.20
1023976.12 15599.42 1.20
1023976.12 15599.42 1.20
1023976.12 15599.42 1.20
1023976.12 15599.42 1.20
1023976.12 15599.42 1.20
1023976.12 15599.42 1.20
1023976.12 15599.42 1.20
1023976.12 15599.42 1.20
1023976.12 15599.42 1.20
1023976.12 15599.42 1.20
1023976.12 15599.42 1.20
1023976.12 15599.42 1.20
1023976.12 15599.42 1.20
1023976.12 15599.42 1.20
1023976.12 15599.42 1.20
1023976.12 15599.42 1.20
1023976.12 15599.42 1.20
1023976.12 15599.42 1.20
1023976.12 15599.42 1.20
1023976.12 15599.42 1.20
1023976.12 15599.42 1.20
1023976.12 15599.42 1.20
1023976.12 15599.42 1.20
1023976.12 15599.42 1.20
1023976.12 15599.42 1.20
1023976.12 15599.42 1.20
1023976.12 15599.42 1.20
1023976.12 15599.42 1.20
1023976.12 15599.42 1.20
1023976.12 15599.42 1.20
1023976.12 15599.42 1.20
1023976.12 15599.42 1.20
1023976.12 15599.42 1.20
1023976.12 15599.42 1.20
1023976.12 15599.42 1.20
1023976.12 15599.42 1.20
1023976.12 15599.42 1.20
1010714.69 15457.25 1.21
1010714.69 15457.25 1.21
1010714.69 15457.25 1.21
1010714.69 15457.25 1.21
1010714.69 15457.25 1.21
1010714.69 15457.25 1.21
1010714.69 15457.25 1.21
1010714.69 15457.25 1.21
1010714.69 15457.25 1.21
1010714.69 15457.25 1.21
943181.56 14764.42 1.20
927683.50 14524.42 1.20
927683.50 14524.42 1.20
927683.50 14524.42 1.20
927683.50 14524.42 1.20
927683.50 14524.42 1.20
927683.50 14524.42 1.20
927683.50 14524.42 1.20
927683.50 14524.42 1.20
927683.50 14524.42 1.20
927683.50 14524.42 1.20
927683.50 14524.42 1.20
927683.50 14524.42 1.20
927683.50 14524.42 1.20
927683.50 14524.42 1.20
927683.50 14524.42 1.20
927683.50 14524.42 1.20
927683.50 14524.42 1.20
927683.50 14524.42 1.20
927683.50 14524.42 1.20
927683.50 14524.42 1.20
927683.50 14524.42 1.20
927683.50 14524.42 1.20
927683.50 14524.42 1.20
927683.50 14524.42 1.20
927683.50 14524.42 1.20
927683.50 14524.42 1.20
927683.50 14524.42 1.20
927683.50 14524.42 1.20
927683.50 14524.42 1.20
927683.50 14524.42 1.20
927683.50 14524.42 1.20
927683.50 14524.42 1.20
927683.50 14524.42 1.20
927683.50 14524.42 1.20
927683.50 14524.42 1.20
927683.50 14524.42 1.20
927683.50 14524.42 1.20
927683.50 14524.42 1.20
927683.50 14524.42 1.20
927683.50 14524.42 1.20
927683.50 14524.42 1.20
927683.50 14524.42 1.20
927683.50 14524.42 1.20
927683.50 14524.42 1.20
914635.06 14382.25 1.22
914635.06 14382.25 1.22
914635.06 14382.25 1.22
914635.06 14382.25 1.22
914635.06 14382.25 1.22
914635.06 14382.25 1.22
914635.06 14382.25 1.22
914635.06 14382.25 1.22
914635.06 14382.25 1.22
914635.06 14382.25 1.22
914635.06 14382.25 1.22
914635.06 14382.25 1.22
914635.06 14382.25 1.22
914635.06 14382.25 1.22
914635.06 14382.25 1.22
914635.06 14382.25 1.22
914635.06 14382.25 1.22
914635.06 14382.25 1.22
914635.06 14382.25 1.22
914635.06 14382.25 1.22
914635.06 14382.25 1.22
914635.06 14382.25 1.22
914635.06 14382.25 1.22
914635.06 14382.25 1.22
914635.06 14382.25 1.22
914635.06 14382.25 1.22
914635.06 14382.25 1.22
914635.06 14382.25 1.22
914635.06 14382.25 1.22
914635.06 14382.25 1.22
914635.06 14382.25 1.22
914635.06 14382.25 1.22
914635.06 14382.25 1.22
914635.06 14382.25 1.22
914635.06 14382.25 1.22
962341.69 15379.42 1.20
964035.94 15154.42 1.20
964035.94 15154.42 1.20
964035.94 15154.42 1.20
964035.94 15154.42 1.20
964035.94 15154.42 1.20
962341.69 15379.42 1.20
962341.69 15379.42 1.20
962341.69 15379.42 1.20
949080.25 15237.25 1.21
956988.75 15057.25 1.21
920442.38 14990.38 1.22
920442.38 14990.38 1.22
920442.38 14990.38 1.22
920442.38 14990.38 1.22
920442.38 14990.38 1.22
920442.38 14990.38 1.22
920442.38 14990.38 1.22
920442.38 14990.38 1.22
920302.06 14995.38 1.22
920302.06 14995.38 1.22
920302.06 14995.38 1.22
920302.06 14995.38 1.22
920302.06 14995.38 1.22
920302.06 14995.38 1.22
920302.06 14995.38 1.22
920302.06 14995.38 1.22
922145.31 14765.38 1.22
922005.00 14770.38 1.22
922005.00 14770.38 1.22
922005.00 14770.38 1.22
922005.00 14770.38 1.22
922005.00 14770.38 1.22
922005.00 14770.38 1.22
922005.00 14770.38 1.22
922005.00 14770.38 1.22
922145.31 14765.38 1.22
922145.31 14765.38 1.22
922145.31 14765.38 1.22
922145.31 14765.38 1.22
922145.31 14765.38 1.22
922145.31 14765.38 1.22
922145.31 14765.38 1.22
922145.31 14765.38 1.22
922145.31 14765.38 1.22
919554.69 15001.41 1.22
919554.69 15001.41 1.22
919554.69 15001.41 1.22
919554.69 15001.41 1.22
919554.69 15001.41 1.22
919554.69 15001.41 1.22
919554.69 15001.41 1.22
919554.69 15001.41 1.22
919554.69 15001.41 1.22
919554.69 15001.41 1.22
919554.69 15001.41 1.22
919554.69 15001.41 1.22
919554.69 15001.41 1.22
919554.69 15001.41 1.22
919554.69 15001.41 1.22
921272.44 14776.41 1.22
921272.44 14776.41 1.22
921272.44 14776.41 1.22
921272.44 14776.41 1.22
921272.44 14776.41 1.22
921272.44 14776.41 1.22
921272.44 14776.41 1.22
921272.44 14776.41 1.22
921272.44 14776.41 1.22
921272.44 14776.41 1.22
921272.44 14776.41 1.22
919554.69 15001.41 1.22
921272.44 14776.41 1.22
921413.06 14771.41 1.22
919695.31 14996.41 1.22
919695.31 14996.41 1.22
919695.31 14996.41 1.22
919554.69 15001.41 1.22
921272.44 14776.41 1.22
919554.69 15001.41 1.22
930532.75 14027.38 1.20
930532.75 14027.38 1.20
930532.75 14027.38 1.20
930532.75 14027.38 1.20
930532.75 14027.38 1.20
930532.75 14027.38 1.20
930532.75 14027.38 1.20
930532.75 14027.38 1.20
930532.75 14027.38 1.20
930532.75 14027.38 1.20
930532.75 14027.38 1.20
930532.75 14027.38 1.20
930532.75 14027.38 1.20
930532.75 14027.38 1.20
930532.75 14027.38 1.20
930532.75 14027.38 1.20
930532.75 14027.38 1.20
930532.75 14027.38 1.20
930532.75 14027.38 1.20
930532.75 14027.38 1.20
930532.75 14027.38 1.20
930532.75 14027.38 1.20
930532.75 14027.38 1.20
930532.75 14027.38 1.20
930532.75 14027.38 1.20
930532.75 14027.38 1.20
930532.75 14027.38 1.20
930532.75 14027.38 1.20
930532.75 14027.38 1.20
930532.75 14027.38 1.20
930532.75 14027.38 1.20
930532.75 14027.38 1.20
930532.75 14027.38 1.20
930532.75 14027.38 1.20
930532.75 14027.38 1.20
930532.75 14027.38 1.20
930532.75 14027.38 1.20
930532.75 14027.38 1.20
930532.75 14027.38 1.20
930532.75 14027.38 1.20
930532.75 14027.38 1.20
930532.75 14027.38 1.20
930532.75 14027.38 1.20
930532.75 14027.38 1.20
930532.75 14027.38 1.20
930532.75 14027.38 1.20
930532.75 14027.38 1.20
930532.75 14027.38 1.20
930532.75 14027.38 1.20
930532.75 14027.38 1.20
930532.75 14027.38 1.20
930532.75 14027.38 1.20
930532.75 14027.38 1.20
930532.75 14027.38 1.20
930532.75 14027.38 1.20
930532.75 14027.38 1.20
930532.75 14027.38 1.20
930532.75 14027.38 1.20
930532.75 14027.38 1.20
930532.75 14027.38 1.20
930532.75 14027.38 1.20
930532.75 14027.38 1.20
930532.75 14027.38 1.20
930532.75 14027.38 1.20
925238.94 14111.72 1.36
925238.94 14111.72 1.36
919717.94 14386.35 1.37
919717.94 14386.35 1.37
919717.94 14386.35 1.37
919717.94 14386.35 1.37
919717.94 14386.35 1.37
919717.94 14386.35 1.37
919717.94 14386.35 1.37
919717.94 14386.35 1.37
919717.94 14386.35 1.37
919717.94 14386.35 1.37
919717.94 14386.35 1.37
919717.94 14386.35 1.37
919717.94 14386.35 1.37
919717.94 14386.35 1.37