1475180.88 20137.53 2.28
1475180.88 20137.53 2.28
1475180.88 20137.53 2.28
1418738.50 19737.53 2.29
1390586.50 20082.09 2.62
1380062.50 20757.53 2.71
1295400.50 19278.99 2.75
1318593.50 19162.53 2.75
1318593.50 19162.53 2.75
1255523.12 18738.13 2.78
1252058.00 18663.13 3.01
1161993.38 17208.12 5.80
1140783.50 17038.12 5.98
1083159.88 16223.12 6.00
1083159.88 16223.12 6.00
1083159.88 16223.12 6.00
1083159.88 16223.12 6.00
1083159.88 16223.12 6.00
1083159.88 16223.12 6.00
1083159.88 16223.12 6.00
1083159.88 16223.12 6.00
1083159.88 16223.12 6.00
1083159.88 16223.12 6.00
1083159.88 16223.12 6.00
1083159.88 16223.12 6.00
1083159.88 16223.12 6.00
1083159.88 16223.12 6.00
1083159.88 16223.12 6.00
1083159.88 16223.12 6.00
1083159.88 16223.12 6.00
1083159.88 16223.12 6.00
1083159.88 16223.12 6.00
1083159.88 16223.12 6.00
1083159.88 16223.12 6.00
1083159.88 16223.12 6.00
1083159.88 16223.12 6.00
1083159.88 16223.12 6.00
1083159.88 16223.12 6.00
1083159.88 16223.12 6.00
1083159.88 16223.12 6.00
1083159.88 16223.12 6.00
1083159.88 16223.12 6.00
1124545.38 16093.56 6.00
1124545.38 16093.56 6.00
1124545.38 16093.56 6.00
1124545.38 16093.56 6.00
1124545.38 16093.56 6.00
1124545.38 16093.56 6.00
1124545.38 16093.56 6.00
1124545.38 16093.56 6.00
1124545.38 16093.56 6.00
1124545.38 16093.56 6.00
1124545.38 16093.56 6.00
1124545.38 16093.56 6.00
1124545.38 16093.56 6.00
1124545.38 16093.56 6.00
1124545.38 16093.56 6.00
1124545.38 16093.56 6.00
1124545.38 16093.56 6.00
1124545.38 16093.56 6.00
1124545.38 16093.56 6.00
1124545.38 16093.56 6.00
1124545.38 16093.56 6.00
1083159.88 16223.12 6.00
1083159.88 16223.12 6.00
1083159.88 16223.12 6.00
1083159.88 16223.12 6.00
1083159.88 16223.12 6.00
1083159.88 16223.12 6.00
1083159.88 16223.12 6.00
1083159.88 16223.12 6.00
1083159.88 16223.12 6.00
1083159.88 16223.12 6.00
1124545.38 16093.56 6.00
1083159.88 16223.12 6.00
1083159.88 16223.12 6.00
1083159.88 16223.12 6.00
1083159.88 16223.12 6.00
1083159.88 16223.12 6.00
1083159.88 16223.12 6.00
1448056.25 20793.13 3.40
1328390.25 18948.13 3.50
1323633.12 18948.13 3.50
1330937.62 18888.13 3.52
1291396.25 18902.14 3.53
1294011.38 18673.13 3.55
1236898.62 18457.69 3.64
1250075.38 18253.13 3.68
1250075.38 18253.13 3.68
1250075.38 18253.13 3.68
1195499.00 18396.70 3.74
1216824.00 18182.69 3.78
1216824.00 18182.69 3.78
1216824.00 18182.69 3.78
1216824.00 18182.69 3.78
1206425.50 18242.69 3.82
1206425.50 18242.69 3.82
1206425.50 18242.69 3.82
1206425.50 18242.69 3.82
1206425.50 18242.69 3.82
1206425.50 18242.69 3.82
1206425.50 18242.69 3.82
1193613.88 18302.69 3.83
1193613.88 18302.69 3.83
1228844.50 18053.13 3.87
1228844.50 18053.13 3.87
1228844.50 18053.13 3.87
1228844.50 18053.13 3.87
1228844.50 18053.13 3.87
1228844.50 18053.13 3.87
1228844.50 18053.13 3.87
1228844.50 18053.13 3.87
1228844.50 18053.13 3.87
1228844.50 18053.13 3.87
1228844.50 18053.13 3.87
1228844.50 18053.13 3.87
1228844.50 18053.13 3.87
1228844.50 18053.13 3.87
1228844.50 18053.13 3.87
1206764.75 18098.13 3.87
1206764.75 18098.13 3.87
1228844.50 18053.13 3.87
1228844.50 18053.13 3.87
1228844.50 18053.13 3.87
1228844.50 18053.13 3.87
1228844.50 18053.13 3.87
1228844.50 18053.13 3.87
1228844.50 18053.13 3.87
1228844.50 18053.13 3.87
1228844.50 18053.13 3.87
1228844.50 18053.13 3.87
1228844.50 18053.13 3.87
1228844.50 18053.13 3.87
1228844.50 18053.13 3.87
1228844.50 18053.13 3.87
1228844.50 18053.13 3.87
1228844.50 18053.13 3.87
1228844.50 18053.13 3.87
1228844.50 18053.13 3.87
1228844.50 18053.13 3.87
1228844.50 18053.13 3.87
1228844.50 18053.13 3.87
1228844.50 18053.13 3.87
1228844.50 18053.13 3.87
1228844.50 18053.13 3.87
1228844.50 18053.13 3.87
1228844.50 18053.13 3.87
1228844.50 18053.13 3.87
1228844.50 18053.13 3.87
1192093.38 18776.70 3.97
1114194.88 17724.11 5.04
1127345.75 17519.55 5.04
1127345.75 17519.55 5.04
1102852.38 17734.11 5.04
1116003.25 17529.55 5.04
1145236.25 17352.75 5.08
1102676.75 16900.14 6.23
1115827.62 16695.59 6.23
1115827.62 16695.59 6.23
1104722.12 16705.59 6.24
1570482.62 23755.00 5.43
1149796.88 17898.97 5.43
1149796.88 17898.97 5.43
1149796.88 17898.97 5.43
1149796.88 17898.97 5.43
1149796.88 17898.97 5.43
1149796.88 17898.97 5.43
1149796.88 17898.97 5.43
1149796.88 17898.97 5.43
1149796.88 17898.97 5.43
1149796.88 17898.97 5.43
1149796.88 17898.97 5.43
1149796.88 17898.97 5.43
1149796.88 17898.97 5.43
1149796.88 17898.97 5.43
1149796.88 17898.97 5.43
1149796.88 17898.97 5.43
1149796.88 17898.97 5.43
1149796.88 17898.97 5.43
1149796.88 17898.97 5.43
1149796.88 17898.97 5.43
1149796.88 17898.97 5.43
1149796.88 17898.97 5.43
1149796.88 17898.97 5.43
1149796.88 17898.97 5.43
1149796.88 17898.97 5.43
1149796.88 17898.97 5.43
1149796.88 17898.97 5.43
1149796.88 17898.97 5.43
1149796.88 17898.97 5.43
1149796.88 17898.97 5.43
1149796.88 17898.97 5.43
1149796.88 17898.97 5.43
1149796.88 17898.97 5.43
1149796.88 17898.97 5.43
1149796.88 17898.97 5.43
1149796.88 17898.97 5.43
1149796.88 17898.97 5.43
1149796.88 17898.97 5.43
1149796.88 17898.97 5.43
1149796.88 17898.97 5.43
1149796.88 17898.97 5.43
1149796.88 17898.97 5.43
1149796.88 17898.97 5.43
1149796.88 17898.97 5.43
1149796.88 17898.97 5.43
1149796.88 17898.97 5.43
1175455.38 17125.00 5.43
1175455.38 17125.00 5.43
1175455.38 17125.00 5.43
1175455.38 17125.00 5.43
1175455.38 17125.00 5.43
1175455.38 17125.00 5.43
1175455.38 17125.00 5.43
1175455.38 17125.00 5.43
1175455.38 17125.00 5.43
1175455.38 17125.00 5.43
1175455.38 17125.00 5.43
1175455.38 17125.00 5.43
1175455.38 17125.00 5.43
1175455.38 17125.00 5.43
1175455.38 17125.00 5.43
1175455.38 17125.00 5.43
1175455.38 17125.00 5.43
1175455.38 17125.00 5.43
1175455.38 17125.00 5.43
1175455.38 17125.00 5.43
1175455.38 17125.00 5.43
1175455.38 17125.00 5.43
1175455.38 17125.00 5.43
1155997.88 17244.56 5.43
1149796.88 17898.97 5.43
1149796.88 17898.97 5.43
1149796.88 17898.97 5.43
1149796.88 17898.97 5.43
1149796.88 17898.97 5.43
1149796.88 17898.97 5.43
1149796.88 17898.97 5.43
1149796.88 17898.97 5.43
1149796.88 17898.97 5.43
1365216.50 20072.53 2.94
1299078.38 19332.53 3.01
1298744.00 19332.53 3.01
1298744.00 19332.53 3.01
1298744.00 19332.53 3.01
1298744.00 19332.53 3.01
1298744.00 19332.53 3.01
1298744.00 19332.53 3.01
1267525.50 19496.54 3.01
1396723.00 21146.54 2.91
1298744.00 19332.53 3.01
1415367.62 20902.53 2.92
1365216.50 20072.53 2.94
1203921.62 19447.90 3.47
1203921.62 19447.90 3.47
1207303.38 18407.09 3.02
1365216.50 20072.53 2.94
1158049.25 17762.13 7.43
1207303.38 18407.09 3.02
1207303.38 18407.09 3.02
1207006.00 18906.10 3.18
1616597.62 22707.53 2.71
1610473.00 22487.53 2.71
1298744.00 19332.53 3.01
1486559.62 21197.53 2.80
1145650.00 18223.75 7.46
1158049.25 17762.13 7.43
1528884.50 21652.53 2.75
1205190.25 17589.56 7.86
1598215.62 22567.53 2.75
1497709.75 22077.31 3.34
1199799.62 18417.31 3.53
1713583.62 24620.22 3.25
1588986.38 23022.31 3.34
1514428.00 21772.31 3.42
1201345.88 17574.56 6.67
1201345.88 17574.56 6.67
1201345.88 17574.56 6.67
1199799.62 18417.31 3.53
1751975.00 24497.31 3.22
1201345.88 17574.56 6.67
1844674.50 25842.31 3.19
1514428.00 21772.31 3.42
1201345.88 17574.56 6.67
1184210.62 17199.56 7.16
1733139.88 24482.31 3.24
1548676.00 21752.75 3.42
1153285.62 17682.31 3.71
1199799.62 18417.31 3.53
1132470.38 16464.56 7.33
1689252.62 24440.22 3.31
1115651.25 16731.36 7.35
1370682.50 20772.31 3.48
1344766.25 19715.57 2.71
1345909.12 19625.57 2.71
1315414.38 19549.34 2.72
1315414.38 19549.34 2.72
1315414.38 19549.34 2.72
1315414.38 19549.34 2.72
1315414.38 19549.34 2.72
1277582.12 18609.34 2.76
1277582.12 18609.34 2.76
1277582.12 18609.34 2.76
1277582.12 18609.34 2.76
1277582.12 18609.34 2.76
1277582.12 18609.34 2.76
1277582.12 18609.34 2.76
1277582.12 18609.34 2.76
1261683.00 18664.34 2.76
1261683.00 18664.34 2.76
1261683.00 18664.34 2.76
1261683.00 18664.34 2.76
1261683.00 18664.34 2.76
1277582.12 18609.34 2.76
1143677.62 17016.79 5.29
1152113.12 16755.00 5.29
1143677.62 17016.79 5.29
1143677.62 17016.79 5.29
1143677.62 17016.79 5.29
1143677.62 17016.79 5.29
1144923.38 17009.56 5.29
1152113.12 16755.00 5.29
1152113.12 16755.00 5.29
1152113.12 16755.00 5.29
1143677.62 17016.79 5.29
1143677.62 17016.79 5.29
1143677.62 17016.79 5.29
1143677.62 17016.79 5.29
1143677.62 17016.79 5.29
1143677.62 17016.79 5.29
1143677.62 17016.79 5.29
1143677.62 17016.79 5.29
1143677.62 17016.79 5.29
1143677.62 17016.79 5.29
1152113.12 16755.00 5.29
1152113.12 16755.00 5.29
1152113.12 16755.00 5.29
1152113.12 16755.00 5.29
1152113.12 16755.00 5.29
1152113.12 16755.00 5.29
1152113.12 16755.00 5.29
1152113.12 16755.00 5.29
1152113.12 16755.00 5.29
1152113.12 16755.00 5.29
1152113.12 16755.00 5.29
1152113.12 16755.00 5.29
1152113.12 16755.00 5.29
1152113.12 16755.00 5.29
1152113.12 16755.00 5.29
1152113.12 16755.00 5.29
1152113.12 16755.00 5.29
1152113.12 16755.00 5.29
1152113.12 16755.00 5.29
1152113.12 16755.00 5.29
1152113.12 16755.00 5.29
1152113.12 16755.00 5.29
1152113.12 16755.00 5.29
1152113.12 16755.00 5.29
1152113.12 16755.00 5.29
1152113.12 16755.00 5.29
1152113.12 16755.00 5.29
1152113.12 16755.00 5.29
1152113.12 16755.00 5.29
1152113.12 16755.00 5.29
1152113.12 16755.00 5.29
1152113.12 16755.00 5.29
1152113.12 16755.00 5.29
1152113.12 16755.00 5.29
1152113.12 16755.00 5.29
1152113.12 16755.00 5.29
1152113.12 16755.00 5.29
1152113.12 16755.00 5.29
1152113.12 16755.00 5.29
1788197.88 23662.53 2.29
1556596.75 20957.53 2.31
1488330.88 20771.54 2.45
1445151.25 20816.10 2.57
1413987.00 20177.09 2.66
1395514.62 19722.53 2.66
1346294.62 19307.09 2.67
1346294.62 19307.09 2.67
1346294.62 19307.09 2.67
1346294.62 19307.09 2.67
1346294.62 19307.09 2.67
1346294.62 19307.09 2.67
1346294.62 19307.09 2.67
1346294.62 19307.09 2.67
1346294.62 19307.09 2.67
1346294.62 19307.09 2.67
1346294.62 19307.09 2.67
1346294.62 19307.09 2.67
1346294.62 19307.09 2.67
1346294.62 19307.09 2.67
1346294.62 19307.09 2.67
1346294.62 19307.09 2.67
1346294.62 19307.09 2.67
1346294.62 19307.09 2.67
1346294.62 19307.09 2.67
1346294.62 19307.09 2.67
1346294.62 19307.09 2.67
1346294.62 19307.09 2.67
1346294.62 19307.09 2.67
1346294.62 19307.09 2.67
1346294.62 19307.09 2.67
1346294.62 19307.09 2.67
1346294.62 19307.09 2.67
1346294.62 19307.09 2.67
1333724.25 19327.09 2.68
1333724.25 19327.09 2.68
1333724.25 19327.09 2.68
1333724.25 19327.09 2.68
1333724.25 19327.09 2.68
1333724.25 19327.09 2.68
1333724.25 19327.09 2.68
1333724.25 19327.09 2.68
1333724.25 19327.09 2.68
1333724.25 19327.09 2.68
1333724.25 19327.09 2.68
1333724.25 19327.09 2.68
1333724.25 19327.09 2.68
1333724.25 19327.09 2.68
1333724.25 19327.09 2.68
1333724.25 19327.09 2.68
1333724.25 19327.09 2.68
1333724.25 19327.09 2.68
1333724.25 19327.09 2.68
1333724.25 19327.09 2.68
1333724.25 19327.09 2.68
1333724.25 19327.09 2.68
1333724.25 19327.09 2.68
1333724.25 19327.09 2.68
1333724.25 19327.09 2.68
1333724.25 19327.09 2.68
1333724.25 19327.09 2.68
1365261.38 19177.53 2.77
1365261.38 19177.53 2.77
1365261.38 19177.53 2.77
1365261.38 19177.53 2.77
1365261.38 19177.53 2.77
1365261.38 19177.53 2.77
1365261.38 19177.53 2.77
1365261.38 19177.53 2.77
1365261.38 19177.53 2.77
1365261.38 19177.53 2.77
1365261.38 19177.53 2.77
1365261.38 19177.53 2.77
1365261.38 19177.53 2.77
1365261.38 19177.53 2.77
1365261.38 19177.53 2.77
1365261.38 19177.53 2.77
1365261.38 19177.53 2.77
1365261.38 19177.53 2.77
1365261.38 19177.53 2.77
1557932.12 20722.53 2.34
1557932.12 20722.53 2.34
1557932.12 20722.53 2.34
1557932.12 20722.53 2.34
1557932.12 20722.53 2.34
1557932.12 20722.53 2.34
1557932.12 20722.53 2.34
1557932.12 20722.53 2.34
1557932.12 20722.53 2.34
1557932.12 20722.53 2.34
1557932.12 20722.53 2.34
1557932.12 20722.53 2.34
1557932.12 20722.53 2.34
1557932.12 20722.53 2.34
1557932.12 20722.53 2.34
1557932.12 20722.53 2.34
1557932.12 20722.53 2.34
1558520.12 20717.53 2.34
1558520.12 20717.53 2.34
1558520.12 20717.53 2.34
1558520.12 20717.53 2.34
1557932.12 20722.53 2.34
1557932.12 20722.53 2.34
1557932.12 20722.53 2.34
1557932.12 20722.53 2.34
1557932.12 20722.53 2.34
1557932.12 20722.53 2.34
1557932.12 20722.53 2.34
1557932.12 20722.53 2.34
1557932.12 20722.53 2.34
1557932.12 20722.53 2.34
1558520.12 20717.53 2.34
1557932.12 20722.53 2.34
1557932.12 20722.53 2.34
1557932.12 20722.53 2.34
1557932.12 20722.53 2.34
1557932.12 20722.53 2.34
1557932.12 20722.53 2.34
1557932.12 20722.53 2.34
1557932.12 20722.53 2.34
1557932.12 20722.53 2.34
1558520.12 20717.53 2.34
1558520.12 20717.53 2.34
1558520.12 20717.53 2.34
1558520.12 20717.53 2.34
1558520.12 20717.53 2.34
1558520.12 20717.53 2.34
1558520.12 20717.53 2.34
1558520.12 20717.53 2.34
1558520.12 20717.53 2.34
1558520.12 20717.53 2.34
1558520.12 20717.53 2.34
1558520.12 20717.53 2.34
1558520.12 20717.53 2.34
1558520.12 20717.53 2.34
1558520.12 20717.53 2.34
1558520.12 20717.53 2.34
1558520.12 20717.53 2.34
1558520.12 20717.53 2.34
1558520.12 20717.53 2.34
1558520.12 20717.53 2.34
1558520.12 20717.53 2.34
1558520.12 20717.53 2.34
1558520.12 20717.53 2.34
1558520.12 20717.53 2.34
1558520.12 20717.53 2.34
1558520.12 20717.53 2.34
1558520.12 20717.53 2.34
1558520.12 20717.53 2.34
1558520.12 20717.53 2.34
1558520.12 20717.53 2.34
1558520.12 20717.53 2.34
1558520.12 20717.53 2.34
1558520.12 20717.53 2.34
1558520.12 20717.53 2.34
1558520.12 20717.53 2.34
1558520.12 20717.53 2.34
1558520.12 20717.53 2.34
1558520.12 20717.53 2.34
1558520.12 20717.53 2.34
1625736.00 25130.00 5.40
1235499.00 18445.39 5.71
1235499.00 18445.39 5.71
1235499.00 18445.39 5.71
1235499.00 18445.39 5.71
1235499.00 18445.39 5.71
1235499.00 18445.39 5.71
1235499.00 18445.39 5.71
1235499.00 18445.39 5.71
1235499.00 18445.39 5.71
1235499.00 18445.39 5.71
1235499.00 18445.39 5.71
1235499.00 18445.39 5.71
1235499.00 18445.39 5.71
1235499.00 18445.39 5.71
1235499.00 18445.39 5.71
1235499.00 18445.39 5.71
1235499.00 18445.39 5.71
1235499.00 18445.39 5.71
1235499.00 18445.39 5.71
1235499.00 18445.39 5.71
1235499.00 18445.39 5.71
1235499.00 18445.39 5.71
1235499.00 18445.39 5.71
1235499.00 18445.39 5.71
1235499.00 18445.39 5.71
1235499.00 18445.39 5.71
1235499.00 18445.39 5.71
1235499.00 18445.39 5.71
1235499.00 18445.39 5.71
1235499.00 18445.39 5.71
1235499.00 18445.39 5.71
1235499.00 18445.39 5.71
1235499.00 18445.39 5.71
1235499.00 18445.39 5.71
1235499.00 18445.39 5.71
1235499.00 18445.39 5.71
1235499.00 18445.39 5.71
1235499.00 18445.39 5.71
1235499.00 18445.39 5.71
1235499.00 18445.39 5.71
1242699.62 17866.79 5.71
1242699.62 17866.79 5.71
1242699.62 17866.79 5.71
1242699.62 17866.79 5.71
1242699.62 17866.79 5.71
1242699.62 17866.79 5.71
1242699.62 17866.79 5.71
1242699.62 17866.79 5.71
1242699.62 17866.79 5.71
1242699.62 17866.79 5.71
1242699.62 17866.79 5.71
1242699.62 17866.79 5.71
1242699.62 17866.79 5.71
1242699.62 17866.79 5.71
1242699.62 17866.79 5.71
1242699.62 17866.79 5.71
1242699.62 17866.79 5.71
1242699.62 17866.79 5.71
1242699.62 17866.79 5.71
1242699.62 17866.79 5.71
1235499.00 18445.39 5.71
1235499.00 18445.39 5.71
1235499.00 18445.39 5.71
1235499.00 18445.39 5.71
1235499.00 18445.39 5.71
1235499.00 18445.39 5.71
1235499.00 18445.39 5.71
1235499.00 18445.39 5.71
1235499.00 18445.39 5.71
1235499.00 18445.39 5.71
1242699.62 17866.79 5.71
1235499.00 18445.39 5.71
1235499.00 18445.39 5.71
1235499.00 18445.39 5.71
1235499.00 18445.39 5.71
1235499.00 18445.39 5.71
1242699.62 17866.79 5.71
1242699.62 17866.79 5.71
1242699.62 17866.79 5.71
1268627.00 19678.72 2.97
1268627.00 19678.72 2.97
1314829.12 19487.53 2.97
1233781.25 18958.72 2.99
1280240.62 18767.53 2.99
1204949.25 18563.72 3.01
1204949.25 18563.72 3.01
1204949.25 18563.72 3.01
1204949.25 18563.72 3.01
1204949.25 18563.72 3.01
1204949.25 18563.72 3.01
1204949.25 18563.72 3.01
1204949.25 18563.72 3.01
1204949.25 18563.72 3.01
1204949.25 18563.72 3.01
1204949.25 18563.72 3.01
1204949.25 18563.72 3.01
1204949.25 18563.72 3.01
1204949.25 18563.72 3.01
1204949.25 18563.72 3.01
1204949.25 18563.72 3.01
1204949.25 18563.72 3.01
1204949.25 18563.72 3.01
1204949.25 18563.72 3.01
1204949.25 18563.72 3.01
1204949.25 18563.72 3.01
1204949.25 18563.72 3.01
1204949.25 18563.72 3.01
1204949.25 18563.72 3.01
1204949.25 18563.72 3.01
1204949.25 18563.72 3.01
1204949.25 18563.72 3.01
1204949.25 18563.72 3.01
1204949.25 18563.72 3.01
1204949.25 18563.72 3.01
1204949.25 18563.72 3.01
1204949.25 18563.72 3.01
1204949.25 18563.72 3.01
1204949.25 18563.72 3.01
1204949.25 18563.72 3.01
1204949.25 18563.72 3.01
1204949.25 18563.72 3.01
1204949.25 18563.72 3.01
1204949.25 18563.72 3.01
1204949.25 18563.72 3.01
1204949.25 18563.72 3.01
1204949.25 18563.72 3.01
1204949.25 18563.72 3.01
1204949.25 18563.72 3.01
1204949.25 18563.72 3.01
1204949.25 18563.72 3.01
1204949.25 18563.72 3.01
1204949.25 18563.72 3.01
1204949.25 18563.72 3.01
1211498.00 18372.53 3.01
1275458.00 18327.53 3.01
1204949.25 18563.72 3.01
1204949.25 18563.72 3.01
1204949.25 18563.72 3.01
1204949.25 18563.72 3.01
1204949.25 18563.72 3.01
1204949.25 18563.72 3.01
1204949.25 18563.72 3.01
1204949.25 18563.72 3.01
1204949.25 18563.72 3.01
1204949.25 18563.72 3.01
1204949.25 18563.72 3.01
1204949.25 18563.72 3.01
1204949.25 18563.72 3.01
1204949.25 18563.72 3.01
1204949.25 18563.72 3.01
1200358.88 18563.72 3.01
1200358.88 18563.72 3.01
1236686.62 18272.53 3.06
1197956.38 18937.73 3.22
1197956.38 18937.73 3.22
1184924.25 18810.53 3.22
1160496.62 17942.09 3.28
1160496.62 17942.09 3.28
1160496.62 17942.09 3.28
1696666.00 22277.53 2.29
1619080.75 23227.53 2.31
1618095.12 21942.53 2.43
1618095.12 21942.53 2.43
1618095.12 21942.53 2.43
1586254.38 22552.53 2.48
1583293.50 21582.53 2.51
1440818.50 20132.53 2.74
1371375.00 19567.53 2.93
1371375.00 19567.53 2.93
1359609.50 19357.53 3.00
1353366.75 18897.53 3.11
1251510.75 19097.31 3.32
1251510.75 19097.31 3.32
1251510.75 19097.31 3.32
1251510.75 19097.31 3.32
1251510.75 19097.31 3.32
1251510.75 19097.31 3.32
1251510.75 19097.31 3.32
1251510.75 19097.31 3.32
1251510.75 19097.31 3.32
1288543.38 18502.75 3.38
1248953.88 18632.31 3.38
1251510.75 19097.31 3.32
1393791.12 19442.53 2.93
1353366.75 18897.53 3.11
1396710.00 19407.53 2.79
1515008.75 22267.53 2.49
1251510.75 19097.31 3.32
1509654.00 22197.53 2.51
1608411.62 22082.53 2.49
1255451.12 18923.89 3.01
1518730.00 22187.53 2.51
1595982.62 23232.53 2.31
1241238.00 18692.31 3.38
1558356.25 22912.53 2.31
1590182.75 21332.53 2.51
1685219.75 24197.53 2.29
1440818.50 20132.53 2.74
1626650.25 21692.53 2.43
1524143.25 21922.53 2.51
1117337.00 16738.34 7.10
1590182.75 21332.53 2.51
1557137.62 22617.53 2.43
1183876.00 17842.31 3.38
1288543.38 18502.75 3.38
1149231.62 17882.31 5.83
1696666.00 22277.53 2.29
1117337.00 16738.34 7.10
1255451.12 18923.89 3.01
1156926.38 16608.78 7.10
1165894.38 17322.53 5.85
1126304.88 17452.09 5.85
1248953.88 18632.31 3.38
1116495.75 18156.00 5.23
1116495.75 18156.00 5.23
1116495.75 18156.00 5.23
1116495.75 18156.00 5.23
1116495.75 18156.00 5.23
1116495.75 18156.00 5.23
1116495.75 18156.00 5.23
1116495.75 18156.00 5.23
1116495.75 18156.00 5.23
1116495.75 18156.00 5.23
1116495.75 18156.00 5.23
1116495.75 18156.00 5.23
1116495.75 18156.00 5.23
1116495.75 18156.00 5.23
1116495.75 18156.00 5.23
1116495.75 18156.00 5.23
1116495.75 18156.00 5.23
1116495.75 18156.00 5.23
1116495.75 18156.00 5.23
1116495.75 18156.00 5.23
1116495.75 18156.00 5.23
1116495.75 18156.00 5.23
1116495.75 18156.00 5.23
1116495.75 18156.00 5.23
1116495.75 18156.00 5.23
1116495.75 18156.00 5.23
1116495.75 18156.00 5.23
1116495.75 18156.00 5.23
1116495.75 18156.00 5.23
1116495.75 18156.00 5.23
1116495.75 18156.00 5.23
1116495.75 18156.00 5.23
1116495.75 18156.00 5.23
1116495.75 18156.00 5.23
1116495.75 18156.00 5.23
1116495.75 18156.00 5.23
1116495.75 18156.00 5.23
1116495.75 18156.00 5.23
1116495.75 18156.00 5.23
1116495.75 18156.00 5.23
1116495.75 18156.00 5.23
1116495.75 18156.00 5.23
1134369.62 17889.20 5.23
1134369.62 17889.20 5.23
1134369.62 17889.20 5.23
1134369.62 17889.20 5.23
1134369.62 17889.20 5.23
1134369.62 17889.20 5.23
1134369.62 17889.20 5.23
1134369.62 17889.20 5.23
1134369.62 17889.20 5.23
1134369.62 17889.20 5.23
1134369.62 17889.20 5.23
1116495.75 18156.00 5.23
1134369.62 17889.20 5.23
1134369.62 17889.20 5.23
1134369.62 17889.20 5.23
1134369.62 17889.20 5.23
1134369.62 17889.20 5.23
1134369.62 17889.20 5.23
1134369.62 17889.20 5.23
1134369.62 17889.20 5.23
1134369.62 17889.20 5.23
1134369.62 17889.20 5.23
1116495.75 18156.00 5.23
1116495.75 18156.00 5.23
1116495.75 18156.00 5.23
1116495.75 18156.00 5.23
1116495.75 18156.00 5.23
1116495.75 18156.00 5.23
1116495.75 18156.00 5.23
1116495.75 18156.00 5.23
1116495.75 18156.00 5.23
1116495.75 18156.00 5.23
1116495.75 18156.00 5.23
1116495.75 18156.00 5.23
1116495.75 18156.00 5.23
1116495.75 18156.00 5.23
1116495.75 18156.00 5.23
1116495.75 18156.00 5.23
1760589.75 23802.53 2.31
1782048.88 23797.53 2.31
1755601.25 23792.53 2.38
1755601.25 23792.53 2.38
1744719.12 23317.53 2.41
1666080.88 22197.53 2.56
1606938.88 21982.09 2.57
1626133.50 21852.53 2.67
1466613.12 20482.53 2.74
1455902.50 20132.09 2.87
1419596.88 19769.32 2.90
1414285.25 20172.09 3.76
1414285.25 20172.09 3.76
1414285.25 20172.09 3.76
1414285.25 20172.09 3.76
1414285.25 20172.09 3.76
1414285.25 20172.09 3.76
1414285.25 20172.09 3.76
1374057.75 19787.09 3.82
1374057.75 19787.09 3.82
1393002.88 19657.53 3.91
1333822.75 19507.09 4.16
1333822.75 19507.09 4.16
1333822.75 19507.09 4.16
1333822.75 19507.09 4.16
1333822.75 19507.09 4.16
1333822.75 19507.09 4.16
1333822.75 19507.09 4.16
1333822.75 19507.09 4.16
1333822.75 19507.09 4.16
1333822.75 19507.09 4.16
1333822.75 19507.09 4.16
1333822.75 19507.09 4.16
1333822.75 19507.09 4.16
1333822.75 19507.09 4.16
1333822.75 19507.09 4.16
1333822.75 19507.09 4.16
1333822.75 19507.09 4.16
1333822.75 19507.09 4.16
1333822.75 19507.09 4.16
1333822.75 19507.09 4.16
1353061.12 19377.53 4.26
1353061.12 19377.53 4.26
1353061.12 19377.53 4.26
1353061.12 19377.53 4.26
1353061.12 19377.53 4.26
1353061.12 19377.53 4.26
1353061.12 19377.53 4.26
1353061.12 19377.53 4.26
1353061.12 19377.53 4.26
1353061.12 19377.53 4.26
1353061.12 19377.53 4.26
1353061.12 19377.53 4.26
1353061.12 19377.53 4.26
1353061.12 19377.53 4.26
1353061.12 19377.53 4.26
1353061.12 19377.53 4.26
1281590.75 19537.09 5.24
1212102.50 17623.12 5.35
1191062.25 17493.12 5.35
1191062.25 17493.12 5.35
1173505.25 17759.93 5.37
1174771.62 16783.56 5.41
1174607.12 16898.56 5.41
1174607.12 16898.56 5.41
1174607.12 16898.56 5.41
1174607.12 16898.56 5.41
1174607.12 16898.56 5.41
1174607.12 16898.56 5.41
1174607.12 16898.56 5.41
1174607.12 16898.56 5.41
1174607.12 16898.56 5.41
1155045.25 17018.12 5.41
1155045.25 17018.12 5.41
1155045.25 17018.12 5.41
1155045.25 17018.12 5.41
1155045.25 17018.12 5.41
1155045.25 17018.12 5.41
1155045.25 17018.12 5.41
1155045.25 17018.12 5.41
1296763.50 19342.97 4.17
1145084.25 17254.90 5.27
1145084.25 17254.90 5.27
1145084.25 17254.90 5.27
1145084.25 17254.90 5.27
1145084.25 17254.90 5.27
1145084.25 17254.90 5.27
1145084.25 17254.90 5.27
1145084.25 17254.90 5.27
1123406.50 17264.90 5.27
1123406.50 17264.90 5.27
1123406.50 17264.90 5.27
1123406.50 17264.90 5.27
1123406.50 17264.90 5.27
1123406.50 17264.90 5.27
1123406.50 17264.90 5.27
1123406.50 17264.90 5.27
1123406.50 17264.90 5.27
1123406.50 17264.90 5.27
1123406.50 17264.90 5.27
1157036.00 17054.56 5.27
1157036.00 17054.56 5.27
1157036.00 17054.56 5.27
1157036.00 17054.56 5.27
1157036.00 17054.56 5.27
1157036.00 17054.56 5.27
1157036.00 17054.56 5.27
1157036.00 17054.56 5.27
1157036.00 17054.56 5.27
1157036.00 17054.56 5.27
1120558.50 17247.13 5.28
1120558.50 17247.13 5.28
1120558.50 17247.13 5.28
1120558.50 17247.13 5.28
1120558.50 17247.13 5.28
1120558.50 17247.13 5.28
1120558.50 17247.13 5.28
1120558.50 17247.13 5.28
1120558.50 17247.13 5.28
1120558.50 17247.13 5.28
1120558.50 17247.13 5.28
1120558.50 17247.13 5.28
1120558.50 17247.13 5.28
1120558.50 17247.13 5.28
1120558.50 17247.13 5.28
1120558.50 17247.13 5.28
1120558.50 17247.13 5.28
1120558.50 17247.13 5.28
1120558.50 17247.13 5.28
1120558.50 17247.13 5.28
1120558.50 17247.13 5.28
1120558.50 17247.13 5.28
1120558.50 17247.13 5.28
1120558.50 17247.13 5.28
1120558.50 17247.13 5.28
1120558.50 17247.13 5.28
1120558.50 17247.13 5.28
1120558.50 17247.13 5.28
1120558.50 17247.13 5.28
1120558.50 17247.13 5.28
1120558.50 17247.13 5.28
1120558.50 17247.13 5.28
1120558.50 17247.13 5.28
1120558.50 17247.13 5.28
1120558.50 17247.13 5.28
1120558.50 17247.13 5.28
1120558.50 17247.13 5.28
1120558.50 17247.13 5.28
1120558.50 17247.13 5.28
1120558.50 17247.13 5.28
1120558.50 17247.13 5.28
1120558.50 17247.13 5.28
1120558.50 17247.13 5.28
1120558.50 17247.13 5.28
1120558.50 17247.13 5.28
1120558.50 17247.13 5.28
1120558.50 17247.13 5.28
1120558.50 17247.13 5.28
1120558.50 17247.13 5.28
1120558.50 17247.13 5.28
1342905.25 19357.09 2.61
1342905.25 19357.09 2.61
1342905.25 19357.09 2.61
1342905.25 19357.09 2.61
1342905.25 19357.09 2.61
1342905.25 19357.09 2.61
1342905.25 19357.09 2.61
1342905.25 19357.09 2.61
1342905.25 19357.09 2.61
1342905.25 19357.09 2.61
1342905.25 19357.09 2.61
1342905.25 19357.09 2.61
1342905.25 19357.09 2.61
1342905.25 19357.09 2.61
1342905.25 19357.09 2.61
1342905.25 19357.09 2.61
1342905.25 19357.09 2.61
1342905.25 19357.09 2.61
1342905.25 19357.09 2.61
1342905.25 19357.09 2.61
1342905.25 19357.09 2.61
1342905.25 19357.09 2.61
1342905.25 19357.09 2.61
1342905.25 19357.09 2.61
1336742.00 19382.09 2.61
1336742.00 19382.09 2.61
1336742.00 19382.09 2.61
1336742.00 19382.09 2.61
1336742.00 19382.09 2.61
1336742.00 19382.09 2.61
1336742.00 19382.09 2.61
1336742.00 19382.09 2.61
1336742.00 19382.09 2.61
1336742.00 19382.09 2.61
1336742.00 19382.09 2.61
1336742.00 19382.09 2.61
1342905.25 19357.09 2.61
1336742.00 19382.09 2.61
1336742.00 19382.09 2.61
1336742.00 19382.09 2.61
1336742.00 19382.09 2.61
1342905.25 19357.09 2.61
1342905.25 19357.09 2.61
1342905.25 19357.09 2.61
1342905.25 19357.09 2.61
1342905.25 19357.09 2.61
1342905.25 19357.09 2.61
1342905.25 19357.09 2.61
1358152.25 19227.53 2.61
1342905.25 19357.09 2.61
1358152.25 19227.53 2.61
1358152.25 19227.53 2.61
1358152.25 19227.53 2.61
1358152.25 19227.53 2.61
1358152.25 19227.53 2.61
1358152.25 19227.53 2.61
1358152.25 19227.53 2.61
1358152.25 19227.53 2.61
1358152.25 19227.53 2.61
1358152.25 19227.53 2.61
1358152.25 19227.53 2.61
1358152.25 19227.53 2.61
1358152.25 19227.53 2.61
1358152.25 19227.53 2.61
1358152.25 19227.53 2.61
1358152.25 19227.53 2.61
1358152.25 19227.53 2.61
1358152.25 19227.53 2.61
1358152.25 19227.53 2.61
1358152.25 19227.53 2.61
1358152.25 19227.53 2.61
1358152.25 19227.53 2.61
1358152.25 19227.53 2.61
1342905.25 19357.09 2.61
1342905.25 19357.09 2.61
1342905.25 19357.09 2.61
1342905.25 19357.09 2.61
1342905.25 19357.09 2.61
1342905.25 19357.09 2.61
1342905.25 19357.09 2.61