979364.00 15644.42 1.20
979364.00 15644.42 1.20
979364.00 15644.42 1.20
979364.00 15644.42 1.20
979364.00 15644.42 1.20
979364.00 15644.42 1.20
979364.00 15644.42 1.20
979364.00 15644.42 1.20
979364.00 15644.42 1.20
979364.00 15644.42 1.20
979364.00 15644.42 1.20
979364.00 15644.42 1.20
979364.00 15644.42 1.20
979364.00 15644.42 1.20
979364.00 15644.42 1.20
979364.00 15644.42 1.20
979364.00 15644.42 1.20
979364.00 15644.42 1.20
979364.00 15644.42 1.20
979364.00 15644.42 1.20
979364.00 15644.42 1.20
979364.00 15644.42 1.20
979364.00 15644.42 1.20
979364.00 15644.42 1.20
979364.00 15644.42 1.20
979364.00 15644.42 1.20
979364.00 15644.42 1.20
979364.00 15644.42 1.20
979364.00 15644.42 1.20
966102.50 15502.25 1.21
966102.50 15502.25 1.21
966102.50 15502.25 1.21
966102.50 15502.25 1.21
966102.50 15502.25 1.21
966102.50 15502.25 1.21
966102.50 15502.25 1.21
966102.50 15502.25 1.21
966102.50 15502.25 1.21
966102.50 15502.25 1.21
966102.50 15502.25 1.21
966102.50 15502.25 1.21
966102.50 15502.25 1.21
966102.50 15502.25 1.21
966102.50 15502.25 1.21
966102.50 15502.25 1.21
966102.50 15502.25 1.21
966102.50 15502.25 1.21
966102.50 15502.25 1.21
966102.50 15502.25 1.21
966102.50 15502.25 1.21
966102.50 15502.25 1.21
966102.50 15502.25 1.21
966102.50 15502.25 1.21
966102.50 15502.25 1.21
966102.50 15502.25 1.21
966102.50 15502.25 1.21
966102.50 15502.25 1.21
966102.50 15502.25 1.21
966102.50 15502.25 1.21
966102.50 15502.25 1.21
966102.50 15502.25 1.21
966102.50 15502.25 1.21
966102.50 15502.25 1.21
966102.50 15502.25 1.21
966102.50 15502.25 1.21
966102.50 15502.25 1.21
966102.50 15502.25 1.21
966102.50 15502.25 1.21
966102.50 15502.25 1.21
966102.50 15502.25 1.21
966102.50 15502.25 1.21
966102.50 15502.25 1.21
966102.50 15502.25 1.21
966102.50 15502.25 1.21
966102.50 15502.25 1.21
966102.50 15502.25 1.21
966102.50 15502.25 1.21
966102.50 15502.25 1.21
966102.50 15502.25 1.21
966102.50 15502.25 1.21
951765.56 15210.38 1.22
951765.56 15210.38 1.22
951765.56 15210.38 1.22
951765.56 15210.38 1.22
951765.56 15210.38 1.22
951765.56 15210.38 1.22
951765.56 15210.38 1.22
951765.56 15210.38 1.22
951765.56 15210.38 1.22
951765.56 15210.38 1.22
951765.56 15210.38 1.22
951765.56 15210.38 1.22
951765.56 15210.38 1.22
951765.56 15210.38 1.22
951765.56 15210.38 1.22
951765.56 15210.38 1.22
951765.56 15210.38 1.22
951765.56 15210.38 1.22
951765.56 15210.38 1.22
951765.56 15210.38 1.22
951765.56 15210.38 1.22
951765.56 15210.38 1.22
951765.56 15210.38 1.22
951765.56 15210.38 1.22
951765.56 15210.38 1.22
951765.56 15210.38 1.22
951765.56 15210.38 1.22
951765.56 15210.38 1.22
951765.56 15210.38 1.22
951765.56 15210.38 1.22
951765.56 15210.38 1.22
951765.56 15210.38 1.22
951765.56 15210.38 1.22
951765.56 15210.38 1.22
951765.56 15210.38 1.22
951765.56 15210.38 1.22
951765.56 15210.38 1.22
951765.56 15210.38 1.22
951765.56 15210.38 1.22
951765.56 15210.38 1.22
951765.56 15210.38 1.22
951765.56 15210.38 1.22
951765.56 15210.38 1.22
951765.56 15210.38 1.22
951765.56 15210.38 1.22
951765.56 15210.38 1.22
951765.56 15210.38 1.22
951765.56 15210.38 1.22
951765.56 15210.38 1.22
951765.56 15210.38 1.22
951765.56 15210.38 1.22
951765.56 15210.38 1.22
951765.56 15210.38 1.22
951765.56 15210.38 1.22
951765.56 15210.38 1.22
951765.56 15210.38 1.22
951765.56 15210.38 1.22
951765.56 15210.38 1.22
951765.56 15210.38 1.22
951765.56 15210.38 1.22
951765.56 15210.38 1.22
951765.56 15210.38 1.22
951765.56 15210.38 1.22
951765.56 15210.38 1.22
951765.56 15210.38 1.22
946491.88 15131.41 1.22
946491.88 15131.41 1.22
946491.88 15131.41 1.22
946491.88 15131.41 1.22
946491.88 15131.41 1.22
946491.88 15131.41 1.22
946491.88 15131.41 1.22
946491.88 15131.41 1.22
946491.88 15131.41 1.22
946491.88 15131.41 1.22
946491.88 15131.41 1.22
946491.88 15131.41 1.22
946491.88 15131.41 1.22
946491.88 15131.41 1.22
946491.88 15131.41 1.22
1078006.12 17092.19 1.37
971921.44 15491.35 1.37
971921.44 15491.35 1.37
972120.06 15352.19 1.37
972120.06 15352.19 1.37
972120.06 15352.19 1.37
972120.06 15352.19 1.37
972120.06 15352.19 1.37
972120.06 15352.19 1.37
923564.06 14706.35 1.38
923564.06 14706.35 1.38
923564.06 14706.35 1.38
923564.06 14706.35 1.38
923564.06 14706.35 1.38
923564.06 14706.35 1.38
923564.06 14706.35 1.38
923564.06 14706.35 1.38
923564.06 14706.35 1.38
923564.06 14706.35 1.38
923564.06 14706.35 1.38
923564.06 14706.35 1.38
923564.06 14706.35 1.38
923564.06 14706.35 1.38
923564.06 14706.35 1.38
923564.06 14706.35 1.38
923564.06 14706.35 1.38
923564.06 14706.35 1.38
923564.06 14706.35 1.38
923564.06 14706.35 1.38
923564.06 14706.35 1.38
923564.06 14706.35 1.38
923564.06 14706.35 1.38
923564.06 14706.35 1.38
923564.06 14706.35 1.38
923564.06 14706.35 1.38
923564.06 14706.35 1.38
923564.06 14706.35 1.38
923564.06 14706.35 1.38
923564.06 14706.35 1.38
923564.06 14706.35 1.38
923564.06 14706.35 1.38
923564.06 14706.35 1.38
923564.06 14706.35 1.38
923564.06 14706.35 1.38
923564.06 14706.35 1.38
923564.06 14706.35 1.38
923564.06 14706.35 1.38
923564.06 14706.35 1.38
923564.06 14706.35 1.38
923564.06 14706.35 1.38
923564.06 14706.35 1.38
923564.06 14706.35 1.38
923564.06 14706.35 1.38
923564.06 14706.35 1.38
923564.06 14706.35 1.38
923564.06 14706.35 1.38
923564.06 14706.35 1.38
923564.06 14706.35 1.38
923564.06 14706.35 1.38
923564.06 14706.35 1.38
923564.06 14706.35 1.38
923564.06 14706.35 1.38
923564.06 14706.35 1.38
923564.06 14706.35 1.38
923564.06 14706.35 1.38
923564.06 14706.35 1.38
923564.06 14706.35 1.38
923564.06 14706.35 1.38
923564.06 14706.35 1.38
923564.06 14706.35 1.38
923564.06 14706.35 1.38
923564.06 14706.35 1.38
923564.06 14706.35 1.38
923564.06 14706.35 1.38
923564.06 14706.35 1.38
923564.06 14706.35 1.38
923564.06 14706.35 1.38
923564.06 14706.35 1.38
923564.06 14706.35 1.38
923564.06 14706.35 1.38
956665.62 15304.42 1.20
941115.31 15064.42 1.20
932408.44 14977.25 1.22
932408.44 14977.25 1.22
932408.44 14977.25 1.22
932408.44 14977.25 1.22
932408.44 14977.25 1.22
932408.44 14977.25 1.22
932408.44 14977.25 1.22
932408.44 14977.25 1.22
932408.44 14977.25 1.22
930864.19 15250.52 1.37
906585.50 14805.52 1.37
906585.50 14805.52 1.37
906585.50 14805.52 1.37
906585.50 14805.52 1.37
906585.50 14805.52 1.37
906585.50 14805.52 1.37
906585.50 14805.52 1.37
906585.50 14805.52 1.37
906585.50 14805.52 1.37
906585.50 14805.52 1.37
906585.50 14805.52 1.37
906585.50 14805.52 1.37
906585.50 14805.52 1.37
906585.50 14805.52 1.37
906585.50 14805.52 1.37
906585.50 14805.52 1.37
906585.50 14805.52 1.37
906585.50 14805.52 1.37
906585.50 14805.52 1.37
906585.50 14805.52 1.37
906585.50 14805.52 1.37
906585.50 14805.52 1.37
906585.50 14805.52 1.37
906585.50 14805.52 1.37
906585.50 14805.52 1.37
906585.50 14805.52 1.37
906585.50 14805.52 1.37
906585.50 14805.52 1.37
906585.50 14805.52 1.37
906585.50 14805.52 1.37
906585.50 14805.52 1.37
906585.50 14805.52 1.37
906585.50 14805.52 1.37
906585.50 14805.52 1.37
906585.50 14805.52 1.37
906585.50 14805.52 1.37
906585.50 14805.52 1.37
906585.50 14805.52 1.37
906585.50 14805.52 1.37
906585.50 14805.52 1.37
906585.50 14805.52 1.37
906585.50 14805.52 1.37
906585.50 14805.52 1.37
906585.50 14805.52 1.37
906585.50 14805.52 1.37
906585.50 14805.52 1.37
906585.50 14805.52 1.37
906585.50 14805.52 1.37
906585.50 14805.52 1.37
906585.50 14805.52 1.37
906585.50 14805.52 1.37
906585.50 14805.52 1.37
906585.50 14805.52 1.37
906585.50 14805.52 1.37
906585.50 14805.52 1.37
906585.50 14805.52 1.37
906585.50 14805.52 1.37
906585.50 14805.52 1.37
906585.50 14805.52 1.37
906585.50 14805.52 1.37
906585.50 14805.52 1.37
906585.50 14805.52 1.37
906585.50 14805.52 1.37
906585.50 14805.52 1.37
906585.50 14805.52 1.37
906585.50 14805.52 1.37
906585.50 14805.52 1.37
906496.62 15068.90 1.53
1001930.50 15599.42 1.20
958765.62 15099.42 1.20
950058.81 15012.25 1.22
956057.25 14987.63 1.36
956057.25 14987.63 1.36
956057.25 14987.63 1.36
956057.25 14987.63 1.36
956057.25 14987.63 1.36
956057.25 14987.63 1.36
956057.25 14987.63 1.36
956057.25 14987.63 1.36
956057.25 14987.63 1.36
956057.25 14987.63 1.36
956057.25 14987.63 1.36
956057.25 14987.63 1.36
956057.25 14987.63 1.36
956057.25 14987.63 1.36
956057.25 14987.63 1.36
956057.25 14987.63 1.36
956057.25 14987.63 1.36
956057.25 14987.63 1.36
956057.25 14987.63 1.36
956057.25 14987.63 1.36
956057.25 14987.63 1.36
956057.25 14987.63 1.36
956057.25 14987.63 1.36
956057.25 14987.63 1.36
956057.25 14987.63 1.36
956057.25 14987.63 1.36
956057.25 14987.63 1.36
956057.25 14987.63 1.36
956057.25 14987.63 1.36
956057.25 14987.63 1.36
956057.25 14987.63 1.36
956057.25 14987.63 1.36
956057.25 14987.63 1.36
949525.00 14915.08 1.37
949525.00 14915.08 1.37
930169.62 14935.52 1.37
930169.62 14935.52 1.37
930169.62 14935.52 1.37
930169.62 14935.52 1.37
930169.62 14935.52 1.37
930169.62 14935.52 1.37
930169.62 14935.52 1.37
930169.62 14935.52 1.37
930169.62 14935.52 1.37
930169.62 14935.52 1.37
930169.62 14935.52 1.37
930169.62 14935.52 1.37
930169.62 14935.52 1.37
930169.62 14935.52 1.37
930169.62 14935.52 1.37
930169.62 14935.52 1.37
930169.62 14935.52 1.37
930169.62 14935.52 1.37
930169.62 14935.52 1.37
930169.62 14935.52 1.37
930169.62 14935.52 1.37
930169.62 14935.52 1.37
930169.62 14935.52 1.37
930169.62 14935.52 1.37
930169.62 14935.52 1.37
930169.62 14935.52 1.37
930169.62 14935.52 1.37
930169.62 14935.52 1.37
930169.62 14935.52 1.37
930169.62 14935.52 1.37
930169.62 14935.52 1.37
930169.62 14935.52 1.37
930169.62 14935.52 1.37
930169.62 14935.52 1.37
930169.62 14935.52 1.37
930169.62 14935.52 1.37
930169.62 14935.52 1.37
930169.62 14935.52 1.37
930169.62 14935.52 1.37
930169.62 14935.52 1.37
930169.62 14935.52 1.37
930169.62 14935.52 1.37
1077860.00 16684.43 1.20
1016941.94 15914.42 1.20
1016941.94 15914.42 1.20
943580.12 14984.42 1.36
887203.00 14455.52 1.37
875657.69 14600.68 1.67
875657.69 14600.68 1.67
875657.69 14600.68 1.67
875657.69 14600.68 1.67
875657.69 14600.68 1.67
875657.69 14600.68 1.67
875657.69 14600.68 1.67
875657.69 14600.68 1.67
875657.69 14600.68 1.67
875657.69 14600.68 1.67
875657.69 14600.68 1.67
875657.69 14600.68 1.67
875657.69 14600.68 1.67
875657.69 14600.68 1.67
875657.69 14600.68 1.67
875657.69 14600.68 1.67
875657.69 14600.68 1.67
875657.69 14600.68 1.67
875657.69 14600.68 1.67
875657.69 14600.68 1.67
875657.69 14600.68 1.67
875657.69 14600.68 1.67
871064.88 14668.27 1.82
871064.88 14668.27 1.82
871064.88 14668.27 1.82
871064.88 14668.27 1.82
871064.88 14668.27 1.82
871064.88 14668.27 1.82
871064.88 14668.27 1.82
871064.88 14668.27 1.82
871064.88 14668.27 1.82
871064.88 14668.27 1.82
871064.88 14668.27 1.82
871064.88 14668.27 1.82
871064.88 14668.27 1.82
871064.88 14668.27 1.82
871064.88 14668.27 1.82
871064.88 14668.27 1.82
871064.88 14668.27 1.82
871064.88 14668.27 1.82
871064.88 14668.27 1.82
871064.88 14668.27 1.82
871064.88 14668.27 1.82
871064.88 14668.27 1.82
871064.88 14668.27 1.82
871064.88 14668.27 1.82
871064.88 14668.27 1.82
871064.88 14668.27 1.82
871064.88 14668.27 1.82
871064.88 14668.27 1.82
871064.88 14668.27 1.82
871064.88 14668.27 1.82
871064.88 14668.27 1.82
871064.88 14668.27 1.82
871064.88 14668.27 1.82
871064.88 14668.27 1.82
871064.88 14668.27 1.82
871064.88 14668.27 1.82
871064.88 14668.27 1.82
871064.88 14668.27 1.82
871064.88 14668.27 1.82
871064.88 14668.27 1.82
871064.88 14668.27 1.82
848371.25 14365.75 1.91
828356.94 14183.28 1.97
819775.81 14322.55 2.25
819493.38 14627.45 2.36
816950.75 14394.96 2.36
816950.75 14394.96 2.36
816950.75 14394.96 2.36
816950.75 14394.96 2.36
816950.75 14394.96 2.36
816950.75 14394.96 2.36
816950.75 14394.96 2.36
816950.75 14394.96 2.36
968000.56 14972.38 1.20
943107.06 14607.38 1.21
943107.06 14607.38 1.21
943107.06 14607.38 1.21
943107.06 14607.38 1.21
943107.06 14607.38 1.21
943107.06 14607.38 1.21
943107.06 14607.38 1.21
943107.06 14607.38 1.21
943107.06 14607.38 1.21
943107.06 14607.38 1.21
943107.06 14607.38 1.21
943107.06 14607.38 1.21
943107.06 14607.38 1.21
943107.06 14607.38 1.21
943107.06 14607.38 1.21
943107.06 14607.38 1.21
943107.06 14607.38 1.21
943107.06 14607.38 1.21
943107.06 14607.38 1.21
946194.88 14602.38 1.21
941129.62 14832.38 1.21
941129.62 14832.38 1.21
941129.62 14832.38 1.21
941129.62 14832.38 1.21
941129.62 14832.38 1.21
941129.62 14832.38 1.21
941129.62 14832.38 1.21
941129.62 14832.38 1.21
941129.62 14832.38 1.21
941129.62 14832.38 1.21
943107.06 14607.38 1.21
943107.06 14607.38 1.21
943107.06 14607.38 1.21
943107.06 14607.38 1.21
943107.06 14607.38 1.21
943107.06 14607.38 1.21
943107.06 14607.38 1.21
943107.06 14607.38 1.21
943107.06 14607.38 1.21
943107.06 14607.38 1.21
943107.06 14607.38 1.21
943107.06 14607.38 1.21
943107.06 14607.38 1.21
943107.06 14607.38 1.21
943107.06 14607.38 1.21
943107.06 14607.38 1.21
943107.06 14607.38 1.21
943107.06 14607.38 1.21
943107.06 14607.38 1.21
943107.06 14607.38 1.21
943107.06 14607.38 1.21
943107.06 14607.38 1.21
943107.06 14607.38 1.21
943107.06 14607.38 1.21
943107.06 14607.38 1.21
943107.06 14607.38 1.21
943107.06 14607.38 1.21
943107.06 14607.38 1.21
946194.88 14602.38 1.21
946194.88 14602.38 1.21
943107.06 14607.38 1.21
943107.06 14607.38 1.21
943107.06 14607.38 1.21
943107.06 14607.38 1.21
943107.06 14607.38 1.21
943107.06 14607.38 1.21
943107.06 14607.38 1.21
943107.06 14607.38 1.21
943107.06 14607.38 1.21
943107.06 14607.38 1.21
943107.06 14607.38 1.21
943107.06 14607.38 1.21
943107.06 14607.38 1.21
943107.06 14607.38 1.21
943107.06 14607.38 1.21
943107.06 14607.38 1.21
943107.06 14607.38 1.21
943107.06 14607.38 1.21
943107.06 14607.38 1.21
972996.69 15364.42 1.20
976452.88 15109.42 1.20
976452.88 15109.42 1.20
976452.88 15109.42 1.20
976452.88 15109.42 1.20
976452.88 15109.42 1.20
976452.88 15109.42 1.20
976452.88 15109.42 1.20
976452.88 15109.42 1.20
976452.88 15109.42 1.20
976452.88 15109.42 1.20
976452.88 15109.42 1.20
976452.88 15109.42 1.20
976452.88 15109.42 1.20
976452.88 15109.42 1.20
976452.88 15109.42 1.20
949021.06 15015.38 1.22
949021.06 15015.38 1.22
949021.06 15015.38 1.22
949021.06 15015.38 1.22
949021.06 15015.38 1.22
949021.06 15015.38 1.22
949021.06 15015.38 1.22
949021.06 15015.38 1.22
949021.06 15015.38 1.22
949021.06 15015.38 1.22
949021.06 15015.38 1.22
949021.06 15015.38 1.22
949021.06 15015.38 1.22
949021.06 15015.38 1.22
949021.06 15015.38 1.22
949021.06 15015.38 1.22
949021.06 15015.38 1.22
949021.06 15015.38 1.22
949021.06 15015.38 1.22
949021.06 15015.38 1.22
949021.06 15015.38 1.22
948316.00 15070.38 1.22
948316.00 15070.38 1.22
948316.00 15070.38 1.22
948316.00 15070.38 1.22
948303.12 15080.38 1.22
949021.06 15015.38 1.22
949021.06 15015.38 1.22
949021.06 15015.38 1.22
949021.06 15015.38 1.22
949021.06 15015.38 1.22
949021.06 15015.38 1.22
949021.06 15015.38 1.22
949021.06 15015.38 1.22
949021.06 15015.38 1.22
949021.06 15015.38 1.22
949021.06 15015.38 1.22
949021.06 15015.38 1.22
949021.06 15015.38 1.22
949021.06 15015.38 1.22
949021.06 15015.38 1.22
949021.06 15015.38 1.22
949021.06 15015.38 1.22
949021.06 15015.38 1.22
949021.06 15015.38 1.22
949021.06 15015.38 1.22
949021.06 15015.38 1.22
949021.06 15015.38 1.22
949021.06 15015.38 1.22
949021.06 15015.38 1.22
949021.06 15015.38 1.22
949021.06 15015.38 1.22
949021.06 15015.38 1.22
949021.06 15015.38 1.22
949021.06 15015.38 1.22
949021.06 15015.38 1.22
949021.06 15015.38 1.22
949021.06 15015.38 1.22
949021.06 15015.38 1.22
949021.06 15015.38 1.22
949021.06 15015.38 1.22
949021.06 15015.38 1.22
949021.06 15015.38 1.22
949021.06 15015.38 1.22
943725.69 15420.38 1.22
932199.31 15505.38 1.38
933535.56 15435.38 1.38
933535.56 15435.38 1.38
933535.56 15435.38 1.38
933535.56 15435.38 1.38
933535.56 15435.38 1.38
933535.56 15435.38 1.38
933535.56 15435.38 1.38
933535.56 15435.38 1.38
933535.56 15435.38 1.38
933355.88 15445.38 1.38
932019.69 15515.38 1.38
932199.31 15505.38 1.38
932199.31 15505.38 1.38
932199.31 15505.38 1.38
932199.31 15505.38 1.38
932199.31 15505.38 1.38
932199.31 15505.38 1.38
932199.31 15505.38 1.38
932199.31 15505.38 1.38
933535.56 15435.38 1.38
933535.56 15435.38 1.38
933535.56 15435.38 1.38
930920.19 15515.38 1.39
931100.81 15505.38 1.39
930920.19 15515.38 1.39
930920.19 15515.38 1.39
930920.19 15515.38 1.39
930920.19 15515.38 1.39
930920.19 15515.38 1.39
932443.81 15435.38 1.39
931100.81 15505.38 1.39
931100.81 15505.38 1.39
931100.81 15505.38 1.39
931100.81 15505.38 1.39
931100.81 15505.38 1.39
931100.81 15505.38 1.39
930920.19 15515.38 1.39
930920.19 15515.38 1.39
930920.19 15515.38 1.39
930920.19 15515.38 1.39
930920.19 15515.38 1.39
930920.19 15515.38 1.39
930920.19 15515.38 1.39
930920.19 15515.38 1.39
930920.19 15515.38 1.39
930920.19 15515.38 1.39
930920.19 15515.38 1.39
930920.19 15515.38 1.39
930920.19 15515.38 1.39
930920.19 15515.38 1.39
930920.19 15515.38 1.39
930920.19 15515.38 1.39
932443.81 15435.38 1.39
932443.81 15435.38 1.39
932443.81 15435.38 1.39
932443.81 15435.38 1.39
932443.81 15435.38 1.39
932443.81 15435.38 1.39
932263.19 15445.38 1.39
932443.81 15435.38 1.39
932263.19 15445.38 1.39
932263.19 15445.38 1.39
932263.19 15445.38 1.39
932263.19 15445.38 1.39
932263.19 15445.38 1.39
932263.19 15445.38 1.39
931100.81 15505.38 1.39
930920.19 15515.38 1.39
932443.81 15435.38 1.39
932443.81 15435.38 1.39
932443.81 15435.38 1.39
932443.81 15435.38 1.39
932443.81 15435.38 1.39
932443.81 15435.38 1.39
932443.81 15435.38 1.39
931100.81 15505.38 1.39
931100.81 15505.38 1.39
931100.81 15505.38 1.39
982067.56 15324.42 1.20
964316.31 15059.42 1.20
964316.31 15059.42 1.20
951267.88 14917.25 1.22
951267.88 14917.25 1.22
951267.88 14917.25 1.22
951267.88 14917.25 1.22
951267.88 14917.25 1.22
951267.88 14917.25 1.22
951267.88 14917.25 1.22
951267.88 14917.25 1.22
951267.88 14917.25 1.22
951267.88 14917.25 1.22
951267.88 14917.25 1.22
951267.88 14917.25 1.22
951267.88 14917.25 1.22
951267.88 14917.25 1.22
951267.88 14917.25 1.22
951267.88 14917.25 1.22
951267.88 14917.25 1.22
951267.88 14917.25 1.22
951267.88 14917.25 1.22
951267.88 14917.25 1.22
951267.88 14917.25 1.22
951267.88 14917.25 1.22
951267.88 14917.25 1.22
951267.88 14917.25 1.22
951267.88 14917.25 1.22
951267.88 14917.25 1.22
951267.88 14917.25 1.22
951267.88 14917.25 1.22
951267.88 14917.25 1.22
951267.88 14917.25 1.22
951567.00 14771.37 1.24
951567.00 14771.37 1.24
951567.00 14771.37 1.24
948561.56 15041.68 1.36
948561.56 15041.68 1.36
948561.56 15041.68 1.36
948561.56 15041.68 1.36
942380.00 14926.59 1.37
942380.00 14926.59 1.37
942380.00 14926.59 1.37
942380.00 14926.59 1.37
942380.00 14926.59 1.37
942380.00 14926.59 1.37
942380.00 14926.59 1.37
942380.00 14926.59 1.37
936276.56 14771.35 1.38
936276.56 14771.35 1.38
936276.56 14771.35 1.38
936276.56 14771.35 1.38
936276.56 14771.35 1.38
936276.56 14771.35 1.38
936276.56 14771.35 1.38
936276.56 14771.35 1.38
936276.56 14771.35 1.38
936276.56 14771.35 1.38
936276.56 14771.35 1.38
936276.56 14771.35 1.38
936276.56 14771.35 1.38
936276.56 14771.35 1.38
936276.56 14771.35 1.38
936276.56 14771.35 1.38
936276.56 14771.35 1.38
936276.56 14771.35 1.38
936276.56 14771.35 1.38
936276.56 14771.35 1.38
936276.56 14771.35 1.38
936276.56 14771.35 1.38
936276.56 14771.35 1.38
936276.56 14771.35 1.38
936276.56 14771.35 1.38
936276.56 14771.35 1.38
936276.56 14771.35 1.38
936276.56 14771.35 1.38
936276.56 14771.35 1.38
936276.56 14771.35 1.38
936276.56 14771.35 1.38
936276.56 14771.35 1.38
1138087.25 17514.53 1.24
1132984.25 17489.53 1.24
963397.56 15509.53 1.25
921580.94 14572.33 1.29
921580.94 14572.33 1.29
921580.94 14572.33 1.29
921580.94 14572.33 1.29
921580.94 14572.33 1.29
921580.94 14572.33 1.29
921580.94 14572.33 1.29
921580.94 14572.33 1.29
921580.94 14572.33 1.29
921580.94 14572.33 1.29
921580.94 14572.33 1.29
921580.94 14572.33 1.29
921580.94 14572.33 1.29
921580.94 14572.33 1.29
921580.94 14572.33 1.29
921580.94 14572.33 1.29
920198.06 14597.33 1.29
921580.94 14572.33 1.29
904883.44 14511.77 1.44
904883.44 14511.77 1.44
904883.44 14511.77 1.44
904883.44 14511.77 1.44
904883.44 14511.77 1.44
904883.44 14511.77 1.44
904883.44 14511.77 1.44
904883.44 14511.77 1.44
904883.44 14511.77 1.44
899433.44 14396.67 1.45
899433.44 14396.67 1.45
899433.44 14396.67 1.45
899433.44 14396.67 1.45
899433.44 14396.67 1.45
899433.44 14396.67 1.45
899433.44 14396.67 1.45
899433.44 14396.67 1.45
899433.44 14396.67 1.45
899433.44 14396.67 1.45
899433.44 14396.67 1.45
899433.44 14396.67 1.45
899433.44 14396.67 1.45
899433.44 14396.67 1.45
899433.44 14396.67 1.45
899433.44 14396.67 1.45
899433.44 14396.67 1.45
899433.44 14396.67 1.45
899433.44 14396.67 1.45
899433.44 14396.67 1.45
899433.44 14396.67 1.45
899433.44 14396.67 1.45
899433.44 14396.67 1.45
899433.44 14396.67 1.45
899433.44 14396.67 1.45
899433.44 14396.67 1.45
899433.44 14396.67 1.45
899433.44 14396.67 1.45
899433.44 14396.67 1.45
899433.44 14396.67 1.45
899433.44 14396.67 1.45
899433.44 14396.67 1.45
899433.44 14396.67 1.45
899433.44 14396.67 1.45
899433.44 14396.67 1.45
899433.44 14396.67 1.45
899433.44 14396.67 1.45
899433.44 14396.67 1.45
899433.44 14396.67 1.45
899433.44 14396.67 1.45
899433.44 14396.67 1.45
899433.44 14396.67 1.45
899433.44 14396.67 1.45
899433.44 14396.67 1.45
899433.44 14396.67 1.45
899433.44 14396.67 1.45
899433.44 14396.67 1.45
899433.44 14396.67 1.45
899433.44 14396.67 1.45
899433.44 14396.67 1.45
963522.62 15229.42 1.20
963522.62 15229.42 1.20
963522.62 15229.42 1.20
963522.62 15229.42 1.20
947979.56 14989.42 1.20
947979.56 14989.42 1.20
947979.56 14989.42 1.20
947979.56 14989.42 1.20
947979.56 14989.42 1.20
947979.56 14989.42 1.20
947979.56 14989.42 1.20
947979.56 14989.42 1.20
947979.56 14989.42 1.20
947979.56 14989.42 1.20
947979.56 14989.42 1.20
947979.56 14989.42 1.20
947979.56 14989.42 1.20
947979.56 14989.42 1.20
947979.56 14989.42 1.20
947979.56 14989.42 1.20
934931.06 14847.25 1.22
934931.06 14847.25 1.22
934931.06 14847.25 1.22
934931.06 14847.25 1.22
934931.06 14847.25 1.22
934931.06 14847.25 1.22
934931.06 14847.25 1.22
934931.06 14847.25 1.22
934931.06 14847.25 1.22
934931.06 14847.25 1.22
934931.06 14847.25 1.22
934931.06 14847.25 1.22
934931.06 14847.25 1.22
934931.06 14847.25 1.22
934931.06 14847.25 1.22
934931.06 14847.25 1.22
934931.06 14847.25 1.22
934931.06 14847.25 1.22
934931.06 14847.25 1.22
934931.06 14847.25 1.22
934931.06 14847.25 1.22
934931.06 14847.25 1.22
934931.06 14847.25 1.22
934931.06 14847.25 1.22
934931.06 14847.25 1.22
934931.06 14847.25 1.22
934931.06 14847.25 1.22
934931.06 14847.25 1.22
934931.06 14847.25 1.22
934931.06 14847.25 1.22
934931.06 14847.25 1.22
934931.06 14847.25 1.22
934931.06 14847.25 1.22
911761.94 14145.12 1.47
911761.94 14145.12 1.47
911761.94 14145.12 1.47
911761.94 14145.12 1.47
911761.94 14145.12 1.47
911761.94 14145.12 1.47
911761.94 14145.12 1.47
911761.94 14145.12 1.47
911761.94 14145.12 1.47
911761.94 14145.12 1.47
911761.94 14145.12 1.47
911761.94 14145.12 1.47
911761.94 14145.12 1.47
911761.94 14145.12 1.47
911761.94 14145.12 1.47
911761.94 14145.12 1.47
911761.94 14145.12 1.47
911761.94 14145.12 1.47
911761.94 14145.12 1.47
911761.94 14145.12 1.47
911761.94 14145.12 1.47
911761.94 14145.12 1.47
911761.94 14145.12 1.47
911761.94 14145.12 1.47
911761.94 14145.12 1.47
911761.94 14145.12 1.47
911761.94 14145.12 1.47
952037.38 15510.38 1.22
953880.62 15280.38 1.22
953880.62 15280.38 1.22
953880.62 15280.38 1.22
953740.38 15285.38 1.22
953740.38 15285.38 1.22
953740.38 15285.38 1.22
952177.69 15505.38 1.22
952037.38 15510.38 1.22
952037.38 15510.38 1.22
917701.19 14971.41 1.22
917701.19 14971.41 1.22
917701.19 14971.41 1.22
917701.19 14971.41 1.22
917701.19 14971.41 1.22
917701.19 14971.41 1.22
917701.19 14971.41 1.22
917701.19 14971.41 1.22
917701.19 14971.41 1.22
917701.19 14971.41 1.22
917701.19 14971.41 1.22
917701.19 14971.41 1.22
917701.19 14971.41 1.22
917701.19 14971.41 1.22
917701.19 14971.41 1.22
917701.19 14971.41 1.22
917701.19 14971.41 1.22
917701.19 14971.41 1.22
917701.19 14971.41 1.22
917701.19 14971.41 1.22
917701.19 14971.41 1.22
917701.19 14971.41 1.22
917701.19 14971.41 1.22
917701.19 14971.41 1.22
917701.19 14971.41 1.22
917701.19 14971.41 1.22
917701.19 14971.41 1.22
917701.19 14971.41 1.22
917701.19 14971.41 1.22
917701.19 14971.41 1.22
917701.19 14971.41 1.22
917701.19 14971.41 1.22
917701.19 14971.41 1.22
921413.06 14771.41 1.22
921413.06 14771.41 1.22
921413.06 14771.41 1.22
921413.06 14771.41 1.22
921413.06 14771.41 1.22
921413.06 14771.41 1.22
921413.06 14771.41 1.22
921413.06 14771.41 1.22
921413.06 14771.41 1.22
921413.06 14771.41 1.22
921413.06 14771.41 1.22
917701.19 14971.41 1.22
921413.06 14771.41 1.22
921413.06 14771.41 1.22
921413.06 14771.41 1.22
921413.06 14771.41 1.22
921413.06 14771.41 1.22
921413.06 14771.41 1.22
921413.06 14771.41 1.22
921413.06 14771.41 1.22
921413.06 14771.41 1.22
921413.06 14771.41 1.22
917841.75 14966.41 1.22
917841.75 14966.41 1.22
917841.75 14966.41 1.22
917841.75 14966.41 1.22
917841.75 14966.41 1.22
917841.75 14966.41 1.22
917841.75 14966.41 1.22
917701.19 14971.41 1.22
921413.06 14771.41 1.22
917701.19 14971.41 1.22
917841.75 14966.41 1.22
917841.75 14966.41 1.22
921272.44 14776.41 1.22
921272.44 14776.41 1.22
921272.44 14776.41 1.22
1056957.12 17139.43 1.20
1078021.75 16994.43 1.20
942399.31 15204.42 1.20
932156.38 14662.38 1.21
932156.38 14662.38 1.21
932156.38 14662.38 1.21
932156.38 14662.38 1.21
932156.38 14662.38 1.21
932156.38 14662.38 1.21
932156.38 14662.38 1.21
932156.38 14662.38 1.21
932156.38 14662.38 1.21
932156.38 14662.38 1.21
932156.38 14662.38 1.21
932156.38 14662.38 1.21
932156.38 14662.38 1.21
932156.38 14662.38 1.21
932156.38 14662.38 1.21
932156.38 14662.38 1.21
932156.38 14662.38 1.21
932156.38 14662.38 1.21
932156.38 14662.38 1.21
932156.38 14662.38 1.21
932156.38 14662.38 1.21
932156.38 14662.38 1.21
932156.38 14662.38 1.21
932156.38 14662.38 1.21
932156.38 14662.38 1.21
932156.38 14662.38 1.21
921629.94 14697.33 1.29
906134.62 14457.33 1.29
906134.62 14457.33 1.29
906134.62 14457.33 1.29
906134.62 14457.33 1.29
906134.62 14457.33 1.29
906134.62 14457.33 1.29
906134.62 14457.33 1.29
906134.62 14457.33 1.29
906134.62 14457.33 1.29
906134.62 14457.33 1.29
906134.62 14457.33 1.29
906134.62 14457.33 1.29
906134.62 14457.33 1.29
906134.62 14457.33 1.29
906134.62 14457.33 1.29
906134.62 14457.33 1.29
906134.62 14457.33 1.29
906134.62 14457.33 1.29
906134.62 14457.33 1.29
906134.62 14457.33 1.29
906134.62 14457.33 1.29
906134.62 14457.33 1.29
906134.62 14457.33 1.29
906134.62 14457.33 1.29
906134.62 14457.33 1.29
906134.62 14457.33 1.29
906134.62 14457.33 1.29
906134.62 14457.33 1.29
906134.62 14457.33 1.29
906134.62 14457.33 1.29
906134.62 14457.33 1.29
906134.62 14457.33 1.29
906134.62 14457.33 1.29
906134.62 14457.33 1.29
906134.62 14457.33 1.29
906134.62 14457.33 1.29
906134.62 14457.33 1.29
906134.62 14457.33 1.29
906134.62 14457.33 1.29
906134.62 14457.33 1.29
906134.62 14457.33 1.29
906134.62 14457.33 1.29
906134.62 14457.33 1.29
906134.62 14457.33 1.29
906134.62 14457.33 1.29
906134.62 14457.33 1.29
906134.62 14457.33 1.29
906134.62 14457.33 1.29
906134.62 14457.33 1.29
906134.62 14457.33 1.29
970552.69 15474.42 1.20
912040.88 14719.42 1.20
898992.38 14577.25 1.22
905926.38 14542.63 1.36
905926.38 14542.63 1.36
905926.38 14542.63 1.36
905926.38 14542.63 1.36
905926.38 14542.63 1.36
905926.38 14542.63 1.36
905926.38 14542.63 1.36
905926.38 14542.63 1.36
905926.38 14542.63 1.36
905926.38 14542.63 1.36
905926.38 14542.63 1.36
905926.38 14542.63 1.36
906073.12 14537.63 1.36
906073.12 14537.63 1.36
906073.12 14537.63 1.36
906073.12 14537.63 1.36
906073.12 14537.63 1.36
906073.12 14537.63 1.36
905926.38 14542.63 1.36
905926.38 14542.63 1.36
905926.38 14542.63 1.36
905926.38 14542.63 1.36
905926.38 14542.63 1.36
905926.38 14542.63 1.36
905926.38 14542.63 1.36
905926.38 14542.63 1.36
905926.38 14542.63 1.36
905926.38 14542.63 1.36
905926.38 14542.63 1.36
905926.38 14542.63 1.36
905926.38 14542.63 1.36
905926.38 14542.63 1.36
905926.38 14542.63 1.36
896262.81 14647.57 1.38
896262.81 14647.57 1.38
880808.06 14407.57 1.39
880808.06 14407.57 1.39
880808.06 14407.57 1.39
880808.06 14407.57 1.39
880808.06 14407.57 1.39
880808.06 14407.57 1.39
880808.06 14407.57 1.39
880808.06 14407.57 1.39
880808.06 14407.57 1.39
880808.06 14407.57 1.39
880808.06 14407.57 1.39
880808.06 14407.57 1.39
880808.06 14407.57 1.39
880808.06 14407.57 1.39
880808.06 14407.57 1.39
880808.06 14407.57 1.39
880808.06 14407.57 1.39
880808.06 14407.57 1.39
880808.06 14407.57 1.39
880808.06 14407.57 1.39
880808.06 14407.57 1.39
880808.06 14407.57 1.39
880808.06 14407.57 1.39
880808.06 14407.57 1.39
880808.06 14407.57 1.39
880808.06 14407.57 1.39
880808.06 14407.57 1.39
880808.06 14407.57 1.39
880808.06 14407.57 1.39
880808.06 14407.57 1.39
880808.06 14407.57 1.39
880808.06 14407.57 1.39
880808.06 14407.57 1.39
880808.06 14407.57 1.39
880808.06 14407.57 1.39
880808.06 14407.57 1.39
880808.06 14407.57 1.39
880808.06 14407.57 1.39
880808.06 14407.57 1.39
880808.06 14407.57 1.39
880808.06 14407.57 1.39
880808.06 14407.57 1.39