1194801.25 17619.56 5.62
1194801.25 17619.56 5.62
1194801.25 17619.56 5.62
1543351.25 21862.75 3.34
1184207.38 18842.17 5.76
1184207.38 18842.17 5.76
1184207.38 18842.17 5.76
1194801.25 17619.56 5.62
1184207.38 18842.17 5.76
1194801.25 17619.56 5.62
1194801.25 17619.56 5.62
1194801.25 17619.56 5.62
1194801.25 17619.56 5.62
1194801.25 17619.56 5.62
1194801.25 17619.56 5.62
1184207.38 18842.17 5.76
1184207.38 18842.17 5.76
1184207.38 18842.17 5.76
1194801.25 17619.56 5.62
1194801.25 17619.56 5.62
1194801.25 17619.56 5.62
1188352.25 17999.90 5.55
1184207.38 18842.17 5.76
1184207.38 18842.17 5.76
1194801.25 17619.56 5.62
1184207.38 18842.17 5.76
1194801.25 17619.56 5.62
1194801.25 17619.56 5.62
1184207.38 18842.17 5.76
1194801.25 17619.56 5.62
1194801.25 17619.56 5.62
1184226.00 18568.10 5.64
1286550.38 17475.00 7.38
1184207.38 18842.17 5.76
1194801.25 17619.56 5.62
1184226.00 18568.10 5.64
1184207.38 18842.17 5.76
1194801.25 17619.56 5.62
1184226.00 18568.10 5.64
1194672.62 17639.56 5.57
1184207.38 18842.17 5.76
1184226.00 18568.10 5.64
1194672.62 17639.56 5.57
1194672.62 17639.56 5.57
1194672.62 17639.56 5.57
1194672.62 17639.56 5.57
1188120.12 18019.90 5.53
1194672.62 17639.56 5.57
1184226.00 18568.10 5.64
1184226.00 18568.10 5.64
1194672.62 17639.56 5.57
1184226.00 18568.10 5.64
1218059.75 17600.00 5.79
1184226.00 18568.10 5.64
1286960.75 17460.00 7.39
1251000.88 18393.57 5.63
1210848.25 18159.56 5.67
1210848.25 18159.56 5.67
1210848.25 18159.56 5.67
1210848.25 18159.56 5.67
1210848.25 18159.56 5.67
1210848.25 18159.56 5.67
1210848.25 18159.56 5.67
1210848.25 18159.56 5.67
1210848.25 18159.56 5.67
1210848.25 18159.56 5.67
1210848.25 18159.56 5.67
1210848.25 18159.56 5.67
1210848.25 18159.56 5.67
1210848.25 18159.56 5.67
1210848.25 18159.56 5.67
1210848.25 18159.56 5.67
1210848.25 18159.56 5.67
1210848.25 18159.56 5.67
1210848.25 18159.56 5.67
1210848.25 18159.56 5.67
1210848.25 18159.56 5.67
1210848.25 18159.56 5.67
1210848.25 18159.56 5.67
1210848.25 18159.56 5.67
1210848.25 18159.56 5.67
1210848.25 18159.56 5.67
1210848.25 18159.56 5.67
1210848.25 18159.56 5.67
1210848.25 18159.56 5.67
1210848.25 18159.56 5.67
1210848.25 18159.56 5.67
1210848.25 18159.56 5.67
1210848.25 18159.56 5.67
1210848.25 18159.56 5.67
1210848.25 18159.56 5.67
1210848.25 18159.56 5.67
1210848.25 18159.56 5.67
1210848.25 18159.56 5.67
1228658.62 18114.56 5.67
1259050.62 18229.56 5.67
1228658.62 18114.56 5.67
1228658.62 18114.56 5.67
1228658.62 18114.56 5.67
1256556.75 18044.56 5.70
1206694.12 18089.56 5.69
1206694.12 18089.56 5.69
1206694.12 18089.56 5.69
1148955.75 17293.12 5.54
1148955.75 17293.12 5.54
1148955.75 17293.12 5.54
1148955.75 17293.12 5.54
1148955.75 17293.12 5.54
1148955.75 17293.12 5.54
1148955.75 17293.12 5.54
1148955.75 17293.12 5.54
1148955.75 17293.12 5.54
1148955.75 17293.12 5.54
1148955.75 17293.12 5.54
1148955.75 17293.12 5.54
1148955.75 17293.12 5.54
1148955.75 17293.12 5.54
1148955.75 17293.12 5.54
1148955.75 17293.12 5.54
1148955.75 17293.12 5.54
1148955.75 17293.12 5.54
1148955.75 17293.12 5.54
1148955.75 17293.12 5.54
1148955.75 17293.12 5.54
1148955.75 17293.12 5.54
1148955.75 17293.12 5.54
1148955.75 17293.12 5.54
1362292.62 19857.31 3.00
1362292.62 19857.31 3.00
1334826.88 19764.11 3.32
1164156.62 17163.56 5.63
1362899.38 19852.31 3.00
1368278.25 19822.31 2.97
1334826.88 19764.11 3.32
1362292.62 19857.31 3.00
1362292.62 19857.31 3.00
1346459.12 19442.31 3.32
1337466.75 20249.11 3.22
1337466.75 20249.11 3.22
1346459.12 19442.31 3.32
1362899.38 19852.31 3.00
1337466.75 20249.11 3.22
1341490.75 19512.31 3.00
1148955.75 17293.12 5.54
1494403.88 23780.00 5.19
1260378.62 18184.56 5.86
1226672.25 18234.56 5.89
1222785.75 18496.36 5.91
1222785.75 18496.36 5.91
1222785.75 18496.36 5.91
1222785.75 18496.36 5.91
1222785.75 18496.36 5.91
1222785.75 18496.36 5.91
1222785.75 18496.36 5.91
1222785.75 18496.36 5.91
1222785.75 18496.36 5.91
1222785.75 18496.36 5.91
1222785.75 18496.36 5.91
1222785.75 18496.36 5.91
1222785.75 18496.36 5.91
1233684.38 18184.56 5.86
1226672.25 18234.56 5.89
1184175.00 17169.56 5.50
1184175.00 17169.56 5.50
1184175.00 17169.56 5.50
1162711.62 17371.02 5.57
1184175.00 17169.56 5.50
1184175.00 17169.56 5.50
1184175.00 17169.56 5.50
1184175.00 17169.56 5.50
1162711.62 17371.02 5.57
1184175.00 17169.56 5.50
1184175.00 17169.56 5.50
1162711.62 17371.02 5.57
1184175.00 17169.56 5.50
1184175.00 17169.56 5.50
1184175.00 17169.56 5.50
1162711.62 17371.02 5.57
1162711.62 17371.02 5.57
1162711.62 17371.02 5.57
1184175.00 17169.56 5.50
1162711.62 17371.02 5.57
1162711.62 17371.02 5.57
1162711.62 17371.02 5.57
1162711.62 17371.02 5.57
1162711.62 17371.02 5.57
1184175.00 17169.56 5.50
1162711.62 17371.02 5.57
1162711.62 17371.02 5.57
1162711.62 17371.02 5.57
1162711.62 17371.02 5.57
1162711.62 17371.02 5.57
1162711.62 17371.02 5.57
1162711.62 17371.02 5.57
1162711.62 17371.02 5.57
1162711.62 17371.02 5.57
1184175.00 17169.56 5.50
1151105.88 17508.57 5.43
1151105.88 17508.57 5.43
1151105.88 17508.57 5.43
1151105.88 17508.57 5.43
1151105.88 17508.57 5.43
1151105.88 17508.57 5.43
1151105.88 17508.57 5.43
1151105.88 17508.57 5.43
1151105.88 17508.57 5.43
1151105.88 17508.57 5.43
1151105.88 17508.57 5.43
1151105.88 17508.57 5.43
1151105.88 17508.57 5.43
1151105.88 17508.57 5.43
1151105.88 17508.57 5.43
1151105.88 17508.57 5.43
1151105.88 17508.57 5.43
1151105.88 17508.57 5.43
1151105.88 17508.57 5.43
1151105.88 17508.57 5.43
1151105.88 17508.57 5.43
1151105.88 17508.57 5.43
1151105.88 17508.57 5.43
1151105.88 17508.57 5.43
1151105.88 17508.57 5.43
1151105.88 17508.57 5.43
1151105.88 17508.57 5.43
1151105.88 17508.57 5.43
1151105.88 17508.57 5.43
1151105.88 17508.57 5.43
1151105.88 17508.57 5.43
1151105.88 17508.57 5.43
1151105.88 17508.57 5.43
1151105.88 17508.57 5.43
1151105.88 17508.57 5.43
1151105.88 17508.57 5.43
1151105.88 17508.57 5.43
1151105.88 17508.57 5.43
1151105.88 17508.57 5.43
1151105.88 17508.57 5.43
1151105.88 17508.57 5.43
1170081.25 17254.56 5.43
1170081.25 17254.56 5.43
1170081.25 17254.56 5.43
1170081.25 17254.56 5.43
1170081.25 17254.56 5.43
1170081.25 17254.56 5.43
1170081.25 17254.56 5.43
1170081.25 17254.56 5.43
1170081.25 17254.56 5.43
1170081.25 17254.56 5.43
1170081.25 17254.56 5.43
1170081.25 17254.56 5.43
1170081.25 17254.56 5.43
1170081.25 17254.56 5.43
1170081.25 17254.56 5.43
1170081.25 17254.56 5.43
1170081.25 17254.56 5.43
1170081.25 17254.56 5.43
1170081.25 17254.56 5.43
1170081.25 17254.56 5.43
1151105.88 17508.57 5.43
1151105.88 17508.57 5.43
1151105.88 17508.57 5.43
1151105.88 17508.57 5.43
1151105.88 17508.57 5.43
1151105.88 17508.57 5.43
1151105.88 17508.57 5.43
1151105.88 17508.57 5.43
1151105.88 17508.57 5.43
1151105.88 17508.57 5.43
1170081.25 17254.56 5.43
1156556.75 17488.57 5.43
1156556.75 17488.57 5.43
1170081.25 17254.56 5.43
1170081.25 17254.56 5.43
1170081.25 17254.56 5.43
1170081.25 17254.56 5.43
1170081.25 17254.56 5.43
1170081.25 17254.56 5.43
1505908.75 24010.34 5.44
1164892.75 17129.56 5.81
1164892.75 17129.56 5.81
1164892.75 17129.56 5.81
1164892.75 17129.56 5.81
1164638.88 17868.97 5.81
1498910.38 20832.53 4.21
1278559.12 19687.31 5.21
1225331.00 18667.31 5.37
1477780.00 20687.53 4.32
1539598.25 20792.53 3.80
1411319.88 20077.53 4.55
1411319.88 20077.53 4.55
1751318.38 23027.53 3.42
1411319.88 20077.53 4.55
1474754.25 20938.72 3.80
1695224.38 24053.72 3.42
1477780.00 20687.53 4.32
1447136.88 21076.64 3.68
1477780.00 20687.53 4.32
1539598.25 20792.53 3.80
1348058.25 19840.45 4.59
1734162.12 23342.53 3.42
1225297.50 18667.31 5.37
1498910.38 20832.53 4.21
1498910.38 20832.53 4.21
1474754.25 20938.72 3.80
1582294.88 21567.53 3.47
1411319.88 20077.53 4.55
1447136.88 21076.64 3.68
1477780.00 20687.53 4.32
1452123.50 20677.53 4.50
1411319.88 20077.53 4.55
1477780.00 20687.53 4.32
1225297.50 18667.31 5.37
1447136.88 21076.64 3.68
1596838.50 21437.53 3.47
1489289.75 20875.45 3.68
1411319.88 20077.53 4.55
1498910.38 20832.53 4.21
1489289.75 20875.45 3.68
1348058.25 19840.45 4.59
1225297.50 18667.31 5.37
1225331.00 18667.31 5.37
1477780.00 20687.53 4.32
1225331.00 18667.31 5.37
1570351.25 21872.53 3.44
1477780.00 20687.53 4.32
1477780.00 20687.53 4.32
1498910.38 20832.53 4.21
1477780.00 20687.53 4.32
1225297.50 18667.31 5.37
1225297.50 18667.31 5.37
1868649.62 25752.53 3.39
1225297.50 18667.31 5.37
1266990.75 18224.56 5.93
1541879.50 21897.53 3.44
1536224.75 21465.45 3.62
1472726.38 22093.89 3.42
1385324.62 21018.89 3.42
1326250.25 20182.69 3.43
1326250.25 20182.69 3.43
1320579.00 20182.69 3.63
1320579.00 20182.69 3.63
1320579.00 20182.69 3.63
1320579.00 20182.69 3.63
1320579.00 20182.69 3.63
1320579.00 20182.69 3.63
1320579.00 20182.69 3.63
1320579.00 20182.69 3.63
1320579.00 20182.69 3.63
1320579.00 20182.69 3.63
1320579.00 20182.69 3.63
1320579.00 20182.69 3.63
1320579.00 20182.69 3.63
1320579.00 20182.69 3.63
1320579.00 20182.69 3.63
1320579.00 20182.69 3.63
1320579.00 20182.69 3.63
1320579.00 20182.69 3.63
1320579.00 20182.69 3.63
1319321.00 20217.69 3.63
1319321.00 20217.69 3.63
1319321.00 20217.69 3.63
1319321.00 20217.69 3.63
1319321.00 20217.69 3.63
1319321.00 20217.69 3.63
1319321.00 20217.69 3.63
1319321.00 20217.69 3.63
1319321.00 20217.69 3.63
1319321.00 20217.69 3.63
1320579.00 20182.69 3.63
1319321.00 20217.69 3.63
1319321.00 20217.69 3.63
1319321.00 20217.69 3.63
1319321.00 20217.69 3.63
1319321.00 20217.69 3.63
1319321.00 20217.69 3.63
1319321.00 20217.69 3.63
1319321.00 20217.69 3.63
1320579.00 20182.69 3.63
1358633.75 20043.13 3.63
1324291.62 20062.69 3.63
1358633.75 20043.13 3.63
1358633.75 20043.13 3.63
1358633.75 20043.13 3.63
1358633.75 20043.13 3.63
1358633.75 20043.13 3.63
1358633.75 20043.13 3.63
1358633.75 20043.13 3.63
1358633.75 20043.13 3.63
1358633.75 20043.13 3.63
1324291.62 20062.69 3.63
1373966.50 20033.13 3.63
1373966.50 20033.13 3.63
1373966.50 20033.13 3.63
1373966.50 20033.13 3.63
1373966.50 20033.13 3.63
1373966.50 20033.13 3.63
1373966.50 20033.13 3.63
1373966.50 20033.13 3.63
1373966.50 20033.13 3.63
1320579.00 20182.69 3.63
1373966.50 20033.13 3.63
1320579.00 20182.69 3.63
1320579.00 20182.69 3.63
1320579.00 20182.69 3.63
1320579.00 20182.69 3.63
1320579.00 20182.69 3.63
1320579.00 20182.69 3.63
1320579.00 20182.69 3.63
1320579.00 20182.69 3.63
1320579.00 20182.69 3.63
1320579.00 20182.69 3.63
1320579.00 20182.69 3.63
1320579.00 20182.69 3.63
1320579.00 20182.69 3.63
1320579.00 20182.69 3.63
1284102.00 18494.56 6.23
1284102.00 18494.56 6.23
1284102.00 18494.56 6.23
1547143.25 21412.53 3.09
1545098.00 21462.53 3.09
1603170.38 21957.53 2.95
1548385.75 21612.53 3.04
1284102.00 18494.56 6.23
1527896.00 21679.33 3.09
1527896.00 21679.33 3.09
1264474.00 18761.36 6.25
1264474.00 18761.36 6.25
1527896.00 21679.33 3.09
1527896.00 21679.33 3.09
1282439.62 18544.56 6.27
1527896.00 21679.33 3.09
1525692.25 21814.33 3.04
1527896.00 21679.33 3.09
1547143.25 21412.53 3.09
1264474.00 18761.36 6.25
1527896.00 21679.33 3.09
1547143.25 21412.53 3.09
1264474.00 18761.36 6.25
1545098.00 21462.53 3.09
1527896.00 21679.33 3.09
1498358.38 22030.53 3.15
1547143.25 21412.53 3.09
1547143.25 21412.53 3.09
1547143.25 21412.53 3.09
1547143.25 21412.53 3.09
1527896.00 21679.33 3.09
1547143.25 21412.53 3.09
1527896.00 21679.33 3.09
1527896.00 21679.33 3.09
1527896.00 21679.33 3.09
1547143.25 21412.53 3.09
1527896.00 21679.33 3.09
1527896.00 21679.33 3.09
1547143.25 21412.53 3.09
1264474.00 18761.36 6.25
1527896.00 21679.33 3.09
1535052.50 21632.53 3.09
1527896.00 21679.33 3.09
1527896.00 21679.33 3.09
1603170.38 21957.53 2.95
1264474.00 18761.36 6.25
1284102.00 18494.56 6.23
1603170.38 21957.53 2.95
1545098.00 21462.53 3.09
1498358.38 22030.53 3.15
1547143.25 21412.53 3.09
1517328.75 21763.72 3.09
1264474.00 18761.36 6.25
1556051.88 22174.33 2.95
1282120.88 18544.56 6.27
1264474.00 18761.36 6.25
1537065.38 20897.75 2.36
1516392.38 20707.53 2.36
1530155.62 20682.53 2.36
1239493.38 18027.09 2.45
1248064.62 17205.00 6.62
1234769.50 17409.56 6.62
1234769.50 17409.56 6.62
1201421.88 17509.56 6.62
1201421.88 17509.56 6.62
1201421.88 17509.56 6.62
1201421.88 17509.56 6.62
1201421.88 17509.56 6.62
1201421.88 17509.56 6.62
1201421.88 17509.56 6.62
1201421.88 17509.56 6.62
1201421.88 17509.56 6.62
1201421.88 17509.56 6.62
1201421.88 17509.56 6.62
1201421.88 17509.56 6.62
1201421.88 17509.56 6.62
1201421.88 17509.56 6.62
1201421.88 17509.56 6.62
1201421.88 17509.56 6.62
1201421.88 17509.56 6.62
1201421.88 17509.56 6.62
1201421.88 17509.56 6.62
1201421.88 17509.56 6.62
1201291.62 18263.97 6.62
1201291.62 18263.97 6.62
1201291.62 18263.97 6.62
1201291.62 18263.97 6.62
1201421.88 17509.56 6.62
1201421.88 17509.56 6.62
1201421.88 17509.56 6.62
1201421.88 17509.56 6.62
1201421.88 17509.56 6.62
1201421.88 17509.56 6.62
1201421.88 17509.56 6.62
1201421.88 17509.56 6.62
1201421.88 17509.56 6.62
1201421.88 17509.56 6.62
1201421.88 17509.56 6.62
1201421.88 17509.56 6.62
1201421.88 17509.56 6.62
1201421.88 17509.56 6.62
1201421.88 17509.56 6.62
1214538.88 17305.00 6.62
1214538.88 17305.00 6.62
1214538.88 17305.00 6.62
1214538.88 17305.00 6.62
1214538.88 17305.00 6.62
1214538.88 17305.00 6.62
1214538.88 17305.00 6.62
1214538.88 17305.00 6.62
1214538.88 17305.00 6.62
1214538.88 17305.00 6.62
1214538.88 17305.00 6.62
1214538.88 17305.00 6.62
1214538.88 17305.00 6.62
1214538.88 17305.00 6.62
1220292.00 17205.00 6.62
1220292.00 17205.00 6.62
1220292.00 17205.00 6.62
1220292.00 17205.00 6.62
1220292.00 17205.00 6.62
1220292.00 17205.00 6.62
1220292.00 17205.00 6.62
1220292.00 17205.00 6.62
1201421.88 17509.56 6.62
1201421.88 17509.56 6.62
1220292.00 17205.00 6.62
1201421.88 17509.56 6.62
1201421.88 17509.56 6.62
1201421.88 17509.56 6.62
1201421.88 17509.56 6.62
1201421.88 17509.56 6.62
1201421.88 17509.56 6.62
1201421.88 17509.56 6.62
1201421.88 17509.56 6.62
1201421.88 17509.56 6.62
1270543.50 18257.53 2.36
1270543.50 18257.53 2.36
1270543.50 18257.53 2.36
1270543.50 18257.53 2.36
1270543.50 18257.53 2.36
1270543.50 18257.53 2.36
1270543.50 18257.53 2.36
1270543.50 18257.53 2.36
1270543.50 18257.53 2.36
1270543.50 18257.53 2.36
1270543.50 18257.53 2.36
1270543.50 18257.53 2.36
1270543.50 18257.53 2.36
1270543.50 18257.53 2.36
1270543.50 18257.53 2.36
1270543.50 18257.53 2.36
1270543.50 18257.53 2.36
1270543.50 18257.53 2.36
1270543.50 18257.53 2.36
1270543.50 18257.53 2.36
1270543.50 18257.53 2.36
1270543.50 18257.53 2.36
1270543.50 18257.53 2.36
1270543.50 18257.53 2.36
1270543.50 18257.53 2.36
1270543.50 18257.53 2.36
1270543.50 18257.53 2.36
1270543.50 18257.53 2.36
1270543.50 18257.53 2.36
1270543.50 18257.53 2.36
1270543.50 18257.53 2.36
1270543.50 18257.53 2.36
1270543.50 18257.53 2.36
1270543.50 18257.53 2.36
1270543.50 18257.53 2.36
1270543.50 18257.53 2.36
1270543.50 18257.53 2.36
1270543.50 18257.53 2.36
1270543.50 18257.53 2.36
1270543.50 18257.53 2.36
1270543.50 18257.53 2.36
1270543.50 18257.53 2.36
1270543.50 18257.53 2.36
1270543.50 18257.53 2.36
1270543.50 18257.53 2.36
1270543.50 18257.53 2.36
1270543.50 18257.53 2.36
1270543.50 18257.53 2.36
1270543.50 18257.53 2.36
1270543.50 18257.53 2.36
1270543.50 18257.53 2.36
1270543.50 18257.53 2.36
1270543.50 18257.53 2.36
1270543.50 18257.53 2.36
1270543.50 18257.53 2.36
1270543.50 18257.53 2.36
1270543.50 18257.53 2.36
1270543.50 18257.53 2.36
1270543.50 18257.53 2.36
1270543.50 18257.53 2.36
1270543.50 18257.53 2.36
1269541.00 18257.53 2.36
1269541.00 18257.53 2.36
1269541.00 18257.53 2.36
1269541.00 18257.53 2.36
1269541.00 18257.53 2.36
1269541.00 18257.53 2.36
1269541.00 18257.53 2.36
1269541.00 18257.53 2.36
1269541.00 18257.53 2.36
1269541.00 18257.53 2.36
1269541.00 18257.53 2.36
1269541.00 18257.53 2.36
1269541.00 18257.53 2.36
1269541.00 18257.53 2.36
1258799.50 18047.53 2.43
1258799.50 18047.53 2.43
1258799.50 18047.53 2.43
1258799.50 18047.53 2.43
1258799.50 18047.53 2.43
1482795.12 20337.53 2.61
1482795.12 20337.53 2.61
1425057.00 19607.53 2.61
1425057.00 19607.53 2.61
1425057.00 19607.53 2.61
1425057.00 19607.53 2.61
1425057.00 19607.53 2.61
1425057.00 19607.53 2.61
1425057.00 19607.53 2.61
1425057.00 19607.53 2.61
1425057.00 19607.53 2.61
1425057.00 19607.53 2.61
1425057.00 19607.53 2.61
1425057.00 19607.53 2.61
1425057.00 19607.53 2.61
1425057.00 19607.53 2.61
1425057.00 19607.53 2.61
1425057.00 19607.53 2.61
1425057.00 19607.53 2.61
1425057.00 19607.53 2.61
1425057.00 19607.53 2.61
1425057.00 19607.53 2.61
1425057.00 19607.53 2.61
1425057.00 19607.53 2.61
1349323.25 19302.09 2.85
1349323.25 19302.09 2.85
1349323.25 19302.09 2.85
1349323.25 19302.09 2.85
1349323.25 19302.09 2.85
1349323.25 19302.09 2.85
1349323.25 19302.09 2.85
1349323.25 19302.09 2.85
1349323.25 19302.09 2.85
1349323.25 19302.09 2.85
1349323.25 19302.09 2.85
1349323.25 19302.09 2.85
1349323.25 19302.09 2.85
1349323.25 19302.09 2.85
1341625.50 19880.43 2.85
1341625.50 19880.43 2.85
1349323.25 19302.09 2.85
1349323.25 19302.09 2.85
1349323.25 19302.09 2.85
1349323.25 19302.09 2.85
1349323.25 19302.09 2.85
1349323.25 19302.09 2.85
1349323.25 19302.09 2.85
1349323.25 19302.09 2.85
1349323.25 19302.09 2.85
1349323.25 19302.09 2.85
1349323.25 19302.09 2.85
1349323.25 19302.09 2.85
1349323.25 19302.09 2.85
1349323.25 19302.09 2.85
1349323.25 19302.09 2.85
1296322.75 18837.09 3.05
1284589.12 18797.09 3.29
1284589.12 18797.09 3.29
1284589.12 18797.09 3.29
1284589.12 18797.09 3.29
1284589.12 18797.09 3.29
1284589.12 18797.09 3.29
1284589.12 18797.09 3.29
1284589.12 18797.09 3.29
1284589.12 18797.09 3.29
1284589.12 18797.09 3.29
1284589.12 18797.09 3.29
1284589.12 18797.09 3.29
1284589.12 18797.09 3.29
1284589.12 18797.09 3.29
1284589.12 18797.09 3.29
1256113.75 18837.09 3.45
1252698.38 18238.56 6.51
1231961.25 18402.53 6.77
1252556.62 18123.56 6.77
1235337.62 17648.12 7.42
1349323.25 19302.09 2.85
1425057.00 19607.53 2.61
1351901.00 18942.53 2.80
1349323.25 19302.09 2.85
1708221.12 25715.00 5.65
1642135.50 25584.56 5.67
1566999.00 25156.07 5.73
1213906.00 17884.56 5.80
1213775.75 18638.97 5.80
1244651.25 17770.00 5.94
1206945.38 18218.57 5.98
1206945.38 18218.57 5.98
1206945.38 18218.57 5.98
1206945.38 18218.57 5.98
1198297.25 18024.42 6.13
1198297.25 18024.42 6.13
1198297.25 18024.42 6.13
1198297.25 18024.42 6.13
1198297.25 18024.42 6.13
1198297.25 18024.42 6.13
1198297.25 18024.42 6.13
1198297.25 18024.42 6.13
1198297.25 18024.42 6.13
1198297.25 18024.42 6.13
1198297.25 18024.42 6.13
1198297.25 18024.42 6.13
1198297.25 18024.42 6.13
1198297.25 18024.42 6.13
1198297.25 18024.42 6.13
1198297.25 18024.42 6.13
1198297.25 18024.42 6.13
1198297.25 18024.42 6.13
1198297.25 18024.42 6.13
1198297.25 18024.42 6.13
1198297.25 18024.42 6.13
1198297.25 18024.42 6.13
1198297.25 18024.42 6.13
1215241.25 17315.00 6.13
1206546.75 17390.00 6.13
1206546.75 17390.00 6.13
1206546.75 17390.00 6.13
1206546.75 17390.00 6.13
1206546.75 17390.00 6.13
1206546.75 17390.00 6.13
1206546.75 17390.00 6.13
1215241.25 17315.00 6.13
1215241.25 17315.00 6.13
1206546.75 17390.00 6.13
1215241.25 17315.00 6.13
1215241.25 17315.00 6.13
1215241.25 17315.00 6.13
1215241.25 17315.00 6.13
1215387.25 17315.00 6.13
1215387.25 17315.00 6.13
1215387.25 17315.00 6.13
1215387.25 17315.00 6.13
1215387.25 17315.00 6.13
1206546.75 17390.00 6.13
1215387.25 17315.00 6.13
1198297.25 18024.42 6.13
1206546.75 17390.00 6.13
1206546.75 17390.00 6.13
1206546.75 17390.00 6.13
1206546.75 17390.00 6.13
1206546.75 17390.00 6.13
1206546.75 17390.00 6.13
1198297.25 18024.42 6.13
1206546.75 17390.00 6.13
1206546.75 17390.00 6.13
1206546.75 17390.00 6.13
1206546.75 17390.00 6.13
1206546.75 17390.00 6.13
1206546.75 17390.00 6.13
1206546.75 17390.00 6.13
1206546.75 17390.00 6.13
1176512.50 17783.57 6.17
1187283.75 17638.57 6.23
1192463.62 18852.98 5.80
1168257.25 18417.98 6.17
1168257.25 18417.98 6.17
1169784.00 18363.78 5.56
1169784.00 18363.78 5.56
1169784.00 18363.78 5.56
1169784.00 18363.78 5.56
1169784.00 18363.78 5.56
1169784.00 18363.78 5.56
1169784.00 18363.78 5.56
1169784.00 18363.78 5.56
1169784.00 18363.78 5.56
1169784.00 18363.78 5.56
1169784.00 18363.78 5.56
1169784.00 18363.78 5.56
1169784.00 18363.78 5.56
1169784.00 18363.78 5.56
1172002.00 17689.56 5.52
1172002.00 17689.56 5.52
1169784.00 18363.78 5.56
1172002.00 17689.56 5.52
1169784.00 18363.78 5.56
1172002.00 17689.56 5.52
1169784.00 18363.78 5.56
1172002.00 17689.56 5.52
1169784.00 18363.78 5.56
1169784.00 18363.78 5.56
1169784.00 18363.78 5.56
1169784.00 18363.78 5.56
1170683.75 18277.94 5.57
1184234.00 17754.56 5.51
1170683.75 18277.94 5.57
1170683.75 18277.94 5.57
1170683.75 18277.94 5.57
1180266.50 17679.56 5.52
1184234.00 17754.56 5.51
1172002.00 17689.56 5.52
1170683.75 18277.94 5.57
1170683.75 18277.94 5.57
1170683.75 18277.94 5.57
1172002.00 17689.56 5.52
1172002.00 17689.56 5.52
1167542.75 18323.78 5.62
1170683.75 18277.94 5.57
1170683.75 18277.94 5.57
1172002.00 17689.56 5.52
1172002.00 17689.56 5.52
1172002.00 17689.56 5.52
1170683.75 18277.94 5.57
1172002.00 17689.56 5.52
1184234.00 17754.56 5.51
1167542.75 18323.78 5.62
1172002.00 17689.56 5.52
1170683.75 18277.94 5.57
1170683.75 18277.94 5.57
1172002.00 17689.56 5.52
1170683.75 18277.94 5.57
1172002.00 17689.56 5.52
1184234.00 17754.56 5.51
1170683.75 18277.94 5.57
1172002.00 17689.56 5.52
1170683.75 18277.94 5.57
1172002.00 17689.56 5.52
1172002.00 17689.56 5.52
1167542.75 18323.78 5.62
1172002.00 17689.56 5.52
1172002.00 17689.56 5.52
1172002.00 17689.56 5.52
1167542.75 18323.78 5.62