1012135.06 14788.14 1.07
1012135.06 14788.14 1.07
1012135.06 14788.14 1.07
1012135.06 14788.14 1.07
1012135.06 14788.14 1.07
1012135.06 14788.14 1.07
1012135.06 14788.14 1.07
1012135.06 14788.14 1.07
1012135.06 14788.14 1.07
1012135.06 14788.14 1.07
1012135.06 14788.14 1.07
1012135.06 14788.14 1.07
1012135.06 14788.14 1.07
1012135.06 14788.14 1.07
1012135.06 14788.14 1.07
1012135.06 14788.14 1.07
1012135.06 14788.14 1.07
1012135.06 14788.14 1.07
1012135.06 14788.14 1.07
1012135.06 14788.14 1.07
1012135.06 14788.14 1.07
1012135.06 14788.14 1.07
1012135.06 14788.14 1.07
1012135.06 14788.14 1.07
1012135.06 14788.14 1.07
1012135.06 14788.14 1.07
1012135.06 14788.14 1.07
1012135.06 14788.14 1.07
1012135.06 14788.14 1.07
1012135.06 14788.14 1.07
1012135.06 14788.14 1.07
1012135.06 14788.14 1.07
1012135.06 14788.14 1.07
1012135.06 14788.14 1.07
1012135.06 14788.14 1.07
1012135.06 14788.14 1.07
1012135.06 14788.14 1.07
1012135.06 14788.14 1.07
1012135.06 14788.14 1.07
1012135.06 14788.14 1.07
1012135.06 14788.14 1.07
1012135.06 14788.14 1.07
1012135.06 14788.14 1.07
1012135.06 14788.14 1.07
1012135.06 14788.14 1.07
1012135.06 14788.14 1.07
1012135.06 14788.14 1.07
1012135.06 14788.14 1.07
1012135.06 14788.14 1.07
1012135.06 14788.14 1.07
1012135.06 14788.14 1.07
1012135.06 14788.14 1.07
1012135.06 14788.14 1.07
1012135.06 14788.14 1.07
1012135.06 14788.14 1.07
1012135.06 14788.14 1.07
1012135.06 14788.14 1.07
1012135.06 14788.14 1.07
1012135.06 14788.14 1.07
1012135.06 14788.14 1.07
1012135.06 14788.14 1.07
1012135.06 14788.14 1.07
1012135.06 14788.14 1.07
1012135.06 14788.14 1.07
1012135.06 14788.14 1.07
1012135.06 14788.14 1.07
1012135.06 14788.14 1.07
1012135.06 14788.14 1.07
1012135.06 14788.14 1.07
1012135.06 14788.14 1.07
1012135.06 14788.14 1.07
1012135.06 14788.14 1.07
1012135.06 14788.14 1.07
1012135.06 14788.14 1.07
1012135.06 14788.14 1.07
1012135.06 14788.14 1.07
1012135.06 14788.14 1.07
1012135.06 14788.14 1.07
1012135.06 14788.14 1.07
1012135.06 14788.14 1.07
941043.38 14063.14 1.07
941043.38 14063.14 1.07
941043.38 14063.14 1.07
941043.38 14063.14 1.07
941043.38 14063.14 1.07
941043.38 14063.14 1.07
941043.38 14063.14 1.07
941043.38 14063.14 1.07
941043.38 14063.14 1.07
941043.38 14063.14 1.07
941043.38 14063.14 1.07
941043.38 14063.14 1.07
941043.38 14063.14 1.07
941043.38 14063.14 1.07
941043.38 14063.14 1.07
941043.38 14063.14 1.07
941043.38 14063.14 1.07
941043.38 14063.14 1.07
941043.38 14063.14 1.07
932119.12 14193.14 1.07
941043.38 14063.14 1.07
941043.38 14063.14 1.07
941043.38 14063.14 1.07
941043.38 14063.14 1.07
941043.38 14063.14 1.07
941043.38 14063.14 1.07
941043.38 14063.14 1.07
932119.12 14193.14 1.07
941043.38 14063.14 1.07
941043.38 14063.14 1.07
941043.38 14063.14 1.07
941043.38 14063.14 1.07
941043.38 14063.14 1.07
941043.38 14063.14 1.07
941043.38 14063.14 1.07
941043.38 14063.14 1.07
932119.12 14193.14 1.07
902756.06 13864.68 1.19
902756.06 13864.68 1.19
902756.06 13864.68 1.19
902756.06 13864.68 1.19
902756.06 13864.68 1.19
902756.06 13864.68 1.19
902756.06 13864.68 1.19
902756.06 13864.68 1.19
902756.06 13864.68 1.19
902756.06 13864.68 1.19
902756.06 13864.68 1.19
902756.06 13864.68 1.19
902756.06 13864.68 1.19
881581.75 14056.93 1.29
881581.75 14056.93 1.29
881581.75 14056.93 1.29
881581.75 14056.93 1.29
881581.75 14056.93 1.29
881581.75 14056.93 1.29
881581.75 14056.93 1.29
881581.75 14056.93 1.29
881581.75 14056.93 1.29
881581.75 14056.93 1.29
881581.75 14056.93 1.29
881581.75 14056.93 1.29
881581.75 14056.93 1.29
881581.75 14056.93 1.29
881581.75 14056.93 1.29
881581.75 14056.93 1.29
881581.75 14056.93 1.29
881581.75 14056.93 1.29
881581.75 14056.93 1.29
881581.75 14056.93 1.29
881581.75 14056.93 1.29
881581.75 14056.93 1.29
881581.75 14056.93 1.29
881581.75 14056.93 1.29
881581.75 14056.93 1.29
881581.75 14056.93 1.29
881581.75 14056.93 1.29
881581.75 14056.93 1.29
881581.75 14056.93 1.29
881581.75 14056.93 1.29
923314.38 14342.54 0.98
923314.38 14342.54 0.98
923314.38 14342.54 0.98
923314.38 14342.54 0.98
923314.38 14342.54 0.98
923314.38 14342.54 0.98
923314.38 14342.54 0.98
923314.38 14342.54 0.98
923314.38 14342.54 0.98
923314.38 14342.54 0.98
923314.38 14342.54 0.98
923314.38 14342.54 0.98
923314.38 14342.54 0.98
923314.38 14342.54 0.98
923314.38 14342.54 0.98
923314.38 14342.54 0.98
923314.38 14342.54 0.98
923314.38 14342.54 0.98
923314.38 14342.54 0.98
923314.38 14342.54 0.98
923314.38 14342.54 0.98
923314.38 14342.54 0.98
923314.38 14342.54 0.98
923314.38 14342.54 0.98
923314.38 14342.54 0.98
923314.38 14342.54 0.98
923314.38 14342.54 0.98
923314.38 14342.54 0.98
923314.38 14342.54 0.98
923314.38 14342.54 0.98
923314.38 14342.54 0.98
923314.38 14342.54 0.98
923314.38 14342.54 0.98
923314.38 14342.54 0.98
923314.38 14342.54 0.98
923314.38 14342.54 0.98
923314.38 14342.54 0.98
923314.38 14342.54 0.98
923314.38 14342.54 0.98
923314.38 14342.54 0.98
923314.38 14342.54 0.98
923314.38 14342.54 0.98
934495.19 14037.54 0.98
934495.19 14037.54 0.98
934495.19 14037.54 0.98
934495.19 14037.54 0.98
934495.19 14037.54 0.98
934495.19 14037.54 0.98
934495.19 14037.54 0.98
934495.19 14037.54 0.98
934495.19 14037.54 0.98
934495.19 14037.54 0.98
934495.19 14037.54 0.98
930981.12 14242.54 0.98
934495.19 14037.54 0.98
934495.19 14037.54 0.98
934495.19 14037.54 0.98
934495.19 14037.54 0.98
934495.19 14037.54 0.98
934495.19 14037.54 0.98
934495.19 14037.54 0.98
934495.19 14037.54 0.98
934495.19 14037.54 0.98
923314.38 14342.54 0.98
923314.38 14342.54 0.98
923314.38 14342.54 0.98
923314.38 14342.54 0.98
923314.38 14342.54 0.98
923314.38 14342.54 0.98
923314.38 14342.54 0.98
923314.38 14342.54 0.98
923314.38 14342.54 0.98
923314.38 14342.54 0.98
923314.38 14342.54 0.98
923314.38 14342.54 0.98
923314.38 14342.54 0.98
923314.38 14342.54 0.98
923314.38 14342.54 0.98
923314.38 14342.54 0.98
923314.38 14342.54 0.98
1016643.00 15317.54 0.98
1016643.00 15317.54 0.98
1016643.00 15317.54 0.98
1016643.00 15317.54 0.98
1016643.00 15317.54 0.98
1016643.00 15317.54 0.98
1016643.00 15317.54 0.98
1016643.00 15317.54 0.98
1016643.00 15317.54 0.98
1016643.00 15317.54 0.98
1016643.00 15317.54 0.98
1016643.00 15317.54 0.98
1016643.00 15317.54 0.98
1016643.00 15317.54 0.98
1016643.00 15317.54 0.98
1016643.00 15317.54 0.98
1016643.00 15317.54 0.98
1016643.00 15317.54 0.98
1016643.00 15317.54 0.98
1016643.00 15317.54 0.98
1016643.00 15317.54 0.98
1016643.00 15317.54 0.98
1016643.00 15317.54 0.98
1016643.00 15317.54 0.98
1016643.00 15317.54 0.98
1016643.00 15317.54 0.98
1016643.00 15317.54 0.98
1016643.00 15317.54 0.98
1016643.00 15317.54 0.98
1016643.00 15317.54 0.98
1016643.00 15317.54 0.98
1016643.00 15317.54 0.98
1016643.00 15317.54 0.98
1016643.00 15317.54 0.98
1016643.00 15317.54 0.98
1016643.00 15317.54 0.98
1016643.00 15317.54 0.98
1016643.00 15317.54 0.98
1016643.00 15317.54 0.98
1016643.00 15317.54 0.98
1016643.00 15317.54 0.98
1016643.00 15317.54 0.98
1016643.00 15317.54 0.98
1016643.00 15317.54 0.98
1016643.00 15317.54 0.98
1016643.00 15317.54 0.98
1016643.00 15317.54 0.98
1016643.00 15317.54 0.98
1016643.00 15317.54 0.98
1016643.00 15317.54 0.98
1016643.00 15317.54 0.98
1016643.00 15317.54 0.98
1016643.00 15317.54 0.98
1016643.00 15317.54 0.98
1016643.00 15317.54 0.98
1016643.00 15317.54 0.98
1016643.00 15317.54 0.98
1016643.00 15317.54 0.98
1016643.00 15317.54 0.98
1016643.00 15317.54 0.98
1016643.00 15317.54 0.98
1016643.00 15317.54 0.98
1011044.19 15542.94 1.23
1011044.19 15542.94 1.23
1011044.19 15542.94 1.23
1011044.19 15542.94 1.23
1011044.19 15542.94 1.23
1011044.19 15542.94 1.23
1011044.19 15542.94 1.23
1011044.19 15542.94 1.23
1011044.19 15542.94 1.23
1011044.19 15542.94 1.23
1011044.19 15542.94 1.23
1011044.19 15542.94 1.23
1011044.19 15542.94 1.23
1011044.19 15542.94 1.23
1011044.19 15542.94 1.23
1011044.19 15542.94 1.23
1011044.19 15542.94 1.23
1011044.19 15542.94 1.23
930981.12 14242.54 0.98
930981.12 14242.54 0.98
930981.12 14242.54 0.98
930981.12 14242.54 0.98
930981.12 14242.54 0.98
930981.12 14242.54 0.98
930981.12 14242.54 0.98
930981.12 14242.54 0.98
930981.12 14242.54 0.98
930981.12 14242.54 0.98
930981.12 14242.54 0.98
930981.12 14242.54 0.98
930981.12 14242.54 0.98
930981.12 14242.54 0.98
930981.12 14242.54 0.98
930981.12 14242.54 0.98
930981.12 14242.54 0.98
930981.12 14242.54 0.98
930981.12 14242.54 0.98
930981.12 14242.54 0.98
930981.12 14242.54 0.98
930981.12 14242.54 0.98
930981.12 14242.54 0.98
930981.12 14242.54 0.98
930981.12 14242.54 0.98
930981.12 14242.54 0.98
930981.12 14242.54 0.98
934495.19 14037.54 0.98
930981.12 14242.54 0.98
930981.12 14242.54 0.98
930981.12 14242.54 0.98
930981.12 14242.54 0.98
930981.12 14242.54 0.98
930981.12 14242.54 0.98
930981.12 14242.54 0.98
930981.12 14242.54 0.98
930981.12 14242.54 0.98
930981.12 14242.54 0.98
930981.12 14242.54 0.98
930981.12 14242.54 0.98
930981.12 14242.54 0.98
930981.12 14242.54 0.98
930981.12 14242.54 0.98
930981.12 14242.54 0.98
930981.12 14242.54 0.98
930981.12 14242.54 0.98
930981.12 14242.54 0.98
930981.12 14242.54 0.98
930981.12 14242.54 0.98
930981.12 14242.54 0.98
930981.12 14242.54 0.98
930981.12 14242.54 0.98
930981.12 14242.54 0.98
930981.12 14242.54 0.98
930981.12 14242.54 0.98
930981.12 14242.54 0.98
930981.12 14242.54 0.98
930981.12 14242.54 0.98
930981.12 14242.54 0.98
930981.12 14242.54 0.98
930981.12 14242.54 0.98
930981.12 14242.54 0.98
930981.12 14242.54 0.98
930981.12 14242.54 0.98
930981.12 14242.54 0.98
930981.12 14242.54 0.98
930981.12 14242.54 0.98
930981.12 14242.54 0.98
930981.12 14242.54 0.98
927548.19 14463.51 1.15
927548.19 14463.51 1.15
927548.19 14463.51 1.15
927548.19 14463.51 1.15
927548.19 14463.51 1.15
927548.19 14463.51 1.15
927548.19 14463.51 1.15
927548.19 14463.51 1.15
927548.19 14463.51 1.15
919132.00 14377.94 1.23
919132.00 14377.94 1.23
923314.38 14342.54 0.98
923314.38 14342.54 0.98
923314.38 14342.54 0.98
923314.38 14342.54 0.98
923314.38 14342.54 0.98
923314.38 14342.54 0.98
923314.38 14342.54 0.98
923314.38 14342.54 0.98
923314.38 14342.54 0.98
923314.38 14342.54 0.98
923314.38 14342.54 0.98
923314.38 14342.54 0.98
923314.38 14342.54 0.98
923314.38 14342.54 0.98
923314.38 14342.54 0.98
923314.38 14342.54 0.98
923314.38 14342.54 0.98
923314.38 14342.54 0.98
923314.38 14342.54 0.98
923314.38 14342.54 0.98
923314.38 14342.54 0.98
923314.38 14342.54 0.98
923314.38 14342.54 0.98
923314.38 14342.54 0.98
923314.38 14342.54 0.98
923314.38 14342.54 0.98
923314.38 14342.54 0.98
923314.38 14342.54 0.98
923314.38 14342.54 0.98
923314.38 14342.54 0.98
923314.38 14342.54 0.98
923314.38 14342.54 0.98
923314.38 14342.54 0.98
923314.38 14342.54 0.98
923314.38 14342.54 0.98
923314.38 14342.54 0.98
923314.38 14342.54 0.98
923314.38 14342.54 0.98
923314.38 14342.54 0.98
923314.38 14342.54 0.98
923314.38 14342.54 0.98
934495.19 14037.54 0.98
934495.19 14037.54 0.98
934495.19 14037.54 0.98
934495.19 14037.54 0.98
934495.19 14037.54 0.98
934495.19 14037.54 0.98
934495.19 14037.54 0.98
934495.19 14037.54 0.98
934495.19 14037.54 0.98
934495.19 14037.54 0.98
934495.19 14037.54 0.98
930981.12 14242.54 0.98
934495.19 14037.54 0.98
934495.19 14037.54 0.98
934495.19 14037.54 0.98
934495.19 14037.54 0.98
934495.19 14037.54 0.98
934495.19 14037.54 0.98
934495.19 14037.54 0.98
934495.19 14037.54 0.98
934495.19 14037.54 0.98
923314.38 14342.54 0.98
923314.38 14342.54 0.98
923314.38 14342.54 0.98
923314.38 14342.54 0.98
923314.38 14342.54 0.98
923314.38 14342.54 0.98
923314.38 14342.54 0.98
923314.38 14342.54 0.98
923314.38 14342.54 0.98
923314.38 14342.54 0.98
923314.38 14342.54 0.98
923314.38 14342.54 0.98
923314.38 14342.54 0.98
923314.38 14342.54 0.98
923314.38 14342.54 0.98
923314.38 14342.54 0.98
923314.38 14342.54 0.98
923314.38 14342.54 0.98
1007359.12 15073.14 1.07
1007359.12 15073.14 1.07
983461.56 15014.68 1.19
983461.56 15014.68 1.19
983461.56 15014.68 1.19
936778.06 14716.93 1.29
936778.06 14716.93 1.29
936778.06 14716.93 1.29
936778.06 14716.93 1.29
936778.06 14716.93 1.29
936778.06 14716.93 1.29
936778.06 14716.93 1.29
936778.06 14716.93 1.29
936778.06 14716.93 1.29
936778.06 14716.93 1.29
936778.06 14716.93 1.29
936778.06 14716.93 1.29
936778.06 14716.93 1.29
936778.06 14716.93 1.29
936778.06 14716.93 1.29
936778.06 14716.93 1.29
936778.06 14716.93 1.29
936778.06 14716.93 1.29
936778.06 14716.93 1.29
936778.06 14716.93 1.29
936778.06 14716.93 1.29
936778.06 14716.93 1.29
936778.06 14716.93 1.29
936778.06 14716.93 1.29
936778.06 14716.93 1.29
936778.06 14716.93 1.29
936778.06 14716.93 1.29
936778.06 14716.93 1.29
936778.06 14716.93 1.29
936778.06 14716.93 1.29
936778.06 14716.93 1.29
936778.06 14716.93 1.29
936778.06 14716.93 1.29
936778.06 14716.93 1.29
936778.06 14716.93 1.29
936778.06 14716.93 1.29
936778.06 14716.93 1.29
936778.06 14716.93 1.29
936778.06 14716.93 1.29
936778.06 14716.93 1.29
936778.06 14716.93 1.29
936778.06 14716.93 1.29
936778.06 14716.93 1.29
936778.06 14716.93 1.29
936778.06 14716.93 1.29
936778.06 14716.93 1.29
936778.06 14716.93 1.29
936778.06 14716.93 1.29
936778.06 14716.93 1.29
936778.06 14716.93 1.29
936778.06 14716.93 1.29
936778.06 14716.93 1.29
936778.06 14716.93 1.29
936778.06 14716.93 1.29
936778.06 14716.93 1.29
936778.06 14716.93 1.29
936778.06 14716.93 1.29
936778.06 14716.93 1.29
936778.06 14716.93 1.29
936778.06 14716.93 1.29
936778.06 14716.93 1.29
936778.06 14716.93 1.29
936778.06 14716.93 1.29
936778.06 14716.93 1.29
936778.06 14716.93 1.29
936778.06 14716.93 1.29
936778.06 14716.93 1.29
936778.06 14716.93 1.29
936778.06 14716.93 1.29
936778.06 14716.93 1.29
936778.06 14716.93 1.29
936778.06 14716.93 1.29
936778.06 14716.93 1.29
936778.06 14716.93 1.29
936778.06 14716.93 1.29
1054116.88 15389.01 1.83
1054116.88 15389.01 1.83
1054116.88 15389.01 1.83
1054116.88 15389.01 1.83
1054116.88 15389.01 1.83
1054116.88 15389.01 1.83
1054116.88 15389.01 1.83
1054116.88 15389.01 1.83
1054116.88 15389.01 1.83
1054116.88 15389.01 1.83
1054116.88 15389.01 1.83
1054116.88 15389.01 1.83
1054116.88 15389.01 1.83
1054116.88 15389.01 1.83
1054116.88 15389.01 1.83
1054116.88 15389.01 1.83
1054116.88 15389.01 1.83
1054116.88 15389.01 1.83
1054116.88 15389.01 1.83
1054116.88 15389.01 1.83
1054116.88 15389.01 1.83
1054116.88 15389.01 1.83
1054116.88 15389.01 1.83
1054116.88 15389.01 1.83
1054116.88 15389.01 1.83
1054116.88 15389.01 1.83
1054116.88 15389.01 1.83
1054116.88 15389.01 1.83
1054116.88 15389.01 1.83
1054116.88 15389.01 1.83
1054116.88 15389.01 1.83
1054116.88 15389.01 1.83
1054116.88 15389.01 1.83
1054116.88 15389.01 1.83
1054116.88 15389.01 1.83
1054116.88 15389.01 1.83
1054116.88 15389.01 1.83
1054116.88 15389.01 1.83
1054116.88 15389.01 1.83
1054116.88 15389.01 1.83
1054116.88 15389.01 1.83
1054116.88 15389.01 1.83
1054116.88 15389.01 1.83
1054116.88 15389.01 1.83
1054116.88 15389.01 1.83
1054116.88 15389.01 1.83
1054116.88 15389.01 1.83
1054116.88 15389.01 1.83
1054116.88 15389.01 1.83
1054116.88 15389.01 1.83
1054116.88 15389.01 1.83
1054116.88 15389.01 1.83
1054116.88 15389.01 1.83
1054116.88 15389.01 1.83
1054116.88 15389.01 1.83
1054116.88 15389.01 1.83
1054116.88 15389.01 1.83
1054116.88 15389.01 1.83
1054116.88 15389.01 1.83
1054116.88 15389.01 1.83
1054116.88 15389.01 1.83
1054116.88 15389.01 1.83
1054116.88 15389.01 1.83
1054116.88 15389.01 1.83
1054116.88 15389.01 1.83
1054116.88 15389.01 1.83
1054116.88 15389.01 1.83
1054116.88 15389.01 1.83
1054116.88 15389.01 1.83
1054116.88 15389.01 1.83
1054116.88 15389.01 1.83
1054116.88 15389.01 1.83
1054116.88 15389.01 1.83
1054116.88 15389.01 1.83
1054116.88 15389.01 1.83
1054116.88 15389.01 1.83
1054116.88 15389.01 1.83
1054116.88 15389.01 1.83
1054116.88 15389.01 1.83
1054116.88 15389.01 1.83
930981.12 14242.54 0.98
930981.12 14242.54 0.98
930981.12 14242.54 0.98
930981.12 14242.54 0.98
930981.12 14242.54 0.98
930981.12 14242.54 0.98
930981.12 14242.54 0.98
930981.12 14242.54 0.98
930981.12 14242.54 0.98
930981.12 14242.54 0.98
930981.12 14242.54 0.98
930981.12 14242.54 0.98
930981.12 14242.54 0.98
930981.12 14242.54 0.98
930981.12 14242.54 0.98
930981.12 14242.54 0.98
930981.12 14242.54 0.98
930981.12 14242.54 0.98
930981.12 14242.54 0.98
930981.12 14242.54 0.98
930981.12 14242.54 0.98
930981.12 14242.54 0.98
930981.12 14242.54 0.98
930981.12 14242.54 0.98
930981.12 14242.54 0.98
930981.12 14242.54 0.98
930981.12 14242.54 0.98
930981.12 14242.54 0.98
923314.38 14342.54 0.98
930981.12 14242.54 0.98
930981.12 14242.54 0.98
930981.12 14242.54 0.98
930981.12 14242.54 0.98
930981.12 14242.54 0.98
930981.12 14242.54 0.98
930981.12 14242.54 0.98
930981.12 14242.54 0.98
930981.12 14242.54 0.98
930981.12 14242.54 0.98
930981.12 14242.54 0.98
930981.12 14242.54 0.98
930981.12 14242.54 0.98
934495.19 14037.54 0.98
934495.19 14037.54 0.98
890910.75 14221.10 1.23
890910.75 14221.10 1.23
881581.75 14056.93 1.29
881581.75 14056.93 1.29
881581.75 14056.93 1.29
881581.75 14056.93 1.29
881581.75 14056.93 1.29
881581.75 14056.93 1.29
881581.75 14056.93 1.29
881581.75 14056.93 1.29
881581.75 14056.93 1.29
881581.75 14056.93 1.29
881581.75 14056.93 1.29
881581.75 14056.93 1.29
881581.75 14056.93 1.29
881581.75 14056.93 1.29
881581.75 14056.93 1.29
881581.75 14056.93 1.29
881581.75 14056.93 1.29
881581.75 14056.93 1.29
881581.75 14056.93 1.29
881581.75 14056.93 1.29
881581.75 14056.93 1.29
881581.75 14056.93 1.29
881581.75 14056.93 1.29
881581.75 14056.93 1.29
881581.75 14056.93 1.29
881581.75 14056.93 1.29
881581.75 14056.93 1.29
881581.75 14056.93 1.29
881581.75 14056.93 1.29
881581.75 14056.93 1.29
881581.75 14056.93 1.29
881581.75 14056.93 1.29
881581.75 14056.93 1.29
881581.75 14056.93 1.29
930981.12 14242.54 0.98
930981.12 14242.54 0.98
930981.12 14242.54 0.98
930981.12 14242.54 0.98
930981.12 14242.54 0.98
930981.12 14242.54 0.98
930981.12 14242.54 0.98
930981.12 14242.54 0.98
930981.12 14242.54 0.98
930981.12 14242.54 0.98
930981.12 14242.54 0.98
930981.12 14242.54 0.98
930981.12 14242.54 0.98
930981.12 14242.54 0.98
930981.12 14242.54 0.98
930981.12 14242.54 0.98
930981.12 14242.54 0.98
930981.12 14242.54 0.98
930981.12 14242.54 0.98
930981.12 14242.54 0.98
930981.12 14242.54 0.98
930981.12 14242.54 0.98
930981.12 14242.54 0.98
930981.12 14242.54 0.98
930981.12 14242.54 0.98
930981.12 14242.54 0.98
930981.12 14242.54 0.98
930981.12 14242.54 0.98
930981.12 14242.54 0.98
930981.12 14242.54 0.98
930981.12 14242.54 0.98
930981.12 14242.54 0.98
930981.12 14242.54 0.98
930981.12 14242.54 0.98
927548.19 14463.51 1.15
927548.19 14463.51 1.15
927548.19 14463.51 1.15
927548.19 14463.51 1.15
927548.19 14463.51 1.15
927548.19 14463.51 1.15
919132.00 14377.94 1.23
919132.00 14377.94 1.23
890910.75 14221.10 1.23
890910.75 14221.10 1.23
881581.75 14056.93 1.29
881581.75 14056.93 1.29
881581.75 14056.93 1.29
881581.75 14056.93 1.29
881581.75 14056.93 1.29
881581.75 14056.93 1.29
881581.75 14056.93 1.29
881581.75 14056.93 1.29
881581.75 14056.93 1.29
881581.75 14056.93 1.29
881581.75 14056.93 1.29
881581.75 14056.93 1.29
881581.75 14056.93 1.29
881581.75 14056.93 1.29
881581.75 14056.93 1.29
881581.75 14056.93 1.29
881581.75 14056.93 1.29
881581.75 14056.93 1.29
881581.75 14056.93 1.29
881581.75 14056.93 1.29
881581.75 14056.93 1.29
881581.75 14056.93 1.29
881581.75 14056.93 1.29
881581.75 14056.93 1.29
881581.75 14056.93 1.29
881581.75 14056.93 1.29
881581.75 14056.93 1.29
881581.75 14056.93 1.29
881581.75 14056.93 1.29
881581.75 14056.93 1.29
881581.75 14056.93 1.29
881581.75 14056.93 1.29
881581.75 14056.93 1.29
881581.75 14056.93 1.29
881581.75 14056.93 1.29
881581.75 14056.93 1.29
906894.12 14404.65 8.07
974649.62 14622.54 0.98
906894.12 14404.65 8.07
919271.38 14516.07 1.26
971816.94 15127.54 0.98
959495.69 14145.86 1.30
929817.62 14354.49 1.95
925193.94 13569.97 8.02
959495.69 14145.86 1.30
916546.56 14249.17 7.78
959369.38 13544.24 7.86
928238.19 14416.53 7.78
902739.75 14594.39 1.57
985410.06 14142.54 0.98
985410.06 14142.54 0.98
916546.56 14249.17 7.78
929817.62 14354.49 1.95
916546.56 14240.32 7.79
946235.88 14304.35 1.60
916546.56 14504.13 2.24
902739.75 14594.39 1.57
916546.56 14504.13 2.24
916546.56 14504.13 2.24
959495.69 14145.86 1.30
959495.69 14145.86 1.30
889064.06 14726.14 1.88
916546.56 14240.32 7.79
929817.62 14354.49 1.95
959495.69 14145.86 1.30
912507.19 14571.62 7.73
911050.31 14231.12 8.09
951832.50 13590.80 7.77
959495.69 14145.86 1.30
929691.31 13744.02 7.66
916546.56 14240.32 7.79
916546.56 14240.32 7.79
929817.62 14354.49 1.95
929817.62 14354.49 1.95
912507.19 14571.62 7.73
929273.31 13283.31 7.93
1110560.25 15633.14 1.07
1109769.88 15809.68 1.19
1065886.50 15018.65 1.22
1065886.50 15018.65 1.22
1040071.38 14820.20 1.34
1029933.75 15209.07 1.68
1024777.06 15616.15 2.22
1008810.12 15572.70 2.33
1011204.94 14997.90 2.57
1012424.69 14987.90 2.57
1007322.38 15327.90 2.65
1007322.38 15327.90 2.65
1007322.38 15327.90 2.65
1007322.38 15327.90 2.65
1007322.38 15327.90 2.65
1007322.38 15327.90 2.65
1007322.38 15327.90 2.65
1007322.38 15327.90 2.65
1007322.38 15327.90 2.65
1007322.38 15327.90 2.65
1007322.38 15327.90 2.65
1007322.38 15327.90 2.65
1007322.38 15327.90 2.65
1007322.38 15327.90 2.65
1007322.38 15327.90 2.65
1007322.38 15327.90 2.65
1007322.38 15327.90 2.65
1007322.38 15327.90 2.65
1007322.38 15327.90 2.65
1007322.38 15327.90 2.65
1007322.38 15327.90 2.65
1007322.38 15327.90 2.65
1007322.38 15327.90 2.65
1007322.38 15327.90 2.65
1007322.38 15327.90 2.65
1007322.38 15327.90 2.65
1007322.38 15327.90 2.65
1007322.38 15327.90 2.65
1007322.38 15327.90 2.65
1007322.38 15327.90 2.65
1007322.38 15327.90 2.65
1007322.38 15327.90 2.65
1007322.38 15327.90 2.65
1007322.38 15327.90 2.65
1008568.38 15317.90 2.65
1008568.38 15317.90 2.65
1008568.38 15317.90 2.65
1008568.38 15317.90 2.65
1008568.38 15317.90 2.65
1008568.38 15317.90 2.65
1008568.38 15317.90 2.65
1008568.38 15317.90 2.65
1008568.38 15317.90 2.65
1008568.38 15317.90 2.65
1007322.38 15327.90 2.65
1008568.38 15317.90 2.65
1008568.38 15317.90 2.65
1008568.38 15317.90 2.65
1008568.38 15317.90 2.65
1008568.38 15317.90 2.65
1008568.38 15317.90 2.65
1008568.38 15317.90 2.65
1008568.38 15317.90 2.65
1008568.38 15317.90 2.65
1007322.38 15327.90 2.65
1007322.38 15327.90 2.65
1007322.38 15327.90 2.65
1007322.38 15327.90 2.65
1007322.38 15327.90 2.65
1007322.38 15327.90 2.65
1007322.38 15327.90 2.65
1007322.38 15327.90 2.65
1008568.38 15317.90 2.65
1008568.38 15317.90 2.65
1008568.38 15317.90 2.65
1008568.38 15317.90 2.65
1008568.38 15317.90 2.65
1008568.38 15317.90 2.65
1008568.38 15317.90 2.65
1007322.38 15327.90 2.65
1053670.50 15157.54 0.98
1053670.50 15157.54 0.98
1053670.50 15157.54 0.98
1053670.50 15157.54 0.98
1053670.50 15157.54 0.98
995525.75 15182.54 0.98
978747.62 15303.32 1.29
978747.62 15303.32 1.29
978747.62 15303.32 1.29
978747.62 15303.32 1.29
978747.62 15303.32 1.29
978747.62 15303.32 1.29
978747.62 15303.32 1.29
978747.62 15303.32 1.29
978747.62 15303.32 1.29
978747.62 15303.32 1.29
978747.62 15303.32 1.29
978747.62 15303.32 1.29
978747.62 15303.32 1.29
978747.62 15303.32 1.29
978747.62 15303.32 1.29
978747.62 15303.32 1.29
978747.62 15303.32 1.29
978747.62 15303.32 1.29
978747.62 15303.32 1.29
978747.62 15303.32 1.29
978747.62 15303.32 1.29
978747.62 15303.32 1.29
978747.62 15303.32 1.29
978747.62 15303.32 1.29
978747.62 15303.32 1.29
978747.62 15303.32 1.29
978747.62 15303.32 1.29
978747.62 15303.32 1.29
977219.69 15260.86 1.30
977219.69 15260.86 1.30
977219.69 15260.86 1.30
977219.69 15260.86 1.30
977219.69 15260.86 1.30
974790.50 15476.85 1.57
974790.50 15476.85 1.57
974790.50 15476.85 1.57
974790.50 15476.85 1.57
974790.50 15476.85 1.57
974790.50 15476.85 1.57
974790.50 15476.85 1.57
974790.50 15476.85 1.57
974790.50 15476.85 1.57
974790.50 15476.85 1.57
973260.50 15434.39 1.57
965077.56 15435.08 1.61
965077.56 15435.08 1.61
965077.56 15435.08 1.61
965077.56 15435.08 1.61
965077.56 15435.08 1.61
965077.56 15435.08 1.61
965077.56 15435.08 1.61
963558.88 15392.62 1.61
963558.88 15392.62 1.61
963558.88 15392.62 1.61
963470.31 15537.19 1.64
963470.31 15537.19 1.64
963470.31 15537.19 1.64
963470.31 15537.19 1.64
963470.31 15537.19 1.64
963470.31 15537.19 1.64
963470.31 15537.19 1.64
963470.31 15537.19 1.64
963470.31 15537.19 1.64
963470.31 15537.19 1.64
963470.31 15537.19 1.64
963470.31 15537.19 1.64
963470.31 15537.19 1.64
963470.31 15537.19 1.64
963470.31 15537.19 1.64
963470.31 15537.19 1.64
963470.31 15537.19 1.64
963470.31 15537.19 1.64
963470.31 15537.19 1.64
963470.31 15537.19 1.64
1065381.38 15682.54 0.98
1065381.38 15682.54 0.98
1065381.38 15682.54 0.98
1065381.38 15682.54 0.98
1065381.38 15682.54 0.98
1065381.38 15682.54 0.98
1065381.38 15682.54 0.98
1065381.38 15682.54 0.98
1065381.38 15682.54 0.98
1059839.00 15907.94 1.23
1059839.00 15907.94 1.23
1059839.00 15907.94 1.23
1044519.44 15728.32 1.29
1044519.44 15728.32 1.29
1044519.44 15728.32 1.29
1044519.44 15728.32 1.29
1044519.44 15728.32 1.29
1044519.44 15728.32 1.29
1044519.44 15728.32 1.29
1044519.44 15728.32 1.29
1044519.44 15728.32 1.29
1044519.44 15728.32 1.29
1044519.44 15728.32 1.29
1044519.44 15728.32 1.29
1044519.44 15728.32 1.29
1044519.44 15728.32 1.29
1044519.44 15728.32 1.29
1044519.44 15728.32 1.29
1044519.44 15728.32 1.29
1044519.44 15728.32 1.29
1044519.44 15728.32 1.29
1044519.44 15728.32 1.29
1044519.44 15728.32 1.29
1044519.44 15728.32 1.29
1043207.25 15685.86 1.30
1043207.25 15685.86 1.30
1043207.25 15685.86 1.30
1043207.25 15685.86 1.30
1043207.25 15685.86 1.30
1043207.25 15685.86 1.30
1038941.75 15953.71 1.54
1038941.75 15953.71 1.54
1038941.75 15953.71 1.54
1038941.75 15953.71 1.54
1038941.75 15953.71 1.54
1038941.75 15953.71 1.54
1038941.75 15953.71 1.54
1038941.75 15953.71 1.54
1022938.31 15881.25 1.54
1001097.94 15555.02 1.55
1001097.94 15555.02 1.55
1001097.94 15555.02 1.55
1001097.94 15555.02 1.55
1001097.94 15555.02 1.55
1001097.94 15555.02 1.55
1001097.94 15555.02 1.55
1001097.94 15555.02 1.55
1001097.94 15555.02 1.55
1001097.94 15555.02 1.55
1001097.94 15555.02 1.55
1001097.94 15555.02 1.55
1001097.94 15555.02 1.55
1001097.94 15555.02 1.55
1001097.94 15555.02 1.55
1001097.94 15555.02 1.55
1001097.94 15555.02 1.55
1001097.94 15555.02 1.55
1001097.94 15555.02 1.55
1001097.94 15555.02 1.55
1001097.94 15555.02 1.55
1001097.94 15555.02 1.55
1001097.94 15555.02 1.55
1001097.94 15555.02 1.55
1001097.94 15555.02 1.55
1001097.94 15555.02 1.55
1001097.94 15555.02 1.55
1001097.94 15555.02 1.55
1001097.94 15555.02 1.55
1001097.94 15555.02 1.55
1001097.94 15555.02 1.55
1215462.38 17103.14 1.07
1162625.88 16550.09 1.10
1111923.75 15468.65 1.22
1082130.88 15827.46 1.31
1062331.62 15605.87 1.41
1045348.00 15084.43 1.53
1045348.00 15084.43 1.53
1032869.25 15027.24 1.66
1045824.06 14813.80 2.74
1045824.06 14813.80 2.74
1045824.06 14813.80 2.74
1028481.06 15433.80 2.84
1028481.06 15433.80 2.84
1033428.31 14965.37 3.05
1028029.19 15493.80 2.74
1033428.31 14965.37 3.05
1033428.31 14965.37 3.05
1018794.88 15097.12 3.36
1086504.12 15255.20 1.34
1033428.31 14965.37 3.05
951721.00 15112.66 8.56
1033428.31 14965.37 3.05
933255.12 15285.68 4.32
1028481.06 15433.80 2.84
1015325.50 15625.56 3.06
986466.56 15873.53 3.60
1045824.06 14813.80 2.74
1018794.88 15097.12 3.36
1007553.12 14254.88 8.46
1178155.88 16365.09 1.10
1045824.06 14813.80 2.74
1033428.31 14965.37 3.05
992958.25 14386.63 8.43
1051166.62 14150.00 8.64
1045824.06 14813.80 2.74
993064.62 15412.24 3.27