951704.88 15506.95 1.23
952309.19 15451.95 1.23
940485.81 15271.96 1.26
940485.81 15271.96 1.26
940485.81 15271.96 1.26
940485.81 15271.96 1.26
940485.81 15271.96 1.26
940485.81 15271.96 1.26
940485.81 15271.96 1.26
940485.81 15271.96 1.26
940049.69 15326.96 1.26
940049.69 15326.96 1.26
940485.81 15271.96 1.26
938335.12 15104.46 1.38
938335.12 15104.46 1.38
938335.12 15104.46 1.38
938335.12 15104.46 1.38
938335.12 15104.46 1.38
938779.12 15049.46 1.38
938779.12 15049.46 1.38
938779.12 15049.46 1.38
938779.12 15049.46 1.38
938779.12 15049.46 1.38
938779.12 15049.46 1.38
938779.12 15049.46 1.38
938779.12 15049.46 1.38
938779.12 15049.46 1.38
938335.12 15104.46 1.38
938335.12 15104.46 1.38
938335.12 15104.46 1.38
938335.12 15104.46 1.38
938335.12 15104.46 1.38
938335.12 15104.46 1.38
938335.12 15104.46 1.38
938335.12 15104.46 1.38
938335.12 15104.46 1.38
938335.12 15104.46 1.38
938335.12 15104.46 1.38
938335.12 15104.46 1.38
938335.12 15104.46 1.38
938779.12 15049.46 1.38
938779.12 15049.46 1.38
938779.12 15049.46 1.38
938779.12 15049.46 1.38
938779.12 15049.46 1.38
938779.12 15049.46 1.38
938779.12 15049.46 1.38
938779.12 15049.46 1.38
938779.12 15049.46 1.38
938779.12 15049.46 1.38
938779.12 15049.46 1.38
938779.12 15049.46 1.38
938779.12 15049.46 1.38
938779.12 15049.46 1.38
938779.12 15049.46 1.38
938779.12 15049.46 1.38
938779.12 15049.46 1.38
938779.12 15049.46 1.38
938779.12 15049.46 1.38
938779.12 15049.46 1.38
938779.12 15049.46 1.38
938779.12 15049.46 1.38
938779.12 15049.46 1.38
938779.12 15049.46 1.38
938779.12 15049.46 1.38
938779.12 15049.46 1.38
938779.12 15049.46 1.38
938779.12 15049.46 1.38
938779.12 15049.46 1.38
938779.12 15049.46 1.38
938779.12 15049.46 1.38
938779.12 15049.46 1.38
938779.12 15049.46 1.38
938779.12 15049.46 1.38
938779.12 15049.46 1.38
938779.12 15049.46 1.38
938779.12 15049.46 1.38
938779.12 15049.46 1.38
938779.12 15049.46 1.38
938779.12 15049.46 1.38
963036.06 15514.42 1.20
963036.06 15514.42 1.20
963036.06 15514.42 1.20
963036.06 15514.42 1.20
963036.06 15514.42 1.20
963036.06 15514.42 1.20
963036.06 15514.42 1.20
963036.06 15514.42 1.20
963036.06 15514.42 1.20
963036.06 15514.42 1.20
963036.06 15514.42 1.20
963036.06 15514.42 1.20
963036.06 15514.42 1.20
963036.06 15514.42 1.20
963036.06 15514.42 1.20
963036.06 15514.42 1.20
963036.06 15514.42 1.20
963036.06 15514.42 1.20
963036.06 15514.42 1.20
963036.06 15514.42 1.20
963036.06 15514.42 1.20
963036.06 15514.42 1.20
963036.06 15514.42 1.20
963036.06 15514.42 1.20
963036.06 15514.42 1.20
963036.06 15514.42 1.20
963036.06 15514.42 1.20
963036.06 15514.42 1.20
963036.06 15514.42 1.20
963036.06 15514.42 1.20
966868.12 15319.42 1.20
963036.06 15514.42 1.20
963036.06 15514.42 1.20
963036.06 15514.42 1.20
963036.06 15514.42 1.20
963036.06 15514.42 1.20
963036.06 15514.42 1.20
963036.06 15514.42 1.20
963036.06 15514.42 1.20
963036.06 15514.42 1.20
966868.12 15319.42 1.20
966868.12 15319.42 1.20
966868.12 15319.42 1.20
966868.12 15319.42 1.20
966868.12 15319.42 1.20
966868.12 15319.42 1.20
966868.12 15319.42 1.20
966868.12 15319.42 1.20
966868.12 15319.42 1.20
966868.12 15319.42 1.20
966868.12 15319.42 1.20
966868.12 15319.42 1.20
966868.12 15319.42 1.20
966868.12 15319.42 1.20
966868.12 15319.42 1.20
966868.12 15319.42 1.20
966868.12 15319.42 1.20
966868.12 15319.42 1.20
966868.12 15319.42 1.20
966868.12 15319.42 1.20
966868.12 15319.42 1.20
966868.12 15319.42 1.20
966868.12 15319.42 1.20
966868.12 15319.42 1.20
966868.12 15319.42 1.20
966868.12 15319.42 1.20
966868.12 15319.42 1.20
966868.12 15319.42 1.20
966868.12 15319.42 1.20
966868.12 15319.42 1.20
966868.12 15319.42 1.20
966868.12 15319.42 1.20
966868.12 15319.42 1.20
966868.12 15319.42 1.20
966868.12 15319.42 1.20
966868.12 15319.42 1.20
966868.12 15319.42 1.20
966868.12 15319.42 1.20
966868.12 15319.42 1.20
966868.12 15319.42 1.20
903645.12 14641.41 1.22
903645.12 14641.41 1.22
903645.12 14641.41 1.22
903645.12 14641.41 1.22
903645.12 14641.41 1.22
903645.12 14641.41 1.22
903645.12 14641.41 1.22
903645.12 14641.41 1.22
903645.12 14641.41 1.22
903645.12 14641.41 1.22
903645.12 14641.41 1.22
903645.12 14641.41 1.22
903645.12 14641.41 1.22
903645.12 14641.41 1.22
903645.12 14641.41 1.22
903645.12 14641.41 1.22
903645.12 14641.41 1.22
903645.12 14641.41 1.22
903645.12 14641.41 1.22
903645.12 14641.41 1.22
903645.12 14641.41 1.22
903645.12 14641.41 1.22
903645.12 14641.41 1.22
903645.12 14641.41 1.22
903645.12 14641.41 1.22
903645.12 14641.41 1.22
903645.12 14641.41 1.22
903645.12 14641.41 1.22
903645.12 14641.41 1.22
903645.12 14641.41 1.22
903645.12 14641.41 1.22
903645.12 14641.41 1.22
903645.12 14641.41 1.22
903645.12 14641.41 1.22
903645.12 14641.41 1.22
903645.12 14641.41 1.22
903645.12 14641.41 1.22
903645.12 14641.41 1.22
903645.12 14641.41 1.22
903645.12 14641.41 1.22
903645.12 14641.41 1.22
903645.12 14641.41 1.22
903645.12 14641.41 1.22
903645.12 14641.41 1.22
903645.12 14641.41 1.22
903645.12 14641.41 1.22
903645.12 14641.41 1.22
903645.12 14641.41 1.22
903645.12 14641.41 1.22
903645.12 14641.41 1.22
903645.12 14641.41 1.22
903645.12 14641.41 1.22
903645.12 14641.41 1.22
903645.12 14641.41 1.22
903645.12 14641.41 1.22
903645.12 14641.41 1.22
903645.12 14641.41 1.22
903645.12 14641.41 1.22
903645.12 14641.41 1.22
903645.12 14641.41 1.22
903645.12 14641.41 1.22
903645.12 14641.41 1.22
903645.12 14641.41 1.22
903645.12 14641.41 1.22
903645.12 14641.41 1.22
903645.12 14641.41 1.22
903645.12 14641.41 1.22
903645.12 14641.41 1.22
903645.12 14641.41 1.22
903645.12 14641.41 1.22
903645.12 14641.41 1.22
903645.12 14641.41 1.22
903645.12 14641.41 1.22
903645.12 14641.41 1.22
903645.12 14641.41 1.22
892602.19 14826.81 1.60
892602.19 14826.81 1.60
892602.19 14826.81 1.60
892602.19 14826.81 1.60
892602.19 14826.81 1.60
977572.94 15664.42 1.20
977572.94 15664.42 1.20
977572.94 15664.42 1.20
977572.94 15664.42 1.20
977572.94 15664.42 1.20
977572.94 15664.42 1.20
977572.94 15664.42 1.20
977572.94 15664.42 1.20
977572.94 15664.42 1.20
977572.94 15664.42 1.20
977572.94 15664.42 1.20
977572.94 15664.42 1.20
977572.94 15664.42 1.20
977572.94 15664.42 1.20
977572.94 15664.42 1.20
977572.94 15664.42 1.20
977572.94 15664.42 1.20
977572.94 15664.42 1.20
977572.94 15664.42 1.20
977572.94 15664.42 1.20
977572.94 15664.42 1.20
977572.94 15664.42 1.20
977572.94 15664.42 1.20
977572.94 15664.42 1.20
977572.94 15664.42 1.20
977572.94 15664.42 1.20
977572.94 15664.42 1.20
977572.94 15664.42 1.20
977572.94 15664.42 1.20
977572.94 15664.42 1.20
977572.94 15664.42 1.20
977572.94 15664.42 1.20
977572.94 15664.42 1.20
977572.94 15664.42 1.20
977572.94 15664.42 1.20
977572.94 15664.42 1.20
977572.94 15664.42 1.20
977572.94 15664.42 1.20
977572.94 15664.42 1.20
968739.12 15577.25 1.21
968739.12 15577.25 1.21
968739.12 15577.25 1.21
968739.12 15577.25 1.21
968739.12 15577.25 1.21
968739.12 15577.25 1.21
968739.12 15577.25 1.21
968739.12 15577.25 1.21
968739.12 15577.25 1.21
968739.12 15577.25 1.21
968739.12 15577.25 1.21
968739.12 15577.25 1.21
968739.12 15577.25 1.21
968739.12 15577.25 1.21
968739.12 15577.25 1.21
968739.12 15577.25 1.21
968739.12 15577.25 1.21
968739.12 15577.25 1.21
968739.12 15577.25 1.21
968739.12 15577.25 1.21
968739.12 15577.25 1.21
968739.12 15577.25 1.21
968739.12 15577.25 1.21
968739.12 15577.25 1.21
968739.12 15577.25 1.21
968739.12 15577.25 1.21
968739.12 15577.25 1.21
968739.12 15577.25 1.21
968739.12 15577.25 1.21
968739.12 15577.25 1.21
968739.12 15577.25 1.21
968739.12 15577.25 1.21
968739.12 15577.25 1.21
968739.12 15577.25 1.21
968739.12 15577.25 1.21
968739.12 15577.25 1.21
968739.12 15577.25 1.21
968739.12 15577.25 1.21
968739.12 15577.25 1.21
968739.12 15577.25 1.21
968739.12 15577.25 1.21
990866.50 15419.42 1.20
990866.50 15419.42 1.20
975305.00 15179.42 1.20
975305.00 15179.42 1.20
975305.00 15179.42 1.20
975305.00 15179.42 1.20
975305.00 15179.42 1.20
975305.00 15179.42 1.20
975305.00 15179.42 1.20
975305.00 15179.42 1.20
975305.00 15179.42 1.20
975305.00 15179.42 1.20
975305.00 15179.42 1.20
975305.00 15179.42 1.20
975305.00 15179.42 1.20
975305.00 15179.42 1.20
975305.00 15179.42 1.20
975305.00 15179.42 1.20
975305.00 15179.42 1.20
975305.00 15179.42 1.20
975305.00 15179.42 1.20
975305.00 15179.42 1.20
975305.00 15179.42 1.20
975305.00 15179.42 1.20
975305.00 15179.42 1.20
975305.00 15179.42 1.20
975305.00 15179.42 1.20
975305.00 15179.42 1.20
975305.00 15179.42 1.20
975305.00 15179.42 1.20
975305.00 15179.42 1.20
975305.00 15179.42 1.20
975305.00 15179.42 1.20
975305.00 15179.42 1.20
975305.00 15179.42 1.20
975305.00 15179.42 1.20
975305.00 15179.42 1.20
975305.00 15179.42 1.20
975305.00 15179.42 1.20
975305.00 15179.42 1.20
975305.00 15179.42 1.20
975305.00 15179.42 1.20
975305.00 15179.42 1.20
975305.00 15179.42 1.20
975305.00 15179.42 1.20
975305.00 15179.42 1.20
975305.00 15179.42 1.20
975305.00 15179.42 1.20
975305.00 15179.42 1.20
962256.56 15037.25 1.22
962256.56 15037.25 1.22
962256.56 15037.25 1.22
962256.56 15037.25 1.22
962256.56 15037.25 1.22
962256.56 15037.25 1.22
962256.56 15037.25 1.22
962256.56 15037.25 1.22
962256.56 15037.25 1.22
962256.56 15037.25 1.22
962256.56 15037.25 1.22
962256.56 15037.25 1.22
962256.56 15037.25 1.22
962256.56 15037.25 1.22
962256.56 15037.25 1.22
962256.56 15037.25 1.22
962256.56 15037.25 1.22
962256.56 15037.25 1.22
962256.56 15037.25 1.22
962256.56 15037.25 1.22
962256.56 15037.25 1.22
962256.56 15037.25 1.22
962256.56 15037.25 1.22
962256.56 15037.25 1.22
962256.56 15037.25 1.22
962256.56 15037.25 1.22
962256.56 15037.25 1.22
962256.56 15037.25 1.22
962256.56 15037.25 1.22
970059.31 14986.37 1.24
970059.31 14986.37 1.24
1055734.88 16510.38 1.22
1031945.69 16206.41 1.22
1031945.69 16206.41 1.22
1031945.69 16206.41 1.22
922376.69 14860.52 1.37
906893.94 14620.52 1.37
906893.94 14620.52 1.37
906893.94 14620.52 1.37
906893.94 14620.52 1.37
906893.94 14620.52 1.37
906893.94 14620.52 1.37
906893.94 14620.52 1.37
906893.94 14620.52 1.37
906893.94 14620.52 1.37
906893.94 14620.52 1.37
906893.94 14620.52 1.37
906893.94 14620.52 1.37
906893.94 14620.52 1.37
906893.94 14620.52 1.37
906893.94 14620.52 1.37
906893.94 14620.52 1.37
906893.94 14620.52 1.37
906893.94 14620.52 1.37
906893.94 14620.52 1.37
906893.94 14620.52 1.37
906893.94 14620.52 1.37
906893.94 14620.52 1.37
906893.94 14620.52 1.37
906893.94 14620.52 1.37
906893.94 14620.52 1.37
906893.94 14620.52 1.37
906893.94 14620.52 1.37
906893.94 14620.52 1.37
906893.94 14620.52 1.37
906893.94 14620.52 1.37
906893.94 14620.52 1.37
906893.94 14620.52 1.37
906893.94 14620.52 1.37
906893.94 14620.52 1.37
906893.94 14620.52 1.37
906893.94 14620.52 1.37
906893.94 14620.52 1.37
906893.94 14620.52 1.37
906893.94 14620.52 1.37
906893.94 14620.52 1.37
906893.94 14620.52 1.37
906893.94 14620.52 1.37
906893.94 14620.52 1.37
906893.94 14620.52 1.37
906893.94 14620.52 1.37
906893.94 14620.52 1.37
906893.94 14620.52 1.37
906893.94 14620.52 1.37
906893.94 14620.52 1.37
906893.94 14620.52 1.37
906893.94 14620.52 1.37
906893.94 14620.52 1.37
906893.94 14620.52 1.37
906893.94 14620.52 1.37
906893.94 14620.52 1.37
906893.94 14620.52 1.37
906893.94 14620.52 1.37
906893.94 14620.52 1.37
906516.69 14981.33 1.74
888784.44 14706.33 1.75
886404.06 14671.33 1.78
877202.56 14522.13 1.79
877202.56 14522.13 1.79
877202.56 14522.13 1.79
877202.56 14522.13 1.79
877202.56 14522.13 1.79
877202.56 14522.13 1.79
877202.56 14522.13 1.79
877202.56 14522.13 1.79
877202.56 14522.13 1.79
877202.56 14522.13 1.79
877202.56 14522.13 1.79
877202.56 14522.13 1.79
877202.56 14522.13 1.79
877202.56 14522.13 1.79
956517.38 15114.42 1.20
947683.56 15027.25 1.21
947683.56 15027.25 1.21
947683.56 15027.25 1.21
947683.56 15027.25 1.21
947683.56 15027.25 1.21
947683.56 15027.25 1.21
947683.56 15027.25 1.21
947683.56 15027.25 1.21
947683.56 15027.25 1.21
947683.56 15027.25 1.21
947683.56 15027.25 1.21
947683.56 15027.25 1.21
947683.56 15027.25 1.21
947683.56 15027.25 1.21
947683.56 15027.25 1.21
947683.56 15027.25 1.21
947683.56 15027.25 1.21
947683.56 15027.25 1.21
947683.56 15027.25 1.21
947683.56 15027.25 1.21
947683.56 15027.25 1.21
947683.56 15027.25 1.21
947683.56 15027.25 1.21
947683.56 15027.25 1.21
947683.56 15027.25 1.21
947683.56 15027.25 1.21
947683.56 15027.25 1.21
947683.56 15027.25 1.21
947683.56 15027.25 1.21
947683.56 15027.25 1.21
947683.56 15027.25 1.21
947148.62 14930.08 1.37
921472.94 14855.52 1.37
918113.75 14890.52 1.37
921472.94 14855.52 1.37
921472.94 14855.52 1.37
907063.94 14855.52 1.37
907063.94 14855.52 1.37
907063.94 14855.52 1.37
907063.94 14855.52 1.37
907063.94 14855.52 1.37
907063.94 14855.52 1.37
907063.94 14855.52 1.37
907063.94 14855.52 1.37
907063.94 14855.52 1.37
907063.94 14855.52 1.37
907063.94 14855.52 1.37
907063.94 14855.52 1.37
907063.94 14855.52 1.37
907063.94 14855.52 1.37
907063.94 14855.52 1.37
907063.94 14855.52 1.37
907063.94 14855.52 1.37
907063.94 14855.52 1.37
907063.94 14855.52 1.37
907063.94 14855.52 1.37
907063.94 14855.52 1.37
907063.94 14855.52 1.37
907063.94 14855.52 1.37
907063.94 14855.52 1.37
907063.94 14855.52 1.37
907063.94 14855.52 1.37
907063.94 14855.52 1.37
907063.94 14855.52 1.37
907063.94 14855.52 1.37
907063.94 14855.52 1.37
907063.94 14855.52 1.37
907063.94 14855.52 1.37
907063.94 14855.52 1.37
907063.94 14855.52 1.37
907063.94 14855.52 1.37
907063.94 14855.52 1.37
907063.94 14855.52 1.37
907063.94 14855.52 1.37
907063.94 14855.52 1.37
907063.94 14855.52 1.37
907063.94 14855.52 1.37
907063.94 14855.52 1.37
907063.94 14855.52 1.37
999521.25 16024.79 1.25
999521.25 16024.79 1.25
999521.25 16024.79 1.25
999440.62 16028.02 1.25
999440.62 16028.02 1.25
999440.62 16028.02 1.25
999440.62 16028.02 1.25
999440.62 16028.02 1.25
999440.62 16028.02 1.25
999440.62 16028.02 1.25
999440.62 16028.02 1.25
999440.62 16028.02 1.25
999440.62 16028.02 1.25
999440.62 16028.02 1.25
999440.62 16028.02 1.25
999440.62 16028.02 1.25
999440.62 16028.02 1.25
999440.62 16028.02 1.25
999440.62 16028.02 1.25
999440.62 16028.02 1.25
999440.62 16028.02 1.25
999440.62 16028.02 1.25
999440.62 16028.02 1.25
999440.62 16028.02 1.25
999440.62 16028.02 1.25
999440.62 16028.02 1.25
999440.62 16028.02 1.25
999440.62 16028.02 1.25
999440.62 16028.02 1.25
999440.62 16028.02 1.25
999440.62 16028.02 1.25
999440.62 16028.02 1.25
999440.62 16028.02 1.25
999440.62 16028.02 1.25
999440.62 16028.02 1.25
999440.62 16028.02 1.25
999440.62 16028.02 1.25
999440.62 16028.02 1.25
999440.62 16028.02 1.25
999440.62 16028.02 1.25
999440.62 16028.02 1.25
999440.62 16028.02 1.25
999440.62 16028.02 1.25
999440.62 16028.02 1.25
999440.62 16028.02 1.25
999440.62 16028.02 1.25
999440.62 16028.02 1.25
999440.62 16028.02 1.25
999440.62 16028.02 1.25
999440.62 16028.02 1.25
999440.62 16028.02 1.25
999440.62 16028.02 1.25
999440.62 16028.02 1.25
993706.69 15938.11 1.25
993706.69 15938.11 1.25
993706.69 15938.11 1.25
993706.69 15938.11 1.25
993706.69 15938.11 1.25
993706.69 15938.11 1.25
993706.69 15938.11 1.25
993706.69 15938.11 1.25
993706.69 15938.11 1.25
993706.69 15938.11 1.25
993706.69 15938.11 1.25
993706.69 15938.11 1.25
993706.69 15938.11 1.25
993706.69 15938.11 1.25
993706.69 15938.11 1.25
993706.69 15938.11 1.25
993706.69 15938.11 1.25
993706.69 15938.11 1.25
993706.69 15938.11 1.25
993706.69 15938.11 1.25
993706.69 15938.11 1.25
993706.69 15938.11 1.25
993706.69 15938.11 1.25
993706.69 15938.11 1.25
993706.69 15938.11 1.25
993706.69 15938.11 1.25
993706.69 15938.11 1.25
1071684.25 16669.43 1.20
956264.44 15209.42 1.20
956264.44 15209.42 1.20
956264.44 15209.42 1.20
956264.44 15209.42 1.20
956264.44 15209.42 1.20
956264.44 15209.42 1.20
956264.44 15209.42 1.20
956264.44 15209.42 1.20
956264.44 15209.42 1.20
956264.44 15209.42 1.20
956264.44 15209.42 1.20
956264.44 15209.42 1.20
956264.44 15209.42 1.20
956264.44 15209.42 1.20
956264.44 15209.42 1.20
956264.44 15209.42 1.20
956264.44 15209.42 1.20
956264.44 15209.42 1.20
956264.44 15209.42 1.20
956264.44 15209.42 1.20
945321.69 15229.42 1.20
945321.69 15229.42 1.20
945321.69 15229.42 1.20
945321.69 15229.42 1.20
945321.69 15229.42 1.20
945321.69 15229.42 1.20
945321.69 15229.42 1.20
945321.69 15229.42 1.20
945321.69 15229.42 1.20
945321.69 15229.42 1.20
956264.44 15209.42 1.20
945321.69 15229.42 1.20
945321.69 15229.42 1.20
945321.69 15229.42 1.20
956264.44 15209.42 1.20
956264.44 15209.42 1.20
956264.44 15209.42 1.20
956264.44 15209.42 1.20
956264.44 15209.42 1.20
956264.44 15209.42 1.20
956264.44 15209.42 1.20
956264.44 15209.42 1.20
956264.44 15209.42 1.20
956264.44 15209.42 1.20
956264.44 15209.42 1.20
956264.44 15209.42 1.20
956264.44 15209.42 1.20
956264.44 15209.42 1.20
956264.44 15209.42 1.20
956264.44 15209.42 1.20
956264.44 15209.42 1.20
956264.44 15209.42 1.20
956264.44 15209.42 1.20
956264.44 15209.42 1.20
956264.44 15209.42 1.20
956264.44 15209.42 1.20
956264.44 15209.42 1.20
956264.44 15209.42 1.20
956264.44 15209.42 1.20
956264.44 15209.42 1.20
956264.44 15209.42 1.20
956264.44 15209.42 1.20
956264.44 15209.42 1.20
956264.44 15209.42 1.20
956264.44 15209.42 1.20
956264.44 15209.42 1.20
956264.44 15209.42 1.20
947557.56 15122.25 1.22
947557.56 15122.25 1.22
947557.56 15122.25 1.22
947557.56 15122.25 1.22
947557.56 15122.25 1.22
947557.56 15122.25 1.22
947557.56 15122.25 1.22
947557.56 15122.25 1.22
947557.56 15122.25 1.22
947557.56 15122.25 1.22
947557.56 15122.25 1.22
947557.56 15122.25 1.22
943261.19 14662.38 1.20
927735.38 14422.38 1.21
927735.38 14422.38 1.21
927735.38 14422.38 1.21
927735.38 14422.38 1.21
927735.38 14422.38 1.21
927735.38 14422.38 1.21
927735.38 14422.38 1.21
927735.38 14422.38 1.21
927735.38 14422.38 1.21
927735.38 14422.38 1.21
927735.38 14422.38 1.21
927735.38 14422.38 1.21
927735.38 14422.38 1.21
927735.38 14422.38 1.21
927735.38 14422.38 1.21
927735.38 14422.38 1.21
927735.38 14422.38 1.21
927735.38 14422.38 1.21
927735.38 14422.38 1.21
930560.62 14422.38 1.21
927735.38 14422.38 1.21
927735.38 14422.38 1.21
927735.38 14422.38 1.21
927735.38 14422.38 1.21
927735.38 14422.38 1.21
927735.38 14422.38 1.21
927735.38 14422.38 1.21
927735.38 14422.38 1.21
927735.38 14422.38 1.21
927735.38 14422.38 1.21
927735.38 14422.38 1.21
927735.38 14422.38 1.21
927735.38 14422.38 1.21
927735.38 14422.38 1.21
927735.38 14422.38 1.21
927735.38 14422.38 1.21
927735.38 14422.38 1.21
927735.38 14422.38 1.21
927735.38 14422.38 1.21
930560.62 14422.38 1.21
930560.62 14422.38 1.21
930560.62 14422.38 1.21
930560.62 14422.38 1.21
930560.62 14422.38 1.21
930560.62 14422.38 1.21
930560.62 14422.38 1.21
930560.62 14422.38 1.21
930560.62 14422.38 1.21
930560.62 14422.38 1.21
927735.38 14422.38 1.21
930560.62 14422.38 1.21
930560.62 14422.38 1.21
930560.62 14422.38 1.21
930560.62 14422.38 1.21
930560.62 14422.38 1.21
930560.62 14422.38 1.21
930560.62 14422.38 1.21
930560.62 14422.38 1.21
930560.62 14422.38 1.21
930560.62 14422.38 1.21
927735.38 14422.38 1.21
927735.38 14422.38 1.21
927735.38 14422.38 1.21
927735.38 14422.38 1.21
927735.38 14422.38 1.21
927735.38 14422.38 1.21
927735.38 14422.38 1.21
927735.38 14422.38 1.21
927735.38 14422.38 1.21
927735.38 14422.38 1.21
927735.38 14422.38 1.21
927735.38 14422.38 1.21
927735.38 14422.38 1.21
927735.38 14422.38 1.21
927735.38 14422.38 1.21
927735.38 14422.38 1.21
930560.62 14422.38 1.21
930560.62 14422.38 1.21
930560.62 14422.38 1.21
953109.94 15014.53 1.24
953109.94 15014.53 1.24
953109.94 15014.53 1.24
953109.94 15014.53 1.24
953109.94 15014.53 1.24
960190.44 14592.33 1.29
960190.44 14592.33 1.29
960190.44 14592.33 1.29
960190.44 14592.33 1.29
960190.44 14592.33 1.29
960190.44 14592.33 1.29
960190.44 14592.33 1.29
960190.44 14592.33 1.29
960190.44 14592.33 1.29
960190.44 14592.33 1.29
960190.44 14592.33 1.29
960190.44 14592.33 1.29
960190.44 14592.33 1.29
960190.44 14592.33 1.29
960190.44 14592.33 1.29
960190.44 14592.33 1.29
960190.44 14592.33 1.29
960190.44 14592.33 1.29
960190.44 14592.33 1.29
960190.44 14592.33 1.29
960190.44 14592.33 1.29
960190.44 14592.33 1.29
957029.06 14832.33 1.29
957029.06 14832.33 1.29
957029.06 14832.33 1.29
960190.44 14592.33 1.29
960190.44 14592.33 1.29
960190.44 14592.33 1.29
960190.44 14592.33 1.29
960190.44 14592.33 1.29
960190.44 14592.33 1.29
960190.44 14592.33 1.29
960190.44 14592.33 1.29
960190.44 14592.33 1.29
960190.44 14592.33 1.29
960190.44 14592.33 1.29
960190.44 14592.33 1.29
960190.44 14592.33 1.29
960190.44 14592.33 1.29
960190.44 14592.33 1.29
960190.44 14592.33 1.29
960190.44 14592.33 1.29
960190.44 14592.33 1.29
960190.44 14592.33 1.29
960190.44 14592.33 1.29
960190.44 14592.33 1.29
960190.44 14592.33 1.29
960190.44 14592.33 1.29
960190.44 14592.33 1.29
960190.44 14592.33 1.29
934125.50 15020.06 1.49
934125.50 15020.06 1.49
934125.50 15020.06 1.49
934125.50 15020.06 1.49
942155.12 14572.22 1.51
942155.12 14572.22 1.51
942155.12 14572.22 1.51
942155.12 14572.22 1.51
941249.75 14597.85 1.53
941249.75 14597.85 1.53
941249.75 14597.85 1.53
941249.75 14597.85 1.53
941249.75 14597.85 1.53
941249.75 14597.85 1.53
938063.75 14837.85 1.53
941249.75 14597.85 1.53
941249.75 14597.85 1.53
941249.75 14597.85 1.53
941249.75 14597.85 1.53
941249.75 14597.85 1.53
941249.75 14597.85 1.53
941249.75 14597.85 1.53
941249.75 14597.85 1.53
941249.75 14597.85 1.53
941249.75 14597.85 1.53
963112.25 15179.42 1.20
963112.25 15179.42 1.20
963112.25 15179.42 1.20
963112.25 15179.42 1.20
963112.25 15179.42 1.20
963112.25 15179.42 1.20
963112.25 15179.42 1.20
963112.25 15179.42 1.20
963112.25 15179.42 1.20
963112.25 15179.42 1.20
963112.25 15179.42 1.20
963112.25 15179.42 1.20
963112.25 15179.42 1.20
963112.25 15179.42 1.20
963112.25 15179.42 1.20
963112.25 15179.42 1.20
963112.25 15179.42 1.20
963112.25 15179.42 1.20
963112.25 15179.42 1.20
963112.25 15179.42 1.20
963112.25 15179.42 1.20
963112.25 15179.42 1.20
963112.25 15179.42 1.20
963112.25 15179.42 1.20
963112.25 15179.42 1.20
963112.25 15179.42 1.20
963112.25 15179.42 1.20
963112.25 15179.42 1.20
963112.25 15179.42 1.20
963112.25 15179.42 1.20
963112.25 15179.42 1.20
963112.25 15179.42 1.20
963112.25 15179.42 1.20
963112.25 15179.42 1.20
963112.25 15179.42 1.20
963112.25 15179.42 1.20
963112.25 15179.42 1.20
963112.25 15179.42 1.20
963112.25 15179.42 1.20
963112.25 15179.42 1.20
963112.25 15179.42 1.20
963112.25 15179.42 1.20
963112.25 15179.42 1.20
963112.25 15179.42 1.20
963112.25 15179.42 1.20
963112.25 15179.42 1.20
963112.25 15179.42 1.20
963112.25 15179.42 1.20
963112.25 15179.42 1.20
963112.25 15179.42 1.20
963112.25 15179.42 1.20
963112.25 15179.42 1.20
963112.25 15179.42 1.20
963112.25 15179.42 1.20
963112.25 15179.42 1.20
963112.25 15179.42 1.20
963112.25 15179.42 1.20
963112.25 15179.42 1.20
963112.25 15179.42 1.20
954278.50 15092.25 1.21
954278.50 15092.25 1.21
954278.50 15092.25 1.21
954278.50 15092.25 1.21
954278.50 15092.25 1.21
954278.50 15092.25 1.21
954278.50 15092.25 1.21
954278.50 15092.25 1.21
954278.50 15092.25 1.21
954278.50 15092.25 1.21
954278.50 15092.25 1.21
954278.50 15092.25 1.21
954278.50 15092.25 1.21
954278.50 15092.25 1.21
954278.50 15092.25 1.21
954278.50 15092.25 1.21
954278.50 15092.25 1.21
954278.50 15092.25 1.21
954278.50 15092.25 1.21
954278.50 15092.25 1.21
954278.50 15092.25 1.21
934928.75 14869.42 1.20
934928.75 14869.42 1.20
934928.75 14869.42 1.20
934928.75 14869.42 1.20
934928.75 14869.42 1.20
934928.75 14869.42 1.20
934928.75 14869.42 1.20
934928.75 14869.42 1.20
934928.75 14869.42 1.20
934928.75 14869.42 1.20
934928.75 14869.42 1.20
934928.75 14869.42 1.20
934928.75 14869.42 1.20
934928.75 14869.42 1.20
934928.75 14869.42 1.20
934928.75 14869.42 1.20
934928.75 14869.42 1.20
934928.75 14869.42 1.20
934928.75 14869.42 1.20
934928.75 14869.42 1.20
934928.75 14869.42 1.20
934928.75 14869.42 1.20
934928.75 14869.42 1.20
934928.75 14869.42 1.20
934928.75 14869.42 1.20
934928.75 14869.42 1.20
934928.75 14869.42 1.20
934928.75 14869.42 1.20
934928.75 14869.42 1.20
934928.75 14869.42 1.20
949260.56 14869.42 1.20
934928.75 14869.42 1.20
934928.75 14869.42 1.20
934928.75 14869.42 1.20
934928.75 14869.42 1.20
934928.75 14869.42 1.20
934928.75 14869.42 1.20
934928.75 14869.42 1.20
934928.75 14869.42 1.20
934928.75 14869.42 1.20
949260.56 14869.42 1.20
949260.56 14869.42 1.20
949260.56 14869.42 1.20
949260.56 14869.42 1.20
949260.56 14869.42 1.20
949260.56 14869.42 1.20
949260.56 14869.42 1.20
949260.56 14869.42 1.20
949260.56 14869.42 1.20
949260.56 14869.42 1.20
934928.75 14869.42 1.20
949260.56 14869.42 1.20
949260.56 14869.42 1.20
949260.56 14869.42 1.20
949260.56 14869.42 1.20
949260.56 14869.42 1.20
949260.56 14869.42 1.20
949260.56 14869.42 1.20
949260.56 14869.42 1.20
949260.56 14869.42 1.20
949260.56 14869.42 1.20
934928.75 14869.42 1.20
934928.75 14869.42 1.20
934928.75 14869.42 1.20
934928.75 14869.42 1.20
934928.75 14869.42 1.20
934928.75 14869.42 1.20
934928.75 14869.42 1.20
934928.75 14869.42 1.20
934928.75 14869.42 1.20
934928.75 14869.42 1.20
934928.75 14869.42 1.20
934928.75 14869.42 1.20
934928.75 14869.42 1.20
934928.75 14869.42 1.20
934928.75 14869.42 1.20
934928.75 14869.42 1.20
934928.75 14869.42 1.20
934928.75 14869.42 1.20
949260.56 14869.42 1.20
957824.38 15454.42 1.20
957824.38 15454.42 1.20
942259.50 15214.42 1.20
942259.50 15214.42 1.20
942259.50 15214.42 1.20
942259.50 15214.42 1.20
942259.50 15214.42 1.20
942259.50 15214.42 1.20
942259.50 15214.42 1.20
942259.50 15214.42 1.20
942259.50 15214.42 1.20
942259.50 15214.42 1.20
942259.50 15214.42 1.20
942259.50 15214.42 1.20
942259.50 15214.42 1.20
942259.50 15214.42 1.20
942259.50 15214.42 1.20
942259.50 15214.42 1.20
942259.50 15214.42 1.20
942259.50 15214.42 1.20
942259.50 15214.42 1.20
942259.50 15214.42 1.20
942259.50 15214.42 1.20
942259.50 15214.42 1.20
942259.50 15214.42 1.20
942259.50 15214.42 1.20
942259.50 15214.42 1.20
942259.50 15214.42 1.20
942259.50 15214.42 1.20
942259.50 15214.42 1.20
942259.50 15214.42 1.20
942259.50 15214.42 1.20
942259.50 15214.42 1.20
942259.50 15214.42 1.20
942259.50 15214.42 1.20
942259.50 15214.42 1.20
942259.50 15214.42 1.20
942259.50 15214.42 1.20
942259.50 15214.42 1.20
942259.50 15214.42 1.20
942259.50 15214.42 1.20
942259.50 15214.42 1.20
942259.50 15214.42 1.20
942259.50 15214.42 1.20
942259.50 15214.42 1.20
942259.50 15214.42 1.20
942259.50 15214.42 1.20
942259.50 15214.42 1.20
942259.50 15214.42 1.20
942259.50 15214.42 1.20
942259.50 15214.42 1.20
942259.50 15214.42 1.20
942259.50 15214.42 1.20
942259.50 15214.42 1.20
942259.50 15214.42 1.20
942259.50 15214.42 1.20
942259.50 15214.42 1.20
942259.50 15214.42 1.20
942259.50 15214.42 1.20
942259.50 15214.42 1.20
942259.50 15214.42 1.20
942259.50 15214.42 1.20
942259.50 15214.42 1.20
942259.50 15214.42 1.20
942259.50 15214.42 1.20
942259.50 15214.42 1.20
942259.50 15214.42 1.20
942259.50 15214.42 1.20
942259.50 15214.42 1.20
942259.50 15214.42 1.20
942259.50 15214.42 1.20
942259.50 15214.42 1.20
942259.50 15214.42 1.20
942259.50 15214.42 1.20
942259.50 15214.42 1.20
942259.50 15214.42 1.20
929211.06 15072.25 1.22
929211.06 15072.25 1.22
929211.06 15072.25 1.22
937014.50 15021.37 1.24
1021371.50 15999.42 1.20
1021371.50 15999.42 1.20
1021371.50 15999.42 1.20
1021371.50 15999.42 1.20
1021371.50 15999.42 1.20
1021371.50 15999.42 1.20
1021371.50 15999.42 1.20
1021371.50 15999.42 1.20
1021371.50 15999.42 1.20
1021371.50 15999.42 1.20
1021371.50 15999.42 1.20
1021371.50 15999.42 1.20
1021371.50 15999.42 1.20
1021371.50 15999.42 1.20
1021371.50 15999.42 1.20
1021371.50 15999.42 1.20
1021371.50 15999.42 1.20
1021371.50 15999.42 1.20
1021371.50 15999.42 1.20
1021371.50 15999.42 1.20
1021371.50 15999.42 1.20
1021371.50 15999.42 1.20
1021371.50 15999.42 1.20
1021371.50 15999.42 1.20
1021371.50 15999.42 1.20
1021371.50 15999.42 1.20
1021371.50 15999.42 1.20
1021371.50 15999.42 1.20
1021371.50 15999.42 1.20
1021371.50 15999.42 1.20
1030618.38 15944.42 1.20
1021371.50 15999.42 1.20
1021371.50 15999.42 1.20
1021371.50 15999.42 1.20
1021371.50 15999.42 1.20
1021371.50 15999.42 1.20
1021371.50 15999.42 1.20
1021371.50 15999.42 1.20
1021371.50 15999.42 1.20
1021371.50 15999.42 1.20
1030618.38 15944.42 1.20
1030618.38 15944.42 1.20
1030618.38 15944.42 1.20
1030618.38 15944.42 1.20
1030618.38 15944.42 1.20
1030618.38 15944.42 1.20
1030618.38 15944.42 1.20
1030618.38 15944.42 1.20
1030618.38 15944.42 1.20
1030618.38 15944.42 1.20
1021371.50 15999.42 1.20
1030618.38 15944.42 1.20
1030618.38 15944.42 1.20
1030618.38 15944.42 1.20
1030618.38 15944.42 1.20
1030618.38 15944.42 1.20
1030618.38 15944.42 1.20
1030618.38 15944.42 1.20
1030618.38 15944.42 1.20
1030618.38 15944.42 1.20
1030618.38 15944.42 1.20
1021371.50 15999.42 1.20
1021371.50 15999.42 1.20
1021371.50 15999.42 1.20
1021371.50 15999.42 1.20
1021371.50 15999.42 1.20
1021371.50 15999.42 1.20
1021371.50 15999.42 1.20
1021371.50 15999.42 1.20
1021371.50 15999.42 1.20
1021371.50 15999.42 1.20
1021371.50 15999.42 1.20
1021371.50 15999.42 1.20
1021371.50 15999.42 1.20
1021371.50 15999.42 1.20
1021371.50 15999.42 1.20
1021371.50 15999.42 1.20
1021371.50 15999.42 1.20
1030618.38 15944.42 1.20
1030618.38 15944.42 1.20