1502484.00 21579.16 0.66
1203567.62 18093.26 0.85
1101440.25 17581.71 1.23
1078512.88 17118.46 1.30
908128.75 16298.04 1.71
908032.31 16328.61 1.72
901732.75 16186.59 1.88
925458.62 16153.86 1.91
925458.62 16153.86 1.91
916232.88 16078.25 2.07
1078512.88 17118.46 1.30
925458.62 16153.86 1.91
1057252.25 17063.46 1.36
1075108.00 17161.63 1.32
904441.19 16341.21 1.73
871614.12 16876.86 2.57
1078512.88 17118.46 1.30
908032.31 16328.61 1.72
886384.44 16177.10 2.28
879384.94 16626.34 2.47
874957.94 16587.07 2.52
908032.31 16328.61 1.72
883061.81 16711.61 2.38
883061.81 16711.61 2.38
906713.75 16008.24 2.47
908032.31 16328.61 1.72
1133803.50 17817.58 1.14
1196082.50 18111.43 0.87
914385.06 16263.86 1.79
905536.81 16031.62 2.46
1106581.25 17416.71 1.16
886286.06 16940.55 2.36
925458.62 16070.75 1.97
876075.31 16841.64 2.38
1007990.06 16683.38 1.50
1078512.88 17118.46 1.30
1078512.88 17118.46 1.30
884106.94 16053.94 2.59
1075108.00 17161.63 1.32
1094888.50 17334.33 1.27
1078512.88 17118.46 1.30
1078512.88 17118.46 1.30
908032.31 16328.61 1.72
1106581.25 17416.71 1.16
895631.06 15810.16 3.00
886243.62 15908.91 2.49
1093893.75 17537.98 1.26
908032.31 16328.61 1.72
1015642.19 16730.99 1.42
881729.12 16180.32 5.53
874957.94 16587.07 2.52
913837.44 16101.59 2.00
1078512.88 17118.46 1.30
908032.31 16328.61 1.72
898940.56 16257.28 1.88
1078512.88 17118.46 1.30
908128.75 16298.04 1.71
874083.06 16899.15 2.47
881511.38 16226.99 2.65
1078512.88 17118.46 1.30
1215830.25 18220.36 0.77
1106581.25 17416.71 1.16
916608.06 16174.26 1.50
874957.94 16587.07 2.52
868749.44 17661.16 3.41
875200.88 16347.04 2.52
979300.19 16863.12 1.46
1106581.25 17416.71 1.16
1078512.88 17118.46 1.30
1074091.50 17365.28 1.32
904352.38 16371.78 1.74
1206774.12 17859.35 0.69
1207692.38 17817.86 0.69
967764.00 14885.68 0.70
966097.12 15288.08 0.81
967042.69 15245.92 0.82
966093.12 15288.08 0.84
936510.19 14862.58 0.94
933975.12 14897.37 1.05
912711.69 14652.58 1.05
910324.25 14687.37 1.05
910324.25 14687.37 1.05
927848.06 14614.50 1.08
912704.56 14652.58 1.08
910276.94 14687.37 1.08
910276.94 14687.37 1.08
910276.94 14687.37 1.08
907321.00 14808.78 1.12
903956.25 15094.56 1.20
905637.88 14953.15 1.20
903952.31 15094.56 1.23
905633.88 14953.15 1.23
888944.12 14654.94 1.30
888944.12 14654.94 1.30
885940.88 14776.35 1.33
891324.44 14620.15 1.33
888896.88 14654.94 1.33
888896.88 14654.94 1.33
906424.62 14582.08 1.33
870599.12 14648.01 1.34
870595.12 14648.01 1.34
870595.12 14648.01 1.34
865983.50 14756.22 1.46
864623.19 14736.22 1.48
858225.94 14567.50 1.60
864154.31 14479.29 1.60
858229.94 14567.50 1.60
858225.94 14567.50 1.60
858225.94 14567.50 1.60
858225.94 14567.50 1.60
864154.31 14479.29 1.60
864154.31 14479.29 1.60
858225.94 14567.50 1.60
858225.94 14567.50 1.60
858225.94 14567.50 1.60
858225.94 14567.50 1.60
853285.38 14602.50 1.62
853285.38 14602.50 1.62
859108.56 14514.29 1.62
859108.56 14514.29 1.62
859108.56 14514.29 1.62
859108.56 14514.29 1.62
859108.56 14514.29 1.62
853285.38 14602.50 1.62
859108.56 14514.29 1.62
859108.56 14514.29 1.62
859108.56 14514.29 1.62
853285.38 14602.50 1.62
853285.38 14602.50 1.62
853285.38 14602.50 1.62
853285.38 14602.50 1.62
859108.56 14514.29 1.62
853285.38 14602.50 1.62
853285.38 14602.50 1.62
853285.38 14602.50 1.62
853285.38 14602.50 1.62
853285.38 14602.50 1.62
853285.38 14602.50 1.62
853285.38 14602.50 1.62
853285.38 14602.50 1.62
859108.56 14514.29 1.62
853285.38 14602.50 1.62
849038.56 14718.49 1.78
849034.62 14718.49 1.81
849034.62 14718.49 1.81
849034.62 14718.49 1.81
843497.69 14658.97 1.84
843193.38 14806.69 1.97
843193.38 14806.69 1.97
843193.38 14806.69 1.97
870828.88 14298.79 2.51
1535817.88 21226.62 0.60
1486761.50 21616.33 0.64
1498258.50 21406.33 0.64
1424131.50 20461.44 0.68
1404555.75 20464.81 0.83
1438630.75 20454.81 0.83
1322952.50 19997.38 0.93
1104434.75 16145.75 1.09
1104177.75 16160.17 1.09
1091273.12 16157.39 1.20
1091273.12 16157.39 1.20
1084095.88 16344.78 1.25
997019.25 16606.87 1.29
994792.44 16652.81 1.34
1045949.19 16243.14 1.38
996361.88 16426.22 1.40
996685.00 16334.88 1.41
945511.38 15697.38 1.48
944965.12 15712.45 1.49
964115.19 15533.45 1.49
945226.75 15704.95 1.49
945226.75 15704.95 1.49
945226.75 15704.95 1.49
945226.75 15704.95 1.49
945226.75 15704.95 1.49
945226.75 15704.95 1.49
945226.75 15704.95 1.49
945226.75 15704.95 1.49
945226.75 15704.95 1.49
945226.75 15704.95 1.49
945226.75 15704.95 1.49
945226.75 15704.95 1.49
943103.06 15898.21 1.65
943103.06 15898.21 1.65
944266.94 15537.70 1.73
944266.94 15537.70 1.73
902252.38 16198.81 1.76
904376.06 16005.55 1.76
913940.44 15729.02 2.02
912104.12 15716.59 2.03
875484.25 15371.37 2.23
875416.88 15182.43 2.25
875416.88 15182.43 2.25
907579.75 15003.54 2.25
907579.75 15003.54 2.25
907579.75 15003.54 2.25
907579.75 15003.54 2.25
851521.69 15522.90 2.57
853935.81 15322.07 2.57
853651.12 15329.63 2.57
853651.12 15329.63 2.57
853651.12 15329.63 2.57
853651.12 15329.63 2.57
853909.31 15101.21 2.77
908314.12 14895.38 2.09
848846.44 15591.94 3.17
875416.88 15182.43 2.25
853651.12 15329.63 2.57
1057302.62 16609.49 1.28
938638.62 16364.45 1.65
1049183.50 16356.23 1.36
875701.56 15174.86 2.25
876123.19 15074.26 2.22
875416.88 15182.43 2.25
873287.44 15375.69 2.25
853651.12 15329.63 2.57
907864.38 14995.97 2.25
875416.88 15182.43 2.25
1133767.00 16472.02 1.08
907579.75 15003.54 2.25
1142695.88 16720.10 1.03
913348.50 15876.27 2.02
907864.38 14995.97 2.25
944266.94 15537.70 1.73
943819.38 15770.07 1.73
1084380.50 16337.21 1.25
945226.75 15704.95 1.49
907579.75 15003.54 2.25
907864.38 14995.97 2.25
1059403.62 17125.41 0.74
1010219.88 15493.65 0.76
1010219.88 15493.65 0.76
1010219.88 15493.65 0.76
1010219.88 15493.65 0.76
1010219.88 15493.65 0.76
1010219.88 15493.65 0.76
1010219.88 15493.65 0.76
1005147.81 15564.29 0.84
1005147.81 15564.29 0.84
1005147.81 15564.29 0.84
1005147.81 15564.29 0.84
1005147.81 15564.29 0.84
988219.06 16396.80 0.92
989939.62 16390.29 0.92
992210.06 15859.54 0.95
992210.06 15859.54 0.95
992210.06 15859.54 0.95
992210.06 15859.54 0.95
997282.06 15788.90 0.95
992210.06 15859.54 0.95
992210.06 15859.54 0.95
992210.06 15859.54 0.95
992210.06 15859.54 0.95
992210.06 15859.54 0.95
992210.06 15859.54 0.95
997282.06 15788.90 0.95
997282.06 15788.90 0.95
997282.06 15788.90 0.95
997282.06 15788.90 0.95
1100651.00 16622.87 0.70
992210.06 15859.54 0.95
1010219.88 15493.65 0.76
1005147.81 15564.29 0.84
1010219.88 15493.65 0.76
1000370.75 15565.21 0.84
1005147.81 15564.29 0.84
1005147.81 15564.29 0.84
992210.06 15859.54 0.95
1010219.88 15493.65 0.76
1160972.25 16932.69 0.62
1005442.75 15494.57 0.75
997282.06 15788.90 0.95
1010219.88 15493.65 0.76
997282.06 15788.90 0.95
1010219.88 15493.65 0.76
1010219.88 15493.65 0.76
997282.06 15788.90 0.95
997282.06 15788.90 0.95
1010219.88 15493.65 0.76
1010219.88 15493.65 0.76
1005147.81 15564.29 0.84
1005147.81 15564.29 0.84
1010219.88 15493.65 0.76
997282.06 15788.90 0.95
997282.06 15788.90 0.95
1005147.81 15564.29 0.84
1005147.81 15564.29 0.84
992210.06 15859.54 0.95
997282.06 15788.90 0.95
997282.06 15788.90 0.95
988249.12 15911.84 1.53
1005147.81 15564.29 0.84
1010219.88 15493.65 0.76
989200.69 15749.29 6.01
1002777.19 15538.53 2.41
1102901.62 16447.87 0.70
1007848.81 15467.89 2.42
1010219.88 15493.65 0.76
1002777.19 15538.53 2.41
997282.06 15788.90 0.95
1005147.81 15564.29 0.84
997282.06 15788.90 0.95
992210.06 15859.54 0.95
1003071.75 15468.81 2.42
1010219.88 15493.65 0.76
1005147.81 15564.29 0.84
983933.00 15913.14 1.11
882552.25 13902.58 0.65
883914.62 13892.58 0.65
883914.62 13892.58 0.65
883914.62 13892.58 0.65
882552.25 13902.58 0.65
882552.25 13902.58 0.65
882552.25 13902.58 0.65
882552.25 13902.58 0.65
882552.25 13902.58 0.65
882552.25 13902.58 0.65
882552.25 13902.58 0.65
882552.25 13902.58 0.65
882552.25 13902.58 0.65
882552.25 13902.58 0.65
882552.25 13902.58 0.65
882552.25 13902.58 0.65
882552.25 13902.58 0.65
882552.25 13902.58 0.65
882552.25 13902.58 0.65
882552.25 13902.58 0.65
882552.25 13902.58 0.65
882552.25 13902.58 0.65
882552.25 13902.58 0.65
882552.25 13902.58 0.65
882552.25 13902.58 0.65
882552.25 13902.58 0.65
881333.75 14020.53 0.65
879231.38 13972.87 0.65
879231.38 13972.87 0.65
879231.38 13972.87 0.65
879231.38 13972.87 0.65
879231.38 13972.87 0.65
879231.38 13972.87 0.65
879231.38 13972.87 0.65
879231.38 13972.87 0.65
879231.38 13972.87 0.65
879231.38 13972.87 0.65
879231.38 13972.87 0.65
880593.75 13962.87 0.65
880593.75 13962.87 0.65
879231.38 13972.87 0.65
879231.38 13972.87 0.65
879231.38 13972.87 0.65
879231.38 13972.87 0.65
879231.38 13972.87 0.65
879231.38 13972.87 0.65
879231.38 13972.87 0.65
879231.38 13972.87 0.65
879231.38 13972.87 0.65
879231.38 13972.87 0.65
879231.38 13972.87 0.65
879231.38 13972.87 0.65
879231.38 13972.87 0.65
879231.38 13972.87 0.65
879231.38 13972.87 0.65
879231.38 13972.87 0.65
879231.38 13972.87 0.65
879231.38 13972.87 0.65
879231.38 13972.87 0.65
879231.38 13972.87 0.65
879231.38 13972.87 0.65
879231.38 13972.87 0.65
879231.38 13972.87 0.65
879106.31 13909.26 0.67
879106.31 13909.26 0.67
882427.19 13838.97 0.67
858426.56 13751.90 0.68
858426.56 13751.90 0.68
861747.50 13681.61 0.68
861747.50 13681.61 0.68
861747.50 13681.61 0.68
861747.50 13681.61 0.68
861747.50 13681.61 0.68
861747.50 13681.61 0.68
861747.50 13681.61 0.68
863258.31 13671.61 0.68
859937.44 13741.90 0.68
858426.56 13751.90 0.68
858426.56 13751.90 0.68
858426.56 13751.90 0.68
977067.50 15010.44 0.70
973215.88 15059.84 0.70
963839.00 14992.78 0.70
963839.00 14992.78 0.70
958137.56 15041.26 0.79
953670.19 15080.66 0.79
953670.19 15080.66 0.79
944174.31 15459.04 1.19
953670.19 15080.66 0.79
949711.75 15361.90 3.60
953670.19 15080.66 0.79
998162.69 15350.44 0.69
959383.00 15032.18 0.81
958137.56 15041.26 0.79
977067.50 15010.44 0.70
953670.19 15080.66 0.79
958137.56 15041.26 0.79
953670.19 15080.66 0.79
953670.19 15080.66 0.79
953670.19 15080.66 0.79
958137.56 15041.26 0.79
958137.56 15041.26 0.79
958137.56 15041.26 0.79
958137.56 15041.26 0.79
953670.19 15080.66 0.79
958137.56 15041.26 0.79
953670.19 15080.66 0.79
958137.56 15041.26 0.79
953670.19 15080.66 0.79
958137.56 15041.26 0.79
958137.56 15041.26 0.79
953670.19 15080.66 0.79
989339.38 15740.49 0.71
989290.12 15745.49 0.71
972806.12 15614.60 0.77
960579.25 15649.78 0.87
960579.25 15649.78 0.87
960579.25 15649.78 0.87
960579.25 15649.78 0.87
953456.81 15718.24 0.90
953456.81 15718.24 0.90
953456.81 15718.24 0.90
952872.00 15861.95 1.03
952872.00 15861.95 1.03
952872.00 15861.95 1.03
951636.19 15965.27 1.11
951636.19 15965.27 1.11
951636.19 15965.27 1.11
951636.19 15965.27 1.11
951636.19 15965.27 1.11
951636.19 15965.27 1.11
951636.19 15965.27 1.11
951636.19 15965.27 1.11
951636.19 15965.27 1.11
951636.19 15965.27 1.11
951636.19 15965.27 1.11
951636.19 15965.27 1.11
951636.19 15965.27 1.11
951636.19 15965.27 1.11
951636.19 15965.27 1.11
951636.19 15965.27 1.11
951636.19 15965.27 1.11
951636.19 15965.27 1.11
951636.19 15965.27 1.11
951636.19 15965.27 1.11
951636.19 15965.27 1.11
951636.19 15965.27 1.11
951636.19 15965.27 1.11
951636.19 15965.27 1.11
951636.19 15965.27 1.11
952221.00 15821.56 1.11
952221.00 15821.56 1.11
952221.00 15821.56 1.11
952221.00 15821.56 1.11
952221.00 15821.56 1.11
952221.00 15821.56 1.11
952221.00 15821.56 1.11
952221.00 15821.56 1.11
952221.00 15821.56 1.11
952221.00 15821.56 1.11
952221.00 15821.56 1.11
952221.00 15821.56 1.11
952221.00 15821.56 1.11
952221.00 15821.56 1.11
952221.00 15821.56 1.11
952221.00 15821.56 1.11
952221.00 15821.56 1.11
952221.00 15821.56 1.11
952221.00 15821.56 1.11
952221.00 15821.56 1.11
952221.00 15821.56 1.11
952221.00 15821.56 1.11
952221.00 15821.56 1.11
950970.69 15980.34 1.12
950970.69 15980.34 1.12
950970.69 15980.34 1.12
950970.69 15980.34 1.12
950970.69 15980.34 1.12
950970.69 15980.34 1.12
951555.50 15836.63 1.12
950970.69 15980.34 1.12
950970.69 15980.34 1.12
950970.69 15980.34 1.12
950970.69 15980.34 1.12
950970.69 15980.34 1.12
950970.69 15980.34 1.12
950970.69 15980.34 1.12
950970.69 15980.34 1.12
950970.69 15980.34 1.12
950970.69 15980.34 1.12
950970.69 15980.34 1.12
950883.69 16051.31 1.12
1260037.12 18975.17 0.74
1260037.12 18975.17 0.74
1322273.38 19797.82 0.64
825190.19 15389.80 1.96
1219448.50 17905.24 0.86
1167763.12 17250.24 0.90
1038817.38 16881.50 1.31
1222850.75 17835.46 0.86
1167763.12 17250.24 0.90
1219448.50 17905.24 0.86
1042002.81 16838.25 1.31
825190.19 15389.80 1.96
878904.31 15132.66 1.42
1219448.50 17905.24 0.86
878154.44 15137.66 1.42
1117764.38 16777.21 1.19
822978.62 15068.40 2.22
878154.44 15137.66 1.42
850833.88 15673.90 1.54
1248471.62 18355.24 0.85
1167763.12 17250.24 0.90
1167763.12 17250.24 0.90
1149770.88 17236.17 1.02
814233.88 15546.56 1.96
1219448.50 17905.24 0.86
876403.94 15353.61 1.44
842832.94 14597.14 1.55
1222816.38 17878.62 0.86
1222816.38 17878.62 0.86
914747.75 15980.51 1.40
1219448.50 17905.24 0.86
887373.38 15196.85 1.40
1222850.75 17835.46 0.86
1162405.00 17120.24 0.99
878154.44 15137.66 1.42
828291.81 15332.40 1.96
1167763.12 17250.24 0.90
1325480.62 19788.14 0.64
825190.19 15389.80 1.96
850893.62 15239.97 1.46
833445.12 15045.99 1.94
1251903.75 18328.62 0.85
915497.62 15975.51 1.40
1219448.50 17905.24 0.86
1219448.50 17905.24 0.86
1251806.12 18555.13 0.83
842094.56 14602.14 1.55
806431.06 15878.87 2.37
989696.81 16276.50 1.36
1222850.75 17835.46 0.86
1115075.25 16868.33 1.18
1144412.62 17106.17 1.15
1222816.38 17878.62 0.86
1219448.50 17905.24 0.86
1222816.38 17878.62 0.86
1167763.12 17250.24 0.90
1024719.06 15932.47 0.63
1039778.69 15665.20 6.23
1025331.44 15917.40 0.63
1025331.44 15917.40 0.63
1025331.44 15917.40 0.63
1025331.44 15917.40 0.63
1025331.44 15917.40 0.63
1025331.44 15917.40 0.63
1025331.44 15917.40 0.63
1025331.44 15917.40 0.63
1025331.44 15917.40 0.63
1024719.06 15932.47 0.63
1039778.69 15665.20 6.23
1024719.06 15932.47 0.63
1024719.06 15932.47 0.63
1024719.06 15932.47 0.63
1039579.25 15852.40 0.63
1025331.44 15917.40 0.63
1022927.31 16056.09 0.71
1023711.00 15927.40 0.67
1023711.00 15927.40 0.67
1025331.44 15917.40 0.63
1025331.44 15917.40 0.63
1025331.44 15917.40 0.63
1025331.44 15917.40 0.63
1025331.44 15917.40 0.63
1025331.44 15917.40 0.63
1038947.94 15867.47 0.63
1025331.44 15917.40 0.63
1025331.44 15917.40 0.63
1039166.81 15680.27 6.25
1024719.06 15932.47 0.63
1023098.56 15942.47 0.68
1023098.56 15942.47 0.68
1025331.44 15917.40 0.63
1024719.06 15932.47 0.63
1024719.06 15932.47 0.63
1024719.06 15932.47 0.63
1025331.44 15917.40 0.63
1025331.44 15917.40 0.63
1022314.75 16071.16 0.71
1024719.06 15932.47 0.63
1022927.31 16056.09 0.71
1024719.06 15932.47 0.63
1023711.00 15927.40 0.67
1039778.69 15665.20 6.23
1024719.06 15932.47 0.63
1008012.19 16316.13 1.16
1024719.06 15932.47 0.63
1022927.31 16056.09 0.71
1022927.31 16056.09 0.71
1023711.00 15927.40 0.67
1023098.56 15942.47 0.68
1025331.44 15917.40 0.63
1025331.44 15917.40 0.63
1039778.69 15665.20 6.23
1024508.31 15847.02 0.82
1025331.44 15917.40 0.63
1039166.81 15680.27 6.25
1023711.00 15927.40 0.67
1824600.38 26662.30 0.82
1014223.25 15494.12 0.99
1069791.62 15994.39 0.95
1829679.12 26712.30 0.82
1232852.88 18244.96 0.83
1187409.62 17659.09 0.91
995783.88 15536.35 1.10
997990.56 15399.66 1.08
949825.38 15675.74 1.91
920531.25 16646.08 3.28
1017810.00 15674.39 0.97
997990.56 15399.66 1.08
997990.56 15399.66 1.08
919190.56 16611.71 3.32
1006869.31 15394.08 1.00
940491.31 15769.03 2.08
989609.44 15488.87 1.13
1898712.25 27448.62 0.82
1178013.62 17664.67 0.92
909834.12 16567.82 3.34
1070595.88 16504.67 0.93
997990.56 15399.66 1.08
977022.31 15626.83 1.48
977022.31 15626.83 1.48
1014223.25 15494.12 0.99
997990.56 15399.66 1.08
1005328.69 15499.70 1.07
1178013.62 17664.67 0.92
928765.25 15902.91 2.42
978076.62 15798.38 1.46
1017810.00 15674.39 0.97
1178013.62 17664.67 0.92
1009806.31 15199.13 2.68
1187409.62 17659.09 0.91
1005328.69 15499.70 1.07
997990.56 15399.66 1.08
1212147.25 17882.35 0.84
997990.56 15399.66 1.08
997990.56 15399.66 1.08
1079207.25 15988.81 0.95
997990.56 15399.66 1.08
997990.56 15399.66 1.08
997990.56 15399.66 1.08
1178013.62 17664.67 0.92
997990.56 15399.66 1.08
977022.31 15626.83 1.48
1178013.62 17664.67 0.92
1017810.00 15674.39 0.97
997990.56 15399.66 1.08
1005328.69 15499.70 1.07
977022.31 15626.83 1.48
1178013.62 17664.67 0.92
1178013.62 17664.67 0.92
977022.31 15626.83 1.48
997990.56 15399.66 1.08
1006869.31 15394.08 1.00
1318717.12 19178.48 0.62
1078348.62 16744.12 0.74
1039582.06 15925.81 0.77
1031220.00 16033.35 0.79
982656.56 16335.53 1.48
973406.06 16204.61 1.51
973406.06 16204.61 1.51
993743.12 16442.86 1.46
1029187.75 15982.20 0.98
999922.25 15814.74 0.99
1228614.62 17973.56 0.64
973255.81 16396.00 1.69
1103181.50 16519.87 0.64
954362.69 16700.40 2.26
1091813.00 16136.24 0.67
955115.88 14736.44 0.69
945068.06 14806.38 0.71
950362.75 14800.16 0.71
956929.88 14659.80 0.71
951648.25 14666.02 0.71
938138.25 14792.67 0.73
938231.38 14618.52 0.78
943522.25 14612.30 0.78
943522.25 14612.30 0.78
921928.69 14700.17 0.78
919389.88 14751.40 0.81
919389.88 14751.40 0.81
919389.88 14751.40 0.81
919389.88 14751.40 0.81
919389.88 14751.40 0.81
919389.88 14751.40 0.81
919389.88 14751.40 0.81
919389.88 14751.40 0.81
919389.88 14751.40 0.81
919389.88 14751.40 0.81
918713.50 14831.39 0.83
896146.69 14571.39 0.87
896146.69 14571.39 0.87
896146.69 14571.39 0.87
896146.69 14571.39 0.87
896146.69 14571.39 0.87
896146.69 14571.39 0.87
896146.69 14571.39 0.87
896146.69 14571.39 0.87
896146.69 14571.39 0.87
896146.69 14571.39 0.87
896146.69 14571.39 0.87
896146.69 14571.39 0.87
896146.69 14571.39 0.87
896146.69 14571.39 0.87
896146.69 14571.39 0.87
896146.69 14571.39 0.87
896146.69 14571.39 0.87
896146.69 14571.39 0.87
896146.69 14571.39 0.87
920279.06 14432.30 0.87
914988.19 14438.52 0.87
914988.19 14438.52 0.87
914988.19 14438.52 0.87
914988.19 14438.52 0.87
914988.19 14438.52 0.87
914988.19 14438.52 0.87
914988.19 14438.52 0.87
914988.19 14438.52 0.87
920279.06 14432.30 0.87
896146.69 14571.39 0.87
920279.06 14432.30 0.87
920279.06 14432.30 0.87
920279.06 14432.30 0.87
920279.06 14432.30 0.87
920279.06 14432.30 0.87
920279.06 14432.30 0.87
920279.06 14432.30 0.87
920279.06 14432.30 0.87
920279.06 14432.30 0.87
914988.19 14438.52 0.87
901453.50 14565.17 0.87
901453.50 14565.17 0.87
901453.50 14565.17 0.87
901453.50 14565.17 0.87
901453.50 14565.17 0.87
901453.50 14565.17 0.87
901453.50 14565.17 0.87
901453.50 14565.17 0.87
901453.50 14565.17 0.87
901453.50 14565.17 0.87
901453.50 14565.17 0.87
901453.50 14565.17 0.87
901453.50 14565.17 0.87
914191.31 14561.07 0.87
914988.19 14438.52 0.87
914988.19 14438.52 0.87
914988.19 14438.52 0.87
914988.19 14438.52 0.87
961920.69 14966.07 0.77
961920.69 14966.07 0.77
961920.69 14966.07 0.77
999838.88 15092.71 0.73
999838.88 15092.71 0.73
961920.69 14966.07 0.77
999838.88 15092.71 0.73
999838.88 15092.71 0.73
961920.69 14966.07 0.77
999838.88 15092.71 0.73
961920.69 14966.07 0.77
961920.69 14966.07 0.77
961920.69 14966.07 0.77
961920.69 14966.07 0.77
961920.69 14966.07 0.77
999838.88 15092.71 0.73
961920.69 14966.07 0.77
999838.88 15092.71 0.73
999838.88 15092.71 0.73
961920.69 14966.07 0.77
961920.69 14966.07 0.77
961920.69 14966.07 0.77
1003801.44 14997.42 0.57
961920.69 14966.07 0.77
895051.50 15815.64 2.29
961920.69 14966.07 0.77
999838.88 15092.71 0.73
915176.94 14396.41 0.87
961920.69 14966.07 0.77
999838.88 15092.71 0.73
961920.69 14966.07 0.77
999838.88 15092.71 0.73
961920.69 14966.07 0.77
961920.69 14966.07 0.77
967214.62 14909.06 0.77
999838.88 15092.71 0.73
897159.31 14428.43 0.87
999838.88 15092.71 0.73
999838.88 15092.71 0.73
999838.88 15092.71 0.73
961920.69 14966.07 0.77
999838.88 15092.71 0.73
1023702.00 15156.07 0.54
915176.94 14396.41 0.87
877758.56 12961.91 0.56
877758.56 12961.91 0.56
877758.56 12961.91 0.56
877758.56 12961.91 0.56
877758.56 12961.91 0.56
871005.31 12891.91 0.56
875047.12 12881.91 0.56
870700.75 12806.06 5.41
877758.56 12961.91 0.56
817739.81 14022.11 3.95
875047.12 12881.91 0.56
871005.31 12891.91 0.56
881288.81 12933.25 0.56
870831.56 12856.65 0.62
757242.88 14573.58 5.03
761284.69 14563.58 5.03
818642.75 13613.23 4.42
877758.56 12961.91 0.56
865468.88 12965.48 0.74
871005.31 12891.91 0.56
776463.75 14933.17 4.78
811819.38 13808.46 4.29
871005.31 12891.91 0.56
850466.38 12988.74 5.37
812220.88 14279.32 2.36
811819.38 13808.46 4.29
798301.88 14548.37 2.36
816262.69 14269.32 2.36
870831.56 12856.65 0.62
875047.12 12881.91 0.56
875047.12 12881.91 0.56
875047.12 12881.91 0.56
825108.88 13780.92 2.06
869510.69 12955.48 0.74
824835.88 14287.59 1.46
761284.69 14563.58 5.03
823994.19 14116.24 2.06
857020.25 13070.70 1.06
763996.06 14643.58 5.01
830395.50 13315.03 1.60
846552.00 12994.10 1.11
784354.50 14745.96 2.45
846755.56 13029.36 1.06
864384.38 13151.26 0.91
871005.31 12891.91 0.56
870831.56 12856.65 0.62
865649.56 13000.73 0.69
870831.56 12856.65 0.62
874873.38 12846.65 0.62
824835.88 14287.59 1.46
824835.88 14287.59 1.46
871005.31 12891.91 0.56
812220.88 14279.32 2.36
812220.88 14279.32 2.36
830630.44 13350.28 1.55
871005.31 12891.91 0.56
811963.00 14244.07 2.41
843869.56 13069.53 1.11
780762.00 14299.92 4.78
830349.56 13264.44 5.31
824141.31 13794.42 1.68
783324.44 14074.76 5.25
874873.38 12846.65 0.62
881288.81 12933.25 0.56
846755.56 13029.36 1.06
877247.00 12943.25 0.56
796891.12 14230.37 2.60
877247.00 12943.25 0.56
1075678.38 16973.27 0.77
1087389.88 16943.34 0.77
997947.44 15703.34 0.78
961883.94 15283.75 0.79
967901.94 15178.89 0.79
868142.69 14479.15 0.81
864620.38 14245.13 0.83
864620.38 14245.13 0.83
864620.38 14245.13 0.83
858602.38 14349.99 0.83
858602.38 14349.99 0.83
858140.38 14464.99 0.83
858602.38 14290.98 0.96
858602.38 14290.98 0.96
858602.38 14290.98 0.96
858602.38 14290.98 0.96
858602.38 14290.98 0.96
858602.38 14290.98 0.96
858602.38 14290.98 0.96
858602.38 14290.98 0.96
858602.38 14290.98 0.96
858602.38 14290.98 0.96
858602.38 14290.98 0.96
858602.38 14290.98 0.96
864620.38 14186.12 0.96
858602.38 14290.98 0.96
858602.38 14290.98 0.96
858602.38 14290.98 0.96
858602.38 14290.98 0.96
858602.38 14290.98 0.96
858140.38 14405.98 0.96
858140.38 14405.98 0.96
858140.38 14405.98 0.96
853374.19 14440.92 0.96
853374.19 14440.92 0.96
858602.38 14290.98 0.96
864620.38 14186.12 0.96
864620.38 14186.12 0.96
864620.38 14186.12 0.96
864620.38 14186.12 0.96
864620.38 14186.12 0.96
864620.38 14186.12 0.96
864620.38 14186.12 0.96
864620.38 14186.12 0.96
864620.38 14186.12 0.96
864620.38 14186.12 0.96
864620.38 14186.12 0.96
864620.38 14186.12 0.96
864620.38 14186.12 0.96
864620.38 14186.12 0.96
864620.38 14186.12 0.96
864620.38 14186.12 0.96
858602.38 14290.98 0.96
858602.38 14290.98 0.96
858602.38 14290.98 0.96
858602.38 14290.98 0.96
858602.38 14290.98 0.96
858602.38 14290.98 0.96
858602.38 14290.98 0.96
858602.38 14290.98 0.96
858602.38 14290.98 0.96
858602.38 14290.98 0.96
864620.38 14186.12 0.96
864620.38 14186.12 0.96
864620.38 14186.12 0.96
864620.38 14186.12 0.96
847515.69 14480.44 1.10
847515.69 14480.44 1.10
847515.69 14480.44 1.10
847515.69 14480.44 1.10
847515.69 14480.44 1.10
847515.69 14480.44 1.10
847515.69 14480.44 1.10
847515.69 14480.44 1.10
847515.69 14480.44 1.10
847515.69 14480.44 1.10
847515.69 14480.44 1.10
847515.69 14480.44 1.10
847515.69 14480.44 1.10
847515.69 14480.44 1.10