1749045.88 25317.36 1.30
1758014.25 25092.17 1.30
1721024.12 24940.64 1.30
1732020.38 24432.17 1.30
1667706.88 23857.17 1.31
1624685.50 23572.17 1.44
1580578.50 23235.64 1.55
1556954.00 23052.39 1.74
1556954.00 23052.39 1.74
1557050.75 23022.39 1.74
1494077.25 22595.25 1.83
1301170.00 20391.85 2.11
1171855.62 18632.82 2.15
1165266.38 18863.06 2.30
1165266.38 18701.79 2.34
1149903.62 18104.97 2.40
1146823.12 18345.57 2.53
1135412.25 18742.73 2.55
1107663.50 18238.91 2.64
1114249.88 18169.95 2.64
1114249.88 18169.95 2.64
1114249.88 18169.95 2.64
1114249.88 18169.95 2.64
1114249.88 18169.95 2.64
1107663.50 18238.91 2.64
1107663.50 18238.91 2.64
1107663.50 18238.91 2.64
1107663.50 18238.91 2.64
1125296.62 18028.31 2.75
1125296.62 18028.31 2.75
1131883.00 17959.35 2.75
1101114.62 18809.80 3.01
1123945.75 17535.63 3.28
1121835.25 17649.59 3.36
1121835.25 17649.59 3.36
1121835.25 17649.59 3.36
1121835.25 17649.59 3.36
1121835.25 17649.59 3.36
1121835.25 17649.59 3.36
1121835.25 17649.59 3.36
1121835.25 17649.59 3.36
1121835.25 17649.59 3.36
1121835.25 17649.59 3.36
1121835.25 17649.59 3.36
1121835.25 17649.59 3.36
1121835.25 17649.59 3.36
1146036.38 17370.03 3.48
1146036.38 17370.03 3.48
1139450.00 17438.99 3.48
1139450.00 17438.99 3.48
1139450.00 17438.99 3.48
1139450.00 17438.99 3.48
1139450.00 17438.99 3.48
1139450.00 17438.99 3.48
1139450.00 17438.99 3.48
1139450.00 17438.99 3.48
1115024.88 17939.02 3.57
1133152.88 17497.47 4.81
1133152.88 17497.47 4.81
1150767.62 17286.87 4.81
1150767.62 17286.87 4.81
1150767.62 17286.87 4.81
1150767.62 17286.87 4.81
1150767.62 17286.87 4.81
1150767.62 17286.87 4.81
1150767.62 17286.87 4.81
1133152.88 17497.47 4.81
1133152.88 17497.47 4.81
1133152.88 17497.47 4.81
1133152.88 17497.47 4.81
1133152.88 17497.47 4.81
1133152.88 17497.47 4.81
1133152.88 17497.47 4.81
1133152.88 17497.47 4.81
1157340.75 17217.90 4.85
1139726.00 17428.51 4.85
1139726.00 17428.51 4.85
1139726.00 17428.51 4.85
1139726.00 17428.51 4.85
1139726.00 17428.51 4.85
1532427.50 23141.18 1.14
1474039.25 22968.46 1.27
1288159.75 21015.07 1.27
1341441.88 20458.68 1.32
1364444.38 20350.64 1.32
1245843.50 19668.68 1.33
1203930.38 19008.68 1.34
1180192.62 19123.68 1.36
1131903.88 18018.67 1.38
1128514.38 18288.68 1.38
1089980.25 17653.68 1.40
1092717.75 17383.67 1.40
1076619.62 17682.04 1.40
1085969.50 17466.57 1.41
1047611.69 17645.75 1.54
1071093.00 17460.20 1.54
1071093.00 17460.20 1.54
1047611.69 17645.75 1.54
1047611.69 17645.75 1.54
1047611.69 17645.75 1.54
1047611.69 17645.75 1.54
1098043.12 17369.97 1.54
1093153.88 17363.67 1.57
1043143.50 18201.66 1.76
1043143.50 18201.66 1.76
1043143.50 18201.66 1.76
1069581.00 17534.75 3.67
1060884.25 17597.21 3.82
1069246.38 17533.12 3.84
1069246.38 17533.12 3.84
1069246.38 17533.12 3.84
1121920.38 17255.17 3.93
1121920.38 17255.17 3.93
1121473.00 17260.17 3.93
1121920.38 17255.17 3.93
1092266.50 17415.92 3.99
1087681.38 17400.20 4.02
1086664.12 17391.58 4.05
1075755.12 17394.62 4.06
1055254.88 17562.85 4.14
1557027.50 23223.53 1.13
1115112.25 17233.79 4.27
1091307.25 17436.58 3.84
1121920.38 17255.17 3.93
1069127.62 17569.21 1.41
1063805.62 17543.10 1.54
1047611.69 17645.75 1.54
1093601.25 17358.67 1.57
1702151.00 25113.53 1.13
1116059.25 17215.17 4.12
1047611.69 17645.75 1.54
1071093.00 17460.20 1.54
1086313.88 17441.57 1.57
1507822.88 22868.53 1.21
1063805.62 17543.10 1.54
1038923.44 18431.90 2.43
1063805.62 17543.10 1.54
1099226.00 17356.71 3.93
1069246.38 17533.12 3.84
1097816.00 17298.08 4.06
1043143.50 18201.66 1.76
1071093.00 17460.20 1.54
1071093.00 17460.20 1.54
1086313.88 17441.57 1.57
1063805.62 17543.10 1.54
1674350.12 24533.99 1.19
1454069.50 21832.54 1.20
1339530.12 20486.16 1.21
1325724.25 20201.32 1.30
1256406.38 19434.76 1.30
1251591.25 19207.06 1.34
1249267.88 19465.77 1.37
1249267.88 19465.77 1.37
1216637.38 18896.81 1.40
1208018.38 18908.18 1.41
1208018.38 18908.18 1.41
1208018.38 18908.18 1.41
1208018.38 18908.18 1.41
1206833.75 19146.82 1.43
1200938.75 18939.20 1.48
1200938.75 18939.20 1.48
1200938.75 18939.20 1.48
1199751.50 19238.75 1.48
1207550.75 18818.34 1.49
1207550.75 18818.34 1.49
1207550.75 18818.34 1.49
1207550.75 18818.34 1.49
1207550.75 18818.34 1.49
1207550.75 18818.34 1.49
1207550.75 18818.34 1.49
1207550.75 18818.34 1.49
1207550.75 18818.34 1.49
1207550.75 18818.34 1.49
1207550.75 18818.34 1.49
1207550.75 18818.34 1.49
1207550.75 18818.34 1.49
1207550.75 18818.34 1.49
1207550.75 18818.34 1.49
1207550.75 18818.34 1.49
1207550.75 18818.34 1.49
1207550.75 18818.34 1.49
1207550.75 18818.34 1.49
1207550.75 18818.34 1.49
1207550.75 18818.34 1.49
1207550.75 18818.34 1.49
1207550.75 18818.34 1.49
1199751.50 19144.32 1.49
1200471.12 18849.35 1.57
1200471.12 18849.35 1.57
1200471.12 18849.35 1.57
1200471.12 18849.35 1.57
1200471.12 18849.35 1.57
1200471.12 18849.35 1.57
1200471.12 18849.35 1.57
1200471.12 18849.35 1.57
1200471.12 18849.35 1.57
1198225.62 18978.69 1.57
1200471.12 18849.35 1.57
1200471.12 18849.35 1.57
1200471.12 18849.35 1.57
1200471.12 18849.35 1.57
1200471.12 18849.35 1.57
1200471.12 18849.35 1.57
1200471.12 18849.35 1.57
1200471.12 18849.35 1.57
1200471.12 18849.35 1.57
1200471.12 18849.35 1.57
1200471.12 18849.35 1.57
1200471.12 18849.35 1.57
1200471.12 18849.35 1.57
1200471.12 18849.35 1.57
1200471.12 18849.35 1.57
1190254.62 19148.40 1.64
1197334.12 19117.38 1.64
1197334.12 19117.38 1.64
1197334.12 19117.38 1.64
1197334.12 19117.38 1.64
1190254.62 19148.40 1.64
1190254.62 19148.40 1.64
1190254.62 19148.40 1.64
1190254.62 19148.40 1.64
1190254.62 19148.40 1.64
1197334.12 19117.38 1.64
1190254.62 19148.40 1.64
1190254.62 19148.40 1.64
2128983.25 31270.20 1.59
1673652.25 25166.25 1.69
1751936.25 25960.52 1.61
1651701.38 24956.25 1.70
1716988.00 25620.30 1.67
1316973.75 19627.99 5.97
1673652.25 25166.25 1.69
1673652.25 25166.25 1.69
1750364.75 26093.60 1.62
1314220.50 20374.28 1.83
1316973.75 19627.99 5.97
1764427.75 26305.52 1.60
1716988.00 25620.30 1.67
1318208.62 20380.64 1.80
1313936.38 19697.99 6.76
1318208.62 20380.64 1.80
1240983.62 20668.68 2.25
1314220.50 20374.28 1.83
1314220.50 20374.28 1.83
1314220.50 20374.28 1.83
1326461.62 20153.79 1.83
1341556.62 20313.05 1.70
1314220.50 20374.28 1.83
1252504.00 20638.68 2.25
1240983.62 20668.68 2.25
1299338.12 19783.79 1.87
1330449.75 20160.15 1.80
1314220.50 20374.28 1.83
1314220.50 20374.28 1.83
1262313.50 20598.40 3.85
1912740.00 27436.48 1.59
1250793.12 20639.42 3.84
1252504.00 20638.68 2.25
1262313.50 20609.42 3.84
1318208.62 20380.64 1.80
1252504.00 20638.68 2.25
1292265.12 20576.12 6.51
2230055.00 31195.24 1.47
1163558.25 20037.03 4.87
1257452.25 21211.43 3.41
1215222.50 21339.45 3.14
1199348.75 20951.81 3.74
1213281.38 21245.85 3.38
1282193.38 20711.71 4.08
1628391.38 23981.42 1.03
1484090.00 22009.17 1.32
1611316.25 23631.77 1.10
1310244.25 20249.24 1.71
1397037.38 21072.29 1.35
1313534.38 19723.39 2.32
1285132.25 20537.14 2.32
1509574.62 21816.93 1.33
1641891.25 23714.78 1.03
1306345.25 19937.16 2.32
1303829.62 19953.28 2.32
1286468.38 20387.96 2.32
1317319.75 19871.93 1.59
1315838.38 19861.93 1.71
1292347.88 20022.46 2.32
1532292.25 22839.22 1.16
1384083.38 20717.55 1.37
1271077.75 19999.92 1.28
1255795.75 19454.34 1.29
1263371.62 19336.38 1.29
1245391.38 18971.38 1.34
1245391.38 18971.38 1.34
1237815.50 19089.34 1.34
1237815.50 19089.34 1.34
1237815.50 19089.34 1.34
1237815.50 19089.34 1.34
1237815.50 19089.34 1.34
1237815.50 19089.34 1.34
1237815.50 19089.34 1.34
1271806.50 19799.76 1.28
1243827.62 19724.76 1.28
1231694.88 19214.76 1.34
1249675.12 19579.76 1.29
1237815.50 19089.34 1.34
1231694.88 19214.76 1.34
1231694.88 19214.76 1.34
1231694.88 19214.76 1.34
1231694.88 19214.76 1.34
1277927.00 19674.34 1.28
1255795.75 19454.34 1.29
1245391.38 18971.38 1.34
1255795.75 19454.34 1.29
1245391.38 18971.38 1.34
1231694.88 19214.76 1.34
1285502.88 19556.38 1.28
1237815.50 19089.34 1.34
1231694.88 19214.76 1.34
1249948.12 19599.34 1.28
1285502.88 19556.38 1.28
1285502.88 19556.38 1.28
1237815.50 19089.34 1.34
1249675.12 19579.76 1.29
1237815.50 19089.34 1.34
1249948.12 19599.34 1.28
1249675.12 19579.76 1.29
1237815.50 19089.34 1.34
1271806.50 19799.76 1.28
1230966.12 19414.92 1.34
1237815.50 19089.34 1.34
1271806.50 19799.76 1.28
1257524.00 19481.38 1.28
1231694.88 19214.76 1.34
1249675.12 19579.76 1.29
1237815.50 19089.34 1.34
1237815.50 19089.34 1.34
1245391.38 18971.38 1.34
1237815.50 19089.34 1.34
1237815.50 19089.34 1.34
1237815.50 19089.34 1.34
1271806.50 19799.76 1.28
1245391.38 18971.38 1.34
1231694.88 19214.76 1.34
1263371.62 19336.38 1.29
1249675.12 19579.76 1.29
1237815.50 19089.34 1.34
1271806.50 19799.76 1.28
1245391.38 18971.38 1.34
1231694.88 19214.76 1.34
1237815.50 19089.34 1.34
1231694.88 19214.76 1.34
1231694.88 19214.76 1.34
1231694.88 19214.76 1.34
1231694.88 19214.76 1.34
1245391.38 18971.38 1.34
1237815.50 19089.34 1.34
1726478.12 24926.06 1.23
1135365.12 19462.62 1.48
1110450.12 19112.62 1.48
1110450.12 19112.62 1.48
1115806.75 18552.54 1.48
1091836.38 18910.35 1.53
1112882.00 18818.22 1.63
1088558.25 18419.54 1.66
1085154.12 18485.84 1.67
1108231.25 18225.74 1.67
1084846.50 18643.90 1.67
1084846.50 18643.90 1.67
1084846.50 18643.90 1.67
1084846.50 18643.90 1.67
1077982.62 18696.09 1.67
1077982.62 18696.09 1.67
1085154.12 18485.84 1.67
1085154.12 18485.84 1.67
1085154.12 18485.84 1.67
1085154.12 18485.84 1.67
1084975.00 18399.54 1.71
1077501.25 18767.85 1.71
1077803.38 18609.79 1.71
1083758.75 18587.01 1.71
1084975.00 18399.54 1.71
1084672.88 18557.60 1.71
1104375.88 18142.17 1.71
1073809.88 18770.58 1.71
1073809.88 18770.58 1.71
1073809.88 18770.58 1.71
1081305.88 18402.27 1.71
1081350.50 18364.53 1.71
1080981.38 18560.33 1.71
1080981.38 18560.33 1.71
1080981.38 18560.33 1.71
1081305.88 18402.27 1.71
1081305.88 18402.27 1.71
1081305.88 18402.27 1.71
1081305.88 18402.27 1.71
1081305.88 18402.27 1.71
1076512.88 18488.47 1.75
1076453.88 18526.21 1.75
1076453.88 18526.21 1.75
1069986.50 18958.34 1.76
1069986.50 18958.34 1.76
1073657.88 18955.61 1.76
1070030.50 18920.60 1.78
1073715.75 18917.87 1.78
1073715.75 18917.87 1.78
1073715.75 18917.87 1.78
1070030.50 18920.60 1.78
1073715.75 18917.87 1.78
1070030.50 18920.60 1.78
1070030.50 18920.60 1.78
1070030.50 18920.60 1.78
1070030.50 18920.60 1.78
1070030.50 18920.60 1.78
1070030.50 18920.60 1.78
1081305.88 18402.27 1.71
1069934.88 19631.77 5.01
1080981.38 18560.33 1.71
1091261.00 18252.54 1.71
1074134.25 18612.52 1.71
1074134.25 18612.52 1.71
1074179.00 18574.78 1.71
1138887.38 19116.79 1.45
1084975.00 18399.54 1.71
1080981.38 18560.33 1.71
1080981.38 18560.33 1.71
1171791.75 18882.30 1.01
1115008.62 18453.05 6.02
1171791.75 18882.30 1.01
1127213.62 18366.48 1.04
1139324.38 18489.37 1.03
1114455.00 18629.17 1.45
1115666.88 18142.63 5.72
1127213.62 18366.48 1.04
1115368.88 18599.69 1.46
1127213.62 18366.48 1.04
1127213.62 18366.48 1.04
1114455.00 18837.07 1.44
1139324.38 18489.37 1.03
1127213.62 18366.48 1.04
1152579.38 18765.51 1.03
1127213.62 18366.48 1.04
1148165.75 18223.39 1.63
1162412.88 18810.33 1.02
1162412.88 18810.33 1.02
1148165.75 18223.39 1.63
1153301.88 18212.39 1.63
1127213.62 18366.48 1.04
1115368.88 18599.69 1.46
1135877.62 17907.60 5.76
1114455.00 18837.07 1.44
1114455.00 18629.17 1.45
1127213.62 18366.48 1.04
1131376.75 17918.60 5.77
1153301.88 18212.39 1.63
1127213.62 18366.48 1.04
1127213.62 18366.48 1.04
1127213.62 18366.48 1.04
1127213.62 18366.48 1.04
1093729.25 18662.23 1.81
1127213.62 18366.48 1.04
1127213.62 18366.48 1.04
1109856.88 18464.06 5.99
1127213.62 18366.48 1.04
1127213.62 18366.48 1.04
1117283.75 18050.81 5.67
1105128.75 18525.51 1.49
1133469.50 17872.60 5.77
1122077.62 18377.48 1.11
1115368.88 18599.69 1.46
1819958.00 26382.59 1.43
1633791.62 24282.20 1.44
1634670.62 24012.45 1.44
1548762.00 23220.95 1.55
1562980.25 23133.72 1.64
1141870.12 18401.04 2.42
1112567.38 19643.35 2.42
1121109.12 19204.10 2.42
1135863.75 18985.93 2.42
1090565.75 19455.06 2.53
1105296.00 19212.16 2.53
1105296.00 19212.16 2.53
1120050.62 19026.66 2.53
1088399.62 19318.35 2.55
1103093.12 19037.77 2.55
1114805.75 18681.20 2.55
1114805.75 18681.20 2.55
1114805.75 18681.20 2.55
1129560.38 18463.03 2.55
1129560.38 18463.03 2.55
1115458.88 18439.68 2.60
1097162.12 18634.05 2.61
1097162.12 18634.05 2.61
1086175.62 19491.20 2.61
1111916.75 18415.88 2.61
1112364.00 18235.42 2.68
1096877.75 18453.59 2.68
1118833.75 18201.04 2.69
1103347.62 18419.21 2.69
1096476.00 18898.62 2.77
1093643.75 18638.30 2.84
1078704.38 18856.47 2.84
1093643.75 18638.30 2.84
1093643.75 18638.30 2.84
1072168.88 18776.80 2.86
1072168.88 18776.80 2.86
1072168.88 18776.80 2.86
1072168.88 18776.80 2.86
1079959.12 18366.90 2.86
1079959.12 18366.90 2.86
1079959.12 18366.90 2.86
1095445.25 18148.73 2.86
1078655.38 18742.42 2.87
1078655.38 18742.42 2.87
1101931.88 18114.35 2.87
1071251.25 19482.54 2.89
1095776.75 18074.94 2.89
1095776.75 18074.94 2.89
1080290.50 18293.11 2.89
1080290.50 18293.11 2.89
1072480.25 18703.01 2.89
1095465.38 18019.35 2.90
1095465.38 18019.35 2.90
1095465.38 18019.35 2.90
1072168.88 18647.42 2.90
1072168.88 18647.42 2.90
1084562.25 18173.59 2.90
1100048.50 17955.42 2.90
1100048.50 17955.42 2.90
1119372.75 19181.55 2.53
1086445.62 18332.52 2.87
1096877.75 18324.21 2.72
1080290.50 18293.11 2.89
1231789.50 20317.72 1.74
1129560.38 18463.03 2.55
1079959.12 18237.52 2.90
1072480.25 18703.01 2.89
1114805.75 18681.20 2.55
1093736.38 18096.38 3.60
1096877.75 18453.59 2.68
1097162.12 18634.05 2.61
1156307.50 19452.66 3.42
1485214.25 24808.60 1.61
1527347.12 24375.77 1.42
1495493.88 24670.15 1.53
1394249.62 22155.00 1.89
1503679.38 24466.52 1.66
1403100.12 23024.03 1.72
1441915.50 23404.03 1.71
1348024.38 22379.03 1.93
1385536.00 21854.66 1.91
1509474.38 24765.15 1.52
1296777.75 21985.23 2.15
1324376.38 21368.71 1.99
1475099.38 22429.66 1.78
1316665.88 20970.93 2.09
1288941.62 21025.32 2.35
1465014.25 22934.29 1.78
1372460.50 22075.20 1.91
1272279.88 21134.14 2.35
1471550.38 23318.35 1.71
1408538.88 21777.70 1.89
1482146.62 23083.30 1.69
1296670.00 21985.23 2.15
1465014.25 22934.29 1.78
1481635.50 22813.71 1.71
1325531.00 21069.66 1.99
1304921.62 21040.93 2.09
1308248.50 21432.77 1.99
1512369.62 22998.71 1.64
1484394.75 22174.66 1.78
1325966.38 20844.66 1.99
1475099.38 22429.66 1.78
1481635.50 22813.71 1.71
1448837.00 22611.59 1.80
1294021.62 20965.48 2.19
1304335.00 21668.30 1.99
1297628.12 21583.30 1.99
1442536.50 23753.50 1.68
1282276.38 21035.48 2.19
1465014.25 22934.29 1.78
1373426.12 21993.71 1.91
1118363.75 18042.90 0.80
1066195.00 17994.76 0.92
1026118.44 17964.57 1.26
1094440.38 17642.90 0.87
1066195.00 17994.76 0.92
1093523.50 16996.56 4.24
1093761.75 16802.48 4.09
1130226.12 16773.99 4.93
1114866.50 17157.48 4.08
1114866.50 17157.48 4.08
1025137.50 18086.25 1.36
1068709.12 17354.32 0.92
1062349.38 17094.34 4.33
1131243.25 16763.99 4.92
1066195.00 17994.76 0.92
1067743.38 17476.00 0.97
1099673.38 18275.07 0.79
1093523.50 16996.56 4.24
1106786.62 17988.54 0.85
1061970.50 17726.45 0.98
1055770.25 17491.28 1.05
1085203.00 18260.35 0.86
1078983.88 17509.32 0.88
1130226.12 16773.99 4.93
1068709.12 17354.32 0.92
1115881.62 17147.48 4.08
1068709.12 17354.32 0.92
1078983.88 17509.32 0.88
1099075.12 17159.33 4.08
1056736.00 17369.60 1.05
1074159.00 17711.18 0.87
1056736.00 17369.60 1.05
1079999.00 17499.32 0.88
1114866.50 17157.48 4.08
1093523.50 16996.56 4.24
1056736.00 17369.60 1.05
1078983.88 17509.32 0.88
1068709.12 17354.32 0.92
1066795.38 17524.60 1.02
1079999.00 17499.32 0.88
1068709.12 17354.32 0.92
1024772.44 17783.30 1.43
1092557.88 17118.24 4.24
1078983.88 17509.32 0.88
1078983.88 17509.32 0.88
1026118.44 17964.57 1.26
1037211.62 17420.38 4.35
1029368.06 17824.97 1.26
1031573.62 17695.63 1.28
1114866.50 17157.48 4.08
1068709.12 17354.32 0.92
1040139.62 17275.78 4.38
1078983.88 17509.32 0.88
1035141.38 17561.03 1.26
1093523.50 16996.56 4.24
1056736.00 17369.60 1.05
1093523.50 16996.56 4.24
1091160.50 18016.18 0.85
1065848.62 17646.28 1.02
1093523.50 16996.56 4.24
1130226.12 16773.99 4.93
1093523.50 16996.56 4.24
1066795.38 17524.60 1.02
1996910.12 29653.50 1.06
2015458.50 29513.50 1.06
1122004.62 19240.36 1.12
1132454.00 19000.23 1.13
1132454.00 19000.23 1.13
1132454.00 19000.23 1.13
1132454.00 19000.23 1.13
1132454.00 19000.23 1.13
1132454.00 19000.23 1.13
1132454.00 19000.23 1.13
1132454.00 19000.23 1.13
1132454.00 19000.23 1.13
1132454.00 19000.23 1.13
1132454.00 19000.23 1.13
1132454.00 19000.23 1.13
1132454.00 19000.23 1.13
1132454.00 19000.23 1.13
1132454.00 19000.23 1.13
1132454.00 19000.23 1.13
1132454.00 19000.23 1.13
1132454.00 19000.23 1.13
1132454.00 19000.23 1.13
1132454.00 19000.23 1.13
1132454.00 19000.23 1.13
1132454.00 19000.23 1.13
1132454.00 19000.23 1.13
1132454.00 19000.23 1.13
1132454.00 19000.23 1.13
1132454.00 19000.23 1.13
1132454.00 19000.23 1.13
1132454.00 19000.23 1.13
1132454.00 19000.23 1.13
1132454.00 19000.23 1.13
1132454.00 19000.23 1.13
1132454.00 19000.23 1.13
1132454.00 19000.23 1.13
1132454.00 19000.23 1.13
1132308.38 19000.23 1.13
1132308.38 19000.23 1.13
1132308.38 19000.23 1.13
1132308.38 19000.23 1.13
1132308.38 19000.23 1.13
1132308.38 19000.23 1.13
1132308.38 19000.23 1.13
1132308.38 19000.23 1.13
1132308.38 19000.23 1.13
1132308.38 19000.23 1.13
1132308.38 19000.23 1.13
1132308.38 19000.23 1.13
1132308.38 19000.23 1.13
1132308.38 19000.23 1.13
1132454.00 19000.23 1.13
1132454.00 19000.23 1.13
1132454.00 19000.23 1.13
1122860.62 19118.68 5.09
1132454.00 19000.23 1.13
1123182.12 19090.36 1.12
1123182.12 19090.36 1.12
1194217.25 19855.23 1.11
1132454.00 19000.23 1.13
1132454.00 19000.23 1.13
1122860.62 19118.68 5.09
1123290.12 18921.37 1.66
1119274.00 19504.33 1.70
1123104.88 18794.43 1.73
1123182.12 19090.36 1.12
1139796.75 17500.95 5.03
1188578.38 18263.69 4.18
1188578.38 18263.69 4.18
1158459.00 18697.27 1.65
1207547.38 18795.74 1.22
1173902.50 18751.62 1.48
1116657.00 18087.09 5.63
1173902.50 18751.62 1.48
1158459.00 18697.27 1.65
1116657.00 18087.09 5.63
1196851.50 18685.74 1.34
1158495.62 18286.20 3.96
1173902.50 18751.62 1.48
1165262.88 18523.94 2.39
1110861.38 18337.60 4.19
1173902.50 18751.62 1.48
1213635.38 18835.81 1.21
1173902.50 18751.62 1.48
1157146.12 18358.83 2.58
1119305.88 17758.78 5.63
1157146.12 18358.83 2.58
1158459.00 18697.27 1.65
1116657.00 18087.09 5.63
1173902.50 18751.62 1.48
1155722.12 18508.94 2.41
1158495.62 18286.20 3.96
1173902.50 18751.62 1.48
1158459.00 18697.27 1.65
1633352.00 23379.05 1.27
1628002.00 23737.20 1.27
1628002.00 23737.20 1.27
1609938.50 23725.15 1.33
1625380.88 23477.00 1.33
1625380.88 23477.00 1.33
1565224.12 22642.00 1.41
1565224.12 22642.00 1.41
1565224.12 22642.00 1.41
1542941.62 22646.33 1.66
1408386.62 21620.18 1.74
1362661.88 21297.39 1.75
1362512.75 21491.13 1.82
1272870.75 19578.58 1.86
1264899.50 19676.54 1.99
1264899.50 19676.54 1.99
1264899.50 19676.54 1.99
1264899.50 19676.54 1.99
1264899.50 19676.54 1.99
1264899.50 19676.54 1.99
1257058.75 19834.65 1.99
1257058.75 19834.65 1.99
1257058.75 19834.65 1.99
1550272.12 22442.00 1.49
1244590.25 19956.86 1.99
1565224.12 22642.00 1.41
1257058.75 19834.65 1.99
1244211.12 20233.80 2.32
1257058.75 19834.65 1.99
1309769.38 20443.91 1.85
1272870.75 19578.58 1.86
1252917.50 19825.87 2.32
1550272.12 22442.00 1.49
1252561.38 19858.91 1.85
1264899.50 19676.54 1.99
1638965.75 23887.20 1.19
1257058.75 19834.65 1.99
1550272.12 22442.00 1.49
1625380.88 23477.00 1.33
1272870.75 19578.58 1.86
1272870.75 19578.58 1.86
1264899.50 19676.54 1.99
1257058.75 19834.65 1.99
1272870.75 19578.58 1.86
1450772.00 22050.18 1.73
1260337.50 19700.79 1.85
1244590.25 19956.86 1.99
1272870.75 19578.58 1.86
1625380.88 23477.00 1.33
1264899.50 19676.54 1.99
1272870.75 19578.58 1.86
1368848.25 20993.96 1.80
1264899.50 19676.54 1.99
1542941.62 22646.33 1.66
1565224.12 22642.00 1.41
1252917.50 19825.87 2.32
1565224.12 22642.00 1.41
1264899.50 19676.54 1.99
1565224.12 22642.00 1.41
1567346.75 22444.05 1.41
1565224.12 22642.00 1.41
1550272.12 22442.00 1.49
1406321.38 21970.66 1.70
1718157.38 26129.63 1.03
1117249.38 18850.94 2.30
1117658.25 18626.11 2.30
1076373.62 18698.91 3.29
1117658.25 18626.11 2.30
1087438.25 17458.07 4.65
1086332.75 18481.46 2.73
1535817.12 23782.96 1.09
1101793.62 18305.99 3.22
1077990.12 18824.61 3.27
1291836.25 19727.80 2.22
1215321.88 19694.99 2.25
1094000.12 18911.29 2.66
1094409.00 18686.46 2.66
1422544.00 21425.42 1.70
1431265.75 21875.14 1.64
1079286.12 19155.06 3.09
1095874.12 17091.75 4.48
1085923.88 18706.29 2.73
1117249.38 18850.94 2.30
1250859.88 20023.22 1.96
1094409.00 18686.46 2.66
1094409.00 18686.46 2.66
1117658.25 18626.11 2.30
1094409.00 18686.46 2.66
1117658.25 18626.11 2.30
1112189.38 18206.15 3.34
1199706.25 19765.94 2.19
1086332.75 18481.46 2.73
1077990.12 18824.61 3.27
1094000.12 18911.29 2.66
1417397.62 22123.50 1.63
1081720.38 18831.09 3.03
1084307.25 18580.59 2.79
1078117.00 18235.14 3.29
1117249.38 18850.94 2.30
1117920.00 18264.58 2.30
1116474.38 18784.86 2.34
1161963.00 19146.11 2.29
1112552.75 18181.15 3.32