1097393.25 16387.30 0.72
1089830.75 16387.50 0.72
1096485.50 16387.30 0.72
1088923.00 16387.50 0.72
1088923.00 16387.50 0.72
1088923.00 16387.50 0.72
1088923.00 16387.50 0.72
1088923.00 16387.50 0.72
1088923.00 16387.50 0.72
1088923.00 16387.50 0.72
1088923.00 16387.50 0.72
1096485.50 16387.30 0.72
1096485.50 16387.30 0.72
1096485.50 16387.30 0.72
1096485.50 16387.30 0.72
1096485.50 16387.30 0.72
1083711.75 16337.50 0.76
1083711.75 16337.50 0.76
1091274.25 16337.30 0.76
1091274.25 16337.30 0.76
1079558.12 16394.45 0.79
1079558.12 16394.45 0.79
1079558.12 16394.45 0.79
1079558.12 16394.45 0.79
1072184.12 16305.17 0.80
1078848.50 16284.97 0.80
1078848.50 16284.97 0.80
1057233.88 16273.05 0.83
1048755.50 16284.95 0.87
1048755.50 16284.95 0.87
1048755.50 16284.95 0.87
1048755.50 16284.95 0.87
1048755.50 16284.95 0.87
1048755.50 16284.95 0.87
1048755.50 16284.95 0.87
1048755.50 16284.95 0.87
1048755.50 16284.95 0.87
1048755.50 16284.95 0.87
1048755.50 16284.95 0.87
1048755.50 16284.95 0.87
1048755.50 16284.95 0.87
1048755.50 16284.95 0.87
1048755.50 16284.95 0.87
1048755.50 16284.95 0.87
1048755.50 16284.95 0.87
1048755.50 16284.95 0.87
1048755.50 16284.95 0.87
1048755.50 16284.95 0.87
1048755.50 16284.95 0.87
1048755.50 16284.95 0.87
1048755.50 16284.95 0.87
1048755.50 16284.95 0.87
1048755.50 16284.95 0.87
1048755.50 16284.95 0.87
1048755.50 16284.95 0.87
1048755.50 16284.95 0.87
1048755.50 16284.95 0.87
1048755.50 16284.95 0.87
1048755.50 16284.95 0.87
1041196.38 16285.16 0.88
1041196.38 16285.16 0.88
1041196.38 16285.16 0.88
1041196.38 16285.16 0.88
1041196.38 16285.16 0.88
1041196.38 16285.16 0.88
1041196.38 16285.16 0.88
1041196.38 16285.16 0.88
1041196.38 16285.16 0.88
1041196.38 16285.16 0.88
1041196.38 16285.16 0.88
1041196.38 16285.16 0.88
1041196.38 16285.16 0.88
1041196.38 16285.16 0.88
1041196.38 16285.16 0.88
1041196.38 16285.16 0.88
1041196.38 16285.16 0.88
1041196.38 16285.16 0.88
1041196.38 16285.16 0.88
1041196.38 16285.16 0.88
1041196.38 16285.16 0.88
1196921.75 18596.80 0.69
935180.50 15981.22 0.83
935180.50 15981.22 0.83
935180.50 15981.22 0.83
935180.50 15981.22 0.83
935180.50 15981.22 0.83
935180.50 15981.22 0.83
935180.50 15981.22 0.83
943970.50 15899.21 0.83
943970.50 15899.21 0.83
943970.50 15899.21 0.83
944840.44 15890.55 0.83
944840.44 15890.55 0.83
944840.44 15890.55 0.83
944840.44 15890.55 0.83
944840.44 15890.55 0.83
944840.44 15890.55 0.83
934310.12 15989.89 0.83
929004.31 16225.60 0.83
929004.31 16225.60 0.83
929874.62 16216.94 0.83
934310.12 15989.89 0.83
934310.12 15989.89 0.83
934310.12 15989.89 0.83
934310.12 15989.89 0.83
934310.12 15989.89 0.83
934310.12 15989.89 0.83
935180.50 15981.22 0.83
926649.31 15631.63 0.85
927519.69 15622.96 0.85
936144.62 15542.31 0.85
926243.06 16170.39 0.85
915543.25 15750.95 0.85
915543.25 15750.95 0.85
915543.25 15750.95 0.85
914628.88 15831.91 0.85
914628.88 15831.91 0.85
914628.88 15831.91 0.85
914628.88 15831.91 0.85
913758.56 15840.57 0.85
915543.25 15750.95 0.85
911107.75 15956.23 0.85
911107.75 15956.23 0.85
911107.75 15956.23 0.85
910237.44 15964.90 0.85
916413.62 15742.29 0.85
916413.62 15742.29 0.85
916413.62 15742.29 0.85
916413.62 15742.29 0.85
916413.62 15742.29 0.85
916413.62 15742.29 0.85
916413.62 15742.29 0.85
916413.62 15742.29 0.85
916413.62 15742.29 0.85
916413.62 15742.29 0.85
915543.25 15750.95 0.85
916413.62 15742.29 0.85
916413.62 15742.29 0.85
916413.62 15742.29 0.85
916413.62 15742.29 0.85
916413.62 15742.29 0.85
916413.62 15742.29 0.85
916413.62 15742.29 0.85
916413.62 15742.29 0.85
916413.62 15742.29 0.85
915543.25 15750.95 0.85
915543.25 15750.95 0.85
915543.25 15750.95 0.85
915543.25 15750.95 0.85
915543.25 15750.95 0.85
915543.25 15750.95 0.85
915543.25 15750.95 0.85
915543.25 15750.95 0.85
915543.25 15750.95 0.85
915543.25 15750.95 0.85
915543.25 15750.95 0.85
915543.25 15750.95 0.85
915543.25 15750.95 0.85
915543.25 15750.95 0.85
915543.25 15750.95 0.85
1149779.88 17974.13 0.77
1154643.88 17758.83 0.77
1149779.88 17974.13 0.77
1149779.88 17974.13 0.77
1149779.88 17974.13 0.77
1149779.88 17974.13 0.77
1149779.88 17974.13 0.77
1149779.88 17974.13 0.77
1149779.88 17974.13 0.77
1149779.88 17974.13 0.77
1149779.88 17974.13 0.77
1149779.88 17974.13 0.77
1149779.88 17974.13 0.77
1149779.88 17974.13 0.77
1149779.88 17974.13 0.77
1149779.88 17974.13 0.77
1149779.88 17974.13 0.77
1149779.88 17974.13 0.77
1149779.88 17974.13 0.77
1149779.88 17974.13 0.77
1149779.88 17974.13 0.77
1149779.88 17974.13 0.77
1154643.88 17758.83 0.77
1154643.88 17758.83 0.77
1154643.88 17758.83 0.77
1154643.88 17758.83 0.77
1154643.88 17758.83 0.77
1154643.88 17758.83 0.77
1154643.88 17758.83 0.77
1154643.88 17758.83 0.77
1154643.88 17758.83 0.77
1154643.88 17758.83 0.77
1154643.88 17758.83 0.77
1154643.88 17758.83 0.77
1154643.88 17758.83 0.77
1154643.88 17758.83 0.77
1154643.88 17758.83 0.77
1154643.88 17758.83 0.77
1154643.88 17758.83 0.77
1154643.88 17758.83 0.77
1154643.88 17758.83 0.77
1154643.88 17758.83 0.77
1154643.88 17758.83 0.77
1150647.25 17973.60 0.77
1150647.25 17973.60 0.77
1150647.25 17973.60 0.77
1150647.25 17973.60 0.77
1145284.12 17834.10 0.80
1145284.12 17834.10 0.80
1145284.12 17834.10 0.80
1145284.12 17834.10 0.80
1145284.12 17834.10 0.80
1145284.12 17834.10 0.80
1145284.12 17834.10 0.80
1145284.12 17834.10 0.80
1145284.12 17834.10 0.80
1145284.12 17834.10 0.80
1145284.12 17834.10 0.80
1145284.12 17834.10 0.80
1145284.12 17834.10 0.80
1145284.12 17834.10 0.80
1145284.12 17834.10 0.80
1145284.12 17834.10 0.80
1145284.12 17834.10 0.80
1145284.12 17834.10 0.80
1145284.12 17834.10 0.80
1145284.12 17834.10 0.80
1145284.12 17834.10 0.80
1145284.12 17834.10 0.80
1145284.12 17834.10 0.80
1145284.12 17834.10 0.80
1145284.12 17834.10 0.80
1145284.12 17834.10 0.80
1145284.12 17834.10 0.80
1145284.12 17834.10 0.80
1145284.12 17834.10 0.80
1145284.12 17834.10 0.80
1145284.12 17834.10 0.80
1145284.12 17834.10 0.80
1145284.12 17834.10 0.80
1088247.75 16079.21 0.63
1054146.25 15664.21 0.63
1054146.25 15664.21 0.63
979527.00 15005.18 0.65
893123.56 14150.18 0.66
893123.56 14150.18 0.66
893123.56 14150.18 0.66
893123.56 14150.18 0.66
893123.56 14150.18 0.66
893123.56 14150.18 0.66
893123.56 14150.18 0.66
893123.56 14150.18 0.66
893123.56 14150.18 0.66
893123.56 14150.18 0.66
893123.56 14150.18 0.66
893123.56 14150.18 0.66
893123.56 14150.18 0.66
889148.50 14136.28 0.67
889148.50 14136.28 0.67
889148.50 14136.28 0.67
877451.50 14039.83 0.68
877451.50 14039.83 0.68
877451.50 14039.83 0.68
877451.50 14039.83 0.68
877451.50 14039.83 0.68
877451.50 14039.83 0.68
877451.50 14039.83 0.68
877451.50 14039.83 0.68
877451.50 14039.83 0.68
877451.50 14039.83 0.68
877451.50 14039.83 0.68
877451.50 14039.83 0.68
877451.50 14039.83 0.68
877451.50 14039.83 0.68
877451.50 14039.83 0.68
877451.50 14039.83 0.68
877451.50 14039.83 0.68
877451.50 14039.83 0.68
877451.50 14039.83 0.68
877451.50 14039.83 0.68
877451.50 14039.83 0.68
877451.50 14039.83 0.68
877451.50 14039.83 0.68
877451.50 14039.83 0.68
877451.50 14039.83 0.68
877451.50 14039.83 0.68
877451.50 14039.83 0.68
877451.50 14039.83 0.68
877451.50 14039.83 0.68
877451.50 14039.83 0.68
877451.50 14039.83 0.68
877451.50 14039.83 0.68
877451.50 14039.83 0.68
877451.50 14039.83 0.68
877451.50 14039.83 0.68
877451.50 14039.83 0.68
877451.50 14039.83 0.68
877451.50 14039.83 0.68
877451.50 14039.83 0.68
877451.50 14039.83 0.68
877451.50 14039.83 0.68
877451.50 14039.83 0.68
877451.50 14039.83 0.68
877451.50 14039.83 0.68
877451.50 14039.83 0.68
877451.50 14039.83 0.68
877451.50 14039.83 0.68
877451.50 14039.83 0.68
877451.50 14039.83 0.68
877451.50 14039.83 0.68
877451.50 14039.83 0.68
877451.50 14039.83 0.68
877451.50 14039.83 0.68
877451.50 14039.83 0.68
877451.50 14039.83 0.68
877451.50 14039.83 0.68
877451.50 14039.83 0.68
877451.50 14039.83 0.68
877451.50 14039.83 0.68
877451.50 14039.83 0.68
968942.38 15723.81 0.67
988153.69 15686.78 0.67
988153.69 15686.78 0.67
988153.69 15686.78 0.67
988153.69 15686.78 0.67
995218.06 15519.66 0.67
958874.25 15605.57 0.69
958874.25 15605.57 0.69
958874.25 15605.57 0.69
980191.06 15599.42 0.69
987255.44 15432.30 0.69
980191.06 15599.42 0.69
930486.31 15023.62 0.71
930486.31 15023.62 0.71
930486.31 15023.62 0.71
923421.94 15190.74 0.71
923421.94 15190.74 0.71
923421.94 15190.74 0.71
923421.94 15190.74 0.71
923421.94 15190.74 0.71
923421.94 15190.74 0.71
923421.94 15190.74 0.71
923421.94 15190.74 0.71
920848.50 14951.63 0.73
920848.50 14951.63 0.73
920848.50 14951.63 0.73
920848.50 14951.63 0.73
920848.50 14951.63 0.73
920848.50 14951.63 0.73
920848.50 14951.63 0.73
920848.50 14951.63 0.73
920848.50 14951.63 0.73
920848.50 14951.63 0.73
920848.50 14951.63 0.73
920848.50 14951.63 0.73
920848.50 14951.63 0.73
920848.50 14951.63 0.73
920848.50 14951.63 0.73
920848.50 14951.63 0.73
920848.50 14951.63 0.73
920848.50 14951.63 0.73
920848.50 14951.63 0.73
927912.88 14784.52 0.73
927912.88 14784.52 0.73
927912.88 14784.52 0.73
927912.88 14784.52 0.73
927912.88 14784.52 0.73
927912.88 14784.52 0.73
927912.88 14784.52 0.73
927912.88 14784.52 0.73
927912.88 14784.52 0.73
927912.88 14784.52 0.73
927912.88 14784.52 0.73
920848.50 14951.63 0.73
927912.88 14784.52 0.73
927912.88 14784.52 0.73
927912.88 14784.52 0.73
927912.88 14784.52 0.73
927912.88 14784.52 0.73
927912.88 14784.52 0.73
927912.88 14784.52 0.73
927912.88 14784.52 0.73
927912.88 14784.52 0.73
927912.88 14784.52 0.73
920848.50 14951.63 0.73
920848.50 14951.63 0.73
927912.88 14784.52 0.73
927912.88 14784.52 0.73
927912.88 14784.52 0.73
927912.88 14784.52 0.73
927912.88 14784.52 0.73
920848.50 14951.63 0.73
920848.50 14951.63 0.73
920848.50 14951.63 0.73
920848.50 14951.63 0.73
927912.88 14784.52 0.73
920848.50 14951.63 0.73
920848.50 14951.63 0.73
920848.50 14951.63 0.73
921078.69 14884.79 0.76
1080005.00 16991.51 1.24
1084725.25 16834.66 1.24
1074574.12 16784.66 1.24
1069854.00 16941.51 1.24
1069854.00 16941.51 1.24
1069854.00 16941.51 1.24
1074574.12 16784.66 1.24
1074574.12 16784.66 1.24
1074574.12 16784.66 1.24
1074574.12 16784.66 1.24
1074574.12 16784.66 1.24
1074574.12 16784.66 1.24
1069854.00 16941.51 1.24
1069854.00 16941.51 1.24
1069854.00 16941.51 1.24
1069854.00 16941.51 1.24
1069854.00 16941.51 1.24
1069854.00 16941.51 1.24
1069854.00 16941.51 1.24
1069854.00 16941.51 1.24
1074574.12 16784.66 1.24
1028978.38 17152.65 2.06
991197.81 16765.29 4.68
1051877.12 16509.66 1.29
995917.94 16608.44 4.68
1074574.12 16784.66 1.24
1074574.12 16784.66 1.24
962596.44 16857.15 4.55
1088052.00 16185.47 4.14
957876.31 17014.00 4.55
1069854.00 16941.51 1.24
937215.69 17739.77 2.93
957876.31 17014.00 4.55
1088478.88 15963.62 4.14
1395900.00 22150.23 0.71
1172094.00 18891.08 0.73
1133744.12 18521.71 0.74
979394.44 16925.73 0.79
946387.06 16644.81 0.79
929236.50 16218.18 0.83
947590.12 16186.93 0.88
962706.44 16111.82 0.88
952755.88 16156.82 0.88
947590.12 16186.93 0.88
923196.50 16526.16 0.88
902516.75 15835.97 0.88
902516.75 15835.97 0.88
902516.75 15835.97 0.88
902516.75 15835.97 0.88
902516.75 15835.97 0.88
902516.75 15835.97 0.88
902516.75 15835.97 0.88
902516.75 15835.97 0.88
902516.75 15835.97 0.88
902516.75 15835.97 0.88
902516.75 15835.97 0.88
902516.75 15835.97 0.88
902516.75 15835.97 0.88
902516.75 15835.97 0.88
902516.75 15835.97 0.88
902516.75 15835.97 0.88
902516.75 15835.97 0.88
902516.75 15835.97 0.88
902516.75 15835.97 0.88
902516.75 15835.97 0.88
902516.75 15835.97 0.88
902516.75 15835.97 0.88
902516.75 15835.97 0.88
902516.75 15835.97 0.88
902516.75 15835.97 0.88
902516.75 15835.97 0.88
902516.75 15835.97 0.88
902516.75 15835.97 0.88
907407.69 15761.93 0.88
907407.69 15761.93 0.88
907407.69 15761.93 0.88
907407.69 15761.93 0.88
907407.69 15761.93 0.88
907407.69 15761.93 0.88
907407.69 15761.93 0.88
907407.69 15761.93 0.88
907407.69 15761.93 0.88
907407.69 15761.93 0.88
902516.75 15835.97 0.88
907407.69 15761.93 0.88
907407.69 15761.93 0.88
907407.69 15761.93 0.88
907407.69 15761.93 0.88
907407.69 15761.93 0.88
907407.69 15761.93 0.88
907407.69 15761.93 0.88
912573.50 15731.82 0.88
922524.00 15686.82 0.88
902516.75 15835.97 0.88
902516.75 15835.97 0.88
902516.75 15835.97 0.88
902516.75 15835.97 0.88
902516.75 15835.97 0.88
902516.75 15835.97 0.88
902516.75 15835.97 0.88
902516.75 15835.97 0.88
902516.75 15835.97 0.88
902516.75 15835.97 0.88
902516.75 15835.97 0.88
902516.75 15835.97 0.88
902516.75 15835.97 0.88
902516.75 15835.97 0.88
902516.75 15835.97 0.88
902516.75 15835.97 0.88
897723.50 15897.65 0.99
902614.44 15823.61 0.99
897723.50 15897.65 0.99
902614.44 15823.61 0.99
897723.50 15897.65 0.99
1215493.88 19434.27 0.85
1202295.88 19349.62 0.88
1172923.12 17824.09 0.93
1133695.88 17516.01 0.94
1057519.62 16196.56 0.95
1066563.12 16113.25 0.96
1000121.44 17060.17 1.04
1001172.62 15723.44 1.07
953019.44 15271.40 1.07
954560.50 15113.44 1.07
954560.50 15113.44 1.07
954560.50 15113.44 1.07
954560.50 15113.44 1.07
954560.50 15113.44 1.07
954560.50 15113.44 1.07
954560.50 15113.44 1.07
954560.50 15113.44 1.07
954560.50 15113.44 1.07
954560.50 15113.44 1.07
954560.50 15113.44 1.07
954560.50 15113.44 1.07
954560.50 15113.44 1.07
954560.50 15113.44 1.07
954560.50 15113.44 1.07
954560.50 15113.44 1.07
954560.50 15113.44 1.07
954560.50 15113.44 1.07
954560.50 15113.44 1.07
954560.50 15113.44 1.07
954560.50 15113.44 1.07
954560.50 15113.44 1.07
954560.50 15113.44 1.07
955309.50 14978.77 1.07
955309.50 14978.77 1.07
955309.50 14978.77 1.07
955309.50 14978.77 1.07
955309.50 14978.77 1.07
955309.50 14978.77 1.07
955309.50 14978.77 1.07
955309.50 14978.77 1.07
955309.50 14978.77 1.07
955309.50 14978.77 1.07
955309.50 14978.77 1.07
955309.50 14978.77 1.07
955309.50 14978.77 1.07
955309.50 14978.77 1.07
955309.50 14978.77 1.07
955309.50 14978.77 1.07
954732.75 15011.50 1.09
953983.75 15146.18 1.09
953983.75 15146.18 1.09
953983.75 15146.18 1.09
953983.75 15146.18 1.09
953983.75 15146.18 1.09
953983.75 15146.18 1.09
953983.75 15146.18 1.09
953983.75 15146.18 1.09
953983.75 15146.18 1.09
953983.75 15146.18 1.09
953983.75 15146.18 1.09
953983.75 15146.18 1.09
953983.75 15146.18 1.09
953983.75 15146.18 1.09
953983.75 15146.18 1.09
953983.75 15146.18 1.09
953983.75 15146.18 1.09
953983.75 15146.18 1.09
953983.75 15146.18 1.09
953983.75 15146.18 1.09
953983.75 15146.18 1.09
951552.25 15247.45 1.09
953983.75 15146.18 1.09
954732.75 15011.50 1.09
954732.75 15011.50 1.09
954732.75 15011.50 1.09
954732.75 15011.50 1.09
954732.75 15011.50 1.09
954732.75 15011.50 1.09
954732.75 15011.50 1.09
954732.75 15011.50 1.09
1580643.88 23980.31 0.83
1535434.75 23201.59 0.90
1512804.50 23104.94 0.94
1447374.38 22494.94 0.96
1185769.38 18838.33 1.09
1067249.12 17258.33 1.17
1037122.94 17649.68 1.17
979154.75 16704.68 1.19
971784.81 16283.75 1.27
971784.81 16283.75 1.27
971784.81 16283.75 1.27
971784.81 16283.75 1.27
971784.81 16283.75 1.27
971784.81 16283.75 1.27
971784.81 16283.75 1.27
971784.81 16283.75 1.27
971784.81 16283.75 1.27
971784.81 16283.75 1.27
953630.06 16493.94 1.27
962073.50 16429.97 1.27
962073.50 16429.97 1.27
953630.06 16493.94 1.27
953630.06 16493.94 1.27
953630.06 16493.94 1.27
953630.06 16493.94 1.27
953630.06 16493.94 1.27
953630.06 16493.94 1.27
953630.06 16493.94 1.27
953630.06 16493.94 1.27
962001.94 16374.42 1.28
962001.94 16374.42 1.28
962001.94 16374.42 1.28
962001.94 16374.42 1.28
962001.94 16374.42 1.28
962001.94 16374.42 1.28
962001.94 16374.42 1.28
962001.94 16374.42 1.28
951835.31 16322.88 1.30
952371.44 16321.57 1.30
952371.44 16321.57 1.30
952371.44 16321.57 1.30
953878.50 16160.46 1.30
952371.44 16321.57 1.30
953878.50 16160.46 1.30
953878.50 16160.46 1.30
953878.50 16160.46 1.30
953878.50 16160.46 1.30
953878.50 16160.46 1.30
953878.50 16160.46 1.30
952465.06 16318.13 1.30
952371.44 16321.57 1.30
953878.50 16160.46 1.30
953878.50 16160.46 1.30
953878.50 16160.46 1.30
953878.50 16160.46 1.30
953878.50 16160.46 1.30
953878.50 16160.46 1.30
953878.50 16160.46 1.30
953878.50 16160.46 1.30
953878.50 16160.46 1.30
953878.50 16160.46 1.30
953878.50 16160.46 1.30
953878.50 16160.46 1.30
953878.50 16160.46 1.30
953878.50 16160.46 1.30
953878.50 16160.46 1.30
944096.38 16251.14 1.33
944096.38 16251.14 1.33
944096.38 16251.14 1.33
944096.38 16251.14 1.33
944096.38 16251.14 1.33
944096.38 16251.14 1.33
944096.38 16251.14 1.33
944096.38 16251.14 1.33
944096.38 16251.14 1.33
944096.38 16251.14 1.33
942589.31 16412.24 1.33
942589.31 16412.24 1.33
942589.31 16412.24 1.33
942589.31 16412.24 1.33
1086994.12 17650.87 0.66
1116038.38 17630.87 0.66
1072889.12 17461.14 0.66
1070126.75 17683.81 0.70
1050186.62 16991.81 0.71
1041134.88 17052.08 0.72
1041206.38 17047.08 0.72
1041134.88 17052.08 0.72
1041134.88 17052.08 0.72
1041134.88 17052.08 0.72
1036767.06 17136.14 0.72
1028996.69 17161.14 0.72
936576.38 15884.82 0.74
940354.00 15795.76 0.74
929091.00 15763.44 0.75
929091.00 15763.44 0.75
929091.00 15763.44 0.75
938415.50 15718.44 0.80
938415.50 15718.44 0.80
938415.50 15718.44 0.80
938415.50 15718.44 0.80
938415.50 15718.44 0.80
888047.62 14573.60 0.81
851257.81 14183.60 0.84
851257.81 14183.60 0.84
851257.81 14183.60 0.84
851257.81 14183.60 0.84
851257.81 14183.60 0.84
851257.81 14183.60 0.84
851257.81 14183.60 0.84
851257.81 14183.60 0.84
851257.81 14183.60 0.84
851257.81 14183.60 0.84
851257.81 14183.60 0.84
851257.81 14183.60 0.84
851257.81 14183.60 0.84
851257.81 14183.60 0.84
851257.81 14183.60 0.84
851257.81 14183.60 0.84
851257.81 14183.60 0.84
860671.94 14138.60 0.84
860671.94 14138.60 0.84
860671.94 14138.60 0.84
860671.94 14138.60 0.84
860671.94 14138.60 0.84
860671.94 14138.60 0.84
860671.94 14138.60 0.84
860671.94 14138.60 0.84
860671.94 14138.60 0.84
860671.94 14138.60 0.84
860671.94 14138.60 0.84
851257.81 14183.60 0.84
860671.94 14138.60 0.84
860671.94 14138.60 0.84
860671.94 14138.60 0.84
860671.94 14138.60 0.84
860671.94 14138.60 0.84
860671.94 14138.60 0.84
860671.94 14138.60 0.84
860671.94 14138.60 0.84
860671.94 14138.60 0.84
860671.94 14138.60 0.84
860671.94 14138.60 0.84
851257.81 14183.60 0.84
851257.81 14183.60 0.84
851257.81 14183.60 0.84
860671.94 14138.60 0.84
860671.94 14138.60 0.84
860671.94 14138.60 0.84
860671.94 14138.60 0.84
860671.94 14138.60 0.84
860671.94 14138.60 0.84
860671.94 14138.60 0.84
860671.94 14138.60 0.84
860671.94 14138.60 0.84
860671.94 14138.60 0.84
860671.94 14138.60 0.84
860671.94 14138.60 0.84
860671.94 14138.60 0.84
831899.19 14306.44 1.06
1311088.88 20348.37 1.03
1239209.62 19106.87 1.06
1157133.00 17703.10 1.07
954138.06 15353.25 1.09
939270.94 15148.25 1.11
930075.19 15212.21 1.11
939270.94 15148.25 1.11
939270.94 15148.25 1.11
939270.94 15148.25 1.11
939270.94 15148.25 1.11
939270.94 15148.25 1.11
939270.94 15148.25 1.11
939270.94 15148.25 1.11
939270.94 15148.25 1.11
939270.94 15148.25 1.11
939270.94 15148.25 1.11
939270.94 15148.25 1.11
939270.94 15148.25 1.11
939270.94 15148.25 1.11
939270.94 15148.25 1.11
939270.94 15148.25 1.11
939270.94 15148.25 1.11
939270.94 15148.25 1.11
939270.94 15148.25 1.11
939270.94 15148.25 1.11
939270.94 15148.25 1.11
929419.75 15338.92 1.12
929419.75 15338.92 1.12
929419.75 15338.92 1.12
929419.75 15338.92 1.12
929419.75 15338.92 1.12
929419.75 15338.92 1.12
929419.75 15338.92 1.12
929419.75 15338.92 1.12
929419.75 15338.92 1.12
929419.75 15338.92 1.12
929419.75 15338.92 1.12
929419.75 15338.92 1.12
929419.75 15338.92 1.12
929419.75 15338.92 1.12
929419.75 15338.92 1.12
929419.75 15338.92 1.12
929419.75 15338.92 1.12
929419.75 15338.92 1.12
929419.75 15338.92 1.12
929419.75 15338.92 1.12
929419.75 15338.92 1.12
929419.75 15338.92 1.12
929419.75 15338.92 1.12
929419.75 15338.92 1.12
929419.75 15338.92 1.12
929419.75 15338.92 1.12
929419.75 15338.92 1.12
929419.75 15338.92 1.12
929419.75 15338.92 1.12
929419.75 15338.92 1.12
929419.75 15338.92 1.12
929419.75 15338.92 1.12
929419.75 15338.92 1.12
929419.75 15338.92 1.12
929419.75 15338.92 1.12
929419.75 15338.92 1.12
929419.75 15338.92 1.12
929419.75 15338.92 1.12
929419.75 15338.92 1.12
929419.75 15338.92 1.12
929419.75 15338.92 1.12
929419.75 15338.92 1.12
929419.75 15338.92 1.12
929419.75 15338.92 1.12
929419.75 15338.92 1.12
929419.75 15338.92 1.12
929419.75 15338.92 1.12
929419.75 15338.92 1.12
929419.75 15338.92 1.12
929419.75 15338.92 1.12
929419.75 15338.92 1.12
929419.75 15338.92 1.12
929419.75 15338.92 1.12
929419.75 15338.92 1.12
1503730.12 22308.43 0.54
1504782.50 22293.43 0.54
1480281.75 22023.98 0.56
1422959.12 21432.29 0.62
1375647.62 20462.08 0.65
1321695.12 19896.40 0.76
1311432.88 19827.21 0.77
1200697.25 20089.48 1.11
1240268.25 19618.82 1.11
1126497.38 18488.82 1.12
1113328.62 18806.50 1.12
1040996.56 17954.48 1.13
1024464.88 17646.50 1.13
1024464.88 17646.50 1.13
1023889.25 17641.50 1.15
1127380.00 17526.38 1.15
1004943.56 16015.34 1.15
1004943.56 16015.34 1.15
1004943.56 16015.34 1.15
1005521.25 16010.34 1.15
992861.44 15865.34 1.16
992861.44 15865.34 1.16
992861.44 15865.34 1.16
992861.44 15865.34 1.16
992861.44 15865.34 1.16
992861.44 15865.34 1.16
992861.44 15865.34 1.16
992861.44 15865.34 1.16
992861.44 15865.34 1.16
992861.44 15865.34 1.16
992861.44 15865.34 1.16
992861.44 15865.34 1.16
989644.06 15933.56 1.16
989644.06 15933.56 1.16
989644.06 15933.56 1.16
989644.06 15933.56 1.16
989644.06 15933.56 1.16
989644.06 15933.56 1.16
989644.06 15933.56 1.16
989644.06 15933.56 1.16
989644.06 15933.56 1.16
989644.06 15933.56 1.16
989644.06 15933.56 1.16
992165.62 15865.34 1.17
992165.62 15865.34 1.17
992165.62 15865.34 1.17
992165.62 15865.34 1.17
992165.62 15865.34 1.17
992165.62 15865.34 1.17
992165.62 15865.34 1.17
992165.62 15865.34 1.17
992165.62 15865.34 1.17
992165.62 15865.34 1.17
992165.62 15865.34 1.17
992165.62 15865.34 1.17
992165.62 15865.34 1.17
992165.62 15865.34 1.17
992165.62 15865.34 1.17
992165.62 15865.34 1.17
992165.62 15865.34 1.17
992165.62 15865.34 1.17
992165.62 15865.34 1.17
992165.62 15865.34 1.17
992165.62 15865.34 1.17
992165.62 15865.34 1.17
992165.62 15865.34 1.17
992165.62 15865.34 1.17
992165.62 15865.34 1.17
992165.62 15865.34 1.17
992165.62 15865.34 1.17
992165.62 15865.34 1.17
992165.62 15865.34 1.17
992165.62 15865.34 1.17
992165.62 15865.34 1.17
992165.62 15865.34 1.17
992165.62 15865.34 1.17
988078.69 16481.61 1.18
985557.12 16549.83 1.18
988078.69 16481.61 1.18
988948.25 15933.56 1.18
1786342.75 26380.11 1.02
1367669.25 21118.99 1.03
1297501.88 20024.32 1.14
1245469.75 19223.20 1.15
1158223.25 18340.32 1.15
1061124.25 17497.43 1.17
1075992.38 17350.21 1.17
1067710.25 17450.64 1.17
1067710.25 17450.64 1.17
1067968.62 17414.17 1.17
1067968.62 17414.17 1.17
1067968.62 17414.17 1.17
1067968.62 17414.17 1.17
1067968.62 17414.17 1.17
1067968.62 17414.17 1.17
1067968.62 17414.17 1.17
1067968.62 17414.17 1.17
1069429.38 17397.01 1.17
1069429.38 17397.01 1.17
1069429.38 17397.01 1.17
1069429.38 17397.01 1.17
1069429.38 17397.01 1.17
1075992.38 17350.21 1.17
1075992.38 17350.21 1.17
1075992.38 17350.21 1.17
1075992.38 17350.21 1.17
1059663.62 17514.60 1.17
1059042.12 17553.80 1.17
1059042.12 17553.80 1.17
1059042.12 17553.80 1.17
1059042.12 17553.80 1.17
1059663.62 17514.60 1.17
1059663.62 17514.60 1.17
1059663.62 17514.60 1.17
1059663.62 17514.60 1.17
1059663.62 17514.60 1.17
1061124.25 17497.43 1.17
1059663.62 17514.60 1.17
1059663.62 17514.60 1.17
1059663.62 17514.60 1.17
1059663.62 17514.60 1.17
1061124.25 17497.43 1.17
1061124.25 17497.43 1.17
1061124.25 17497.43 1.17
1061124.25 17497.43 1.17
1061124.25 17497.43 1.17
1077453.00 17333.04 1.17
1077453.00 17333.04 1.17
1077453.00 17333.04 1.17
1077453.00 17333.04 1.17
1077453.00 17333.04 1.17
1077453.00 17333.04 1.17
1077453.00 17333.04 1.17
1077453.00 17333.04 1.17
1077453.00 17333.04 1.17
1124148.12 17310.75 1.18
1124148.12 17310.75 1.18
1132163.88 17246.79 1.18
1081452.12 16838.09 1.21
1077117.50 16869.88 1.21
1081452.12 16838.09 1.21
1073423.75 16902.05 1.21
1073423.75 16902.05 1.21
1069524.88 16909.88 1.21
1069266.50 16946.35 1.21
1061215.12 17010.31 1.21
1059132.38 17066.67 1.21
1059753.88 17027.48 1.21
1061215.12 17010.31 1.21
1061215.12 17010.31 1.21
1083621.25 16830.92 1.22
1067207.25 16982.54 1.24
1068252.25 16871.17 1.24
1090009.62 16681.79 1.24
1088548.38 16698.95 1.24
1067839.62 16943.34 1.24
1067839.62 16943.34 1.24
1067839.62 16943.34 1.24
1076548.38 16770.75 1.24
1084564.12 16706.79 1.24
2170029.25 31749.27 0.83
2170039.75 31749.27 0.83
899722.62 15200.72 0.85
899872.31 15195.72 0.85
899722.62 15200.72 0.85
899722.62 15200.72 0.85
899722.62 15200.72 0.85
899722.62 15200.72 0.85
899722.62 15200.72 0.85
899722.62 15200.72 0.85
899722.62 15200.72 0.85
899722.62 15200.72 0.85
899722.62 15200.72 0.85
899722.62 15200.72 0.85
899722.62 15200.72 0.85
899722.62 15200.72 0.85
899722.62 15200.72 0.85
899722.62 15200.72 0.85
899722.62 15200.72 0.85
899722.62 15200.72 0.85
899722.62 15200.72 0.85
899722.62 15200.72 0.85
899872.31 15195.72 0.85
899872.31 15195.72 0.85
899872.31 15195.72 0.85
899872.31 15195.72 0.85
899722.62 15200.72 0.85
899722.62 15200.72 0.85
899722.62 15200.72 0.85
899722.62 15200.72 0.85
899722.62 15200.72 0.85
899722.62 15200.72 0.85
899722.62 15200.72 0.85
899722.62 15200.72 0.85
899722.62 15200.72 0.85
899722.62 15200.72 0.85
899722.62 15200.72 0.85
899722.62 15200.72 0.85
899722.62 15200.72 0.85
899722.62 15200.72 0.85
899722.62 15200.72 0.85
899722.62 15200.72 0.85
899722.62 15200.72 0.85
899722.62 15200.72 0.85
899722.62 15200.72 0.85
899722.62 15200.72 0.85
899722.62 15200.72 0.85
899722.62 15200.72 0.85
899722.62 15200.72 0.85
909543.44 15105.05 0.85
899872.31 15195.72 0.85
909393.56 15110.05 0.85
909393.56 15110.05 0.85
909393.56 15110.05 0.85
909393.56 15110.05 0.85
909543.44 15105.05 0.85
909543.44 15105.05 0.85
909543.44 15105.05 0.85
909543.44 15105.05 0.85
909543.44 15105.05 0.85
909543.44 15105.05 0.85
909543.44 15105.05 0.85
909393.56 15110.05 0.85
909543.44 15105.05 0.85
909543.44 15105.05 0.85
909543.44 15105.05 0.85
909543.44 15105.05 0.85
909543.44 15105.05 0.85
909543.44 15105.05 0.85
909543.44 15105.05 0.85
909543.44 15105.05 0.85
909543.44 15105.05 0.85
909543.44 15105.05 0.85
909543.44 15105.05 0.85
909393.56 15110.05 0.85
899872.31 15195.72 0.85
899872.31 15195.72 0.85
899872.31 15195.72 0.85
899872.31 15195.72 0.85
899872.31 15195.72 0.85