1180511.62 18730.80 2.24
913795.38 14601.35 2.37
1239803.12 19328.99 2.01
1199342.25 19091.97 2.04
934763.81 14439.21 3.37
1239803.12 19328.99 2.01
1196659.12 18940.43 2.24
901016.56 14873.98 2.31
938320.19 14404.21 3.35
895598.62 14801.48 2.33
907688.06 14750.17 2.35
910420.25 15036.48 2.31
905680.19 14793.08 2.34
901016.56 14873.98 2.31
901016.56 14873.98 2.31
1289848.75 20195.17 2.00
922190.31 14708.14 2.35
901016.56 14873.98 2.31
920594.19 14556.00 3.32
901016.56 14873.98 2.31
899723.31 14733.34 2.40
944146.81 14774.41 2.31
932969.12 14503.10 2.35
901016.56 14873.98 2.31
978211.88 16019.23 2.30
901016.56 14873.98 2.31
941428.25 14595.60 2.33
910420.25 15036.48 2.31
904171.44 14407.39 3.37
1162466.12 18444.66 2.46
1105371.50 17274.16 2.63
1130334.25 17127.10 4.18
1093955.75 17373.87 2.63
1494502.88 25074.86 2.78
1175181.00 19145.52 3.01
1190989.25 19280.52 2.94
1146195.62 18720.52 3.04
1190989.25 19280.52 2.94
1143695.00 18422.26 4.47
1141799.88 18290.25 4.56
1151502.12 18603.58 3.04
1151502.12 18603.58 3.04
1151502.12 18603.58 3.04
1146195.62 18720.52 3.04
1146195.62 18720.52 3.04
1146195.62 18720.52 3.04
1146195.62 18720.52 3.04
1149001.50 18305.32 4.47
1136493.38 18407.19 4.56
1155486.25 18355.74 4.40
1151502.12 18603.58 3.04
1135201.38 18461.16 3.11
1151502.12 18603.58 3.04
1146195.62 18720.52 3.04
1146195.62 18720.52 3.04
1135201.38 18461.16 3.11
1135201.38 18461.16 3.11
1146195.62 18720.52 3.04
1146195.62 18720.52 3.04
1146195.62 18720.52 3.04
1146195.62 18720.52 3.04
1146195.62 18720.52 3.04
1190989.25 19280.52 2.94
1146195.62 18720.52 3.04
1364546.12 21032.77 1.87
1290543.62 20448.58 1.87
1250529.75 19631.47 1.90
1250529.75 19631.47 1.90
1281293.38 19517.99 1.93
1226205.88 20087.49 1.98
1233109.75 19481.47 1.98
1233109.75 19481.47 1.98
1217678.12 20095.89 2.00
1221250.38 19853.45 2.00
1230348.12 19496.47 2.06
1175725.50 18809.46 2.35
1175725.50 18809.46 2.35
1175725.50 18809.46 2.35
1175725.50 18809.46 2.35
1175725.50 18809.46 2.35
1185125.00 18494.24 2.43
1185125.00 18494.24 2.43
1185125.00 18494.24 2.43
1185125.00 18494.24 2.43
1185125.00 18494.24 2.43
1185125.00 18494.24 2.43
1112763.12 18427.48 2.44
1112763.12 18427.48 2.44
1112763.12 18427.48 2.44
1121953.62 18117.26 2.44
1121953.62 18117.26 2.44
1122162.62 18112.26 2.44
1122480.12 17933.44 2.44
1108043.25 18626.07 2.48
1108043.25 18626.07 2.48
1131864.62 17618.22 2.52
1171297.62 19132.95 2.35
1122162.62 18112.26 2.44
1117429.38 18133.87 2.44
1185125.00 18494.24 2.43
1108238.88 18444.09 2.44
1121953.62 18117.26 2.44
1175725.50 18809.46 2.35
1238678.75 19029.24 2.35
1175725.50 18809.46 2.35
1184916.00 18376.17 2.43
1289724.12 21049.92 1.87
1112763.12 18427.48 2.44
1175725.50 18809.46 2.35
1117638.25 18128.87 2.44
1235101.62 20245.89 1.93
1185125.00 18494.24 2.43
1185125.00 18494.24 2.43
1108238.88 18444.09 2.44
1108238.88 18444.09 2.44
1188186.75 17547.39 4.11
1108238.88 18444.09 2.44
1136883.88 17606.17 2.44
1121953.62 18117.26 2.44
1121953.62 18117.26 2.44
1136883.88 17606.17 2.44
1127693.38 17916.39 2.44
1279618.12 22596.27 2.77
1137089.12 17584.17 3.08
1137089.12 17584.17 3.08
1137089.12 17584.17 3.08
1135332.00 17520.26 3.13
1135332.00 17520.26 3.13
1099306.00 17570.94 3.13
1099306.00 17429.70 3.14
1109956.62 17249.55 3.25
1109956.62 17249.55 3.25
1109956.62 17249.55 3.25
1109956.62 17249.55 3.25
1109956.62 17249.55 3.25
1109956.62 17249.55 3.25
1109956.62 17249.55 3.25
1109913.75 17298.59 3.25
1109913.75 17298.59 3.25
1107376.25 17348.20 3.25
1107376.25 17348.20 3.25
1107376.25 17348.20 3.25
1107376.25 17348.20 3.25
1107376.25 17348.20 3.25
1107376.25 17348.20 3.25
1107376.25 17348.20 3.25
1107376.25 17348.20 3.25
1107376.25 17348.20 3.25
1107376.25 17348.20 3.25
1143641.12 16942.25 3.25
1143641.12 16942.25 3.25
1143641.12 16942.25 3.25
1143641.12 16942.25 3.25
1143641.12 16942.25 3.25
1109956.62 17249.55 3.25
1109956.62 17249.55 3.25
1109956.62 17249.55 3.25
1109956.62 17249.55 3.25
1109956.62 17249.55 3.25
1109956.62 17249.55 3.25
1109956.62 17249.55 3.25
1109956.62 17249.55 3.25
1109956.62 17249.55 3.25
1109956.62 17249.55 3.25
1109956.62 17249.55 3.25
1143641.12 16942.25 3.25
1109956.62 17249.55 3.25
1109956.62 17249.55 3.25
1109956.62 17249.55 3.25
1109956.62 17249.55 3.25
1109956.62 17249.55 3.25
1101067.75 17634.86 3.08
1127403.12 17105.19 3.25
1128217.62 16951.54 3.25
1127403.12 17105.19 3.25
1109913.75 17298.59 3.25
1127403.12 17105.19 3.25
1123656.25 17185.26 3.25
1123656.25 17185.26 3.25
1137089.12 17584.17 3.08
1109956.62 17249.55 3.25
1109956.62 17249.55 3.25
1123656.25 17185.26 3.25
1096797.25 17669.60 3.13
1123656.25 17185.26 3.25
1123656.25 17185.26 3.25
1094823.38 17672.33 3.39
1109956.62 17249.55 3.25
1077191.38 17771.36 3.33
1079707.00 17672.71 3.30
1109956.62 17249.55 3.25
1109956.62 17249.55 3.25
1098559.00 17733.52 3.08
1123656.25 17185.26 3.25
1107376.25 17348.20 3.25
1096797.25 17669.60 3.13
1123656.25 17185.26 3.25
1123656.25 17185.26 3.25
1123656.25 17185.26 3.25
1096797.25 17528.35 3.17
945620.00 15944.30 1.72
946343.31 15939.30 1.74
946343.31 15939.30 1.74
946343.31 15939.30 1.74
946343.31 15939.30 1.74
946343.31 15939.30 1.74
936324.62 15814.30 1.75
930096.38 15734.30 1.76
930096.38 15734.30 1.76
930096.38 15734.30 1.76
930096.38 15734.30 1.76
930096.38 15734.30 1.76
930096.38 15734.30 1.76
930096.38 15734.30 1.76
930096.38 15734.30 1.76
930096.38 15734.30 1.76
930096.38 15734.30 1.76
930096.38 15734.30 1.76
930096.38 15734.30 1.76
930096.38 15734.30 1.76
930096.38 15734.30 1.76
930096.38 15734.30 1.76
930096.38 15734.30 1.76
930096.38 15734.30 1.76
930096.38 15734.30 1.76
930059.62 15947.05 1.76
929832.12 16314.86 1.76
929868.88 16102.12 1.76
930059.62 15947.05 1.76
930059.62 15947.05 1.76
930059.62 15947.05 1.76
930059.62 15947.05 1.76
930059.62 15947.05 1.76
930059.62 15947.05 1.76
930096.38 15734.30 1.76
930059.62 15947.05 1.76
930059.62 15947.05 1.76
930059.62 15947.05 1.76
930059.62 15947.05 1.76
930059.62 15947.05 1.76
930059.62 15947.05 1.76
930059.62 15947.05 1.76
930059.62 15947.05 1.76
935376.88 15450.54 1.76
935340.12 15663.29 1.76
935340.12 15663.29 1.76
935340.12 15663.29 1.76
935340.12 15663.29 1.76
935340.12 15663.29 1.76
935340.12 15663.29 1.76
935376.88 15450.54 1.76
935376.88 15450.54 1.76
935376.88 15450.54 1.76
930096.38 15734.30 1.76
935376.88 15450.54 1.76
935376.88 15450.54 1.76
935376.88 15450.54 1.76
935376.88 15450.54 1.76
935376.88 15450.54 1.76
935376.88 15450.54 1.76
935376.88 15450.54 1.76
935376.88 15450.54 1.76
930096.38 15734.30 1.76
930096.38 15734.30 1.76
930381.56 15729.30 1.76
930096.38 15734.30 1.76
930096.38 15734.30 1.76
930096.38 15734.30 1.76
930096.38 15734.30 1.76
930096.38 15734.30 1.76
930096.38 15734.30 1.76
930096.38 15734.30 1.76
930096.38 15734.30 1.76
930096.38 15734.30 1.76
930096.38 15734.30 1.76
932310.75 15430.54 1.77
927090.25 15714.30 1.77
932310.75 15430.54 1.77
932274.00 15643.29 1.77
932274.00 15643.29 1.77
1131392.38 18266.13 2.34
1049870.88 17677.80 2.37
1049870.88 17677.80 2.37
1048049.75 17747.80 2.37
991339.88 16741.81 2.48
1072400.50 17977.80 2.37
991339.88 16741.81 2.48
991259.31 16747.10 2.48
1028451.12 16908.63 2.42
1009285.75 16987.32 2.42
974252.69 16834.56 2.48
986866.19 16573.44 3.02
991763.25 17051.83 2.48
978569.81 16732.03 3.10
991339.88 16741.81 2.48
991259.31 16747.10 2.48
995616.31 16420.92 2.93
991339.88 16741.81 2.48
991339.88 16741.81 2.48
992491.88 16731.81 2.48
991259.31 16747.10 2.48
1008217.75 16328.91 2.93
995535.75 16426.21 2.95
1008217.75 16328.91 2.93
1015020.75 16403.91 2.92
1049870.88 17677.80 2.37
1273885.38 20094.35 2.34
1120715.38 18368.14 2.34
1001699.62 17124.33 2.39
1028451.12 16908.63 2.42
991339.88 16741.81 2.48
995535.75 16426.21 2.95
1009285.75 16987.32 2.42
1038152.69 16156.91 3.46
991339.88 16741.81 2.48
1071708.12 17596.13 2.37
995535.75 16426.21 2.95
991259.31 16747.10 2.48
1020865.06 17045.64 2.39
1020865.06 17045.64 2.39
1019091.88 17086.81 2.39
991339.88 16741.81 2.48
1007844.31 16679.80 2.48
1008217.75 16328.91 2.93
1002450.75 16639.80 2.48
998396.88 17089.33 2.42
978083.00 16356.44 3.32
976779.69 17435.34 0.97
978660.44 17180.23 0.86
978660.44 17180.23 0.86
985134.56 16925.22 2.88
978660.44 17180.23 0.86
978660.44 17180.23 0.86
978660.44 17180.23 0.86
981973.69 17090.23 1.00
981973.69 17090.23 1.00
996902.50 17147.22 0.84
978660.44 17180.23 0.86
985134.56 16925.22 2.88
980583.00 16875.22 2.88
978660.44 17180.23 0.86
985134.56 16925.22 2.88
978660.44 17180.23 0.86
978660.44 17180.23 0.86
978660.44 17180.23 0.86
978660.44 17180.23 0.86
978660.44 17180.23 0.86
978660.44 17180.23 0.86
978660.44 17180.23 0.86
988474.44 16835.22 2.87
978660.44 17180.23 0.86
985134.56 16925.22 2.88
985134.56 16925.22 2.88
978660.44 17180.23 0.86
985134.56 16925.22 2.88
993821.19 16795.46 2.59
985134.56 16925.22 2.88
980583.00 16875.22 2.88
980583.00 16875.22 2.88
993821.19 16795.46 2.59
978660.44 17180.23 0.86
985134.56 16925.22 2.88
978660.44 17180.23 0.86
978660.44 16874.55 2.91
981973.69 17090.23 1.00
991083.31 16643.69 2.88
981973.69 17090.23 1.00
989160.81 16948.70 2.06
978660.44 17180.23 0.86
985134.56 16925.22 2.88
978660.44 17180.23 0.86
978660.44 17180.23 0.86
978660.44 17180.23 0.86
978660.44 17180.23 0.86
981973.69 16784.55 2.90
981973.69 17090.23 1.00
988208.38 16935.51 2.86
1000295.31 16540.45 2.88
980583.00 16875.22 2.88
981973.69 17090.23 1.00
1000295.31 16540.45 2.88
980583.00 16875.22 2.88
979103.25 16847.64 4.20
894414.25 15885.58 1.74
927763.19 15256.35 1.74
924014.81 15266.35 1.74
927627.81 15256.35 1.74
927627.81 15256.35 1.74
927627.81 15256.35 1.74
927627.81 15256.35 1.74
927627.81 15256.35 1.74
927627.81 15256.35 1.74
924014.81 15266.35 1.74
924014.81 15266.35 1.74
924014.81 15266.35 1.74
924014.81 15266.35 1.74
924014.81 15266.35 1.74
927627.81 15256.35 1.74
924014.81 15266.35 1.74
924014.81 15266.35 1.74
924014.81 15266.35 1.74
924014.81 15266.35 1.74
924014.81 15266.35 1.74
924014.81 15266.35 1.74
924014.81 15266.35 1.74
924014.81 15266.35 1.74
924014.81 15266.35 1.74
924014.81 15266.35 1.74
880466.25 15694.59 1.74
878430.62 16018.92 1.74
878430.62 16018.92 1.74
878430.62 16018.92 1.74
878430.62 16018.92 1.74
880466.25 15694.59 1.74
880466.25 15694.59 1.74
880466.25 15694.59 1.74
880466.25 15694.59 1.74
880466.25 15694.59 1.74
880466.25 15694.59 1.74
880466.25 15694.59 1.74
927627.81 15256.35 1.74
880466.25 15694.59 1.74
880466.25 15694.59 1.74
880466.25 15694.59 1.74
880466.25 15694.59 1.74
883862.31 15315.97 1.74
924014.81 15266.35 1.74
927627.81 15256.35 1.74
927627.81 15256.35 1.74
927627.81 15256.35 1.74
873604.38 16179.06 1.76
873158.31 16151.92 1.78
873158.31 16151.92 1.78
873158.31 16151.92 1.78
878430.62 15972.12 1.92
878430.62 15972.12 1.92
873158.31 16105.12 2.04
873158.31 16105.12 2.04
873158.31 16105.12 2.04
873158.31 16105.12 2.04
873158.31 16105.12 2.04
873158.31 16105.12 2.04
873158.31 16105.12 2.04
875538.62 15930.36 2.72
930008.19 15081.59 2.72
875538.62 15930.36 2.72
875538.62 15930.36 2.72
875538.62 15930.36 2.72
930008.19 15081.59 2.72
930008.19 15081.59 2.72
875538.62 15930.36 2.72
930008.19 15081.59 2.72
930008.19 15081.59 2.72
930008.19 15081.59 2.72
926395.12 15091.59 2.72
930008.19 15081.59 2.72
882846.62 15519.82 2.72
926395.12 15091.59 2.72
882846.62 15519.82 2.72
882846.62 15519.82 2.72
882846.62 15519.82 2.72
882846.62 15519.82 2.72
882846.62 15519.82 2.72
1448090.25 23779.48 2.87
1193134.75 18309.04 2.94
1099683.88 17735.41 3.25
1101872.12 17706.30 3.25
1101872.12 17706.30 3.25
1101872.12 17706.30 3.25
1113238.75 16903.42 3.25
1104452.38 17112.51 3.25
1089887.75 17067.51 3.33
1089887.75 17067.51 3.33
1089887.75 17067.51 3.33
1089887.75 17067.51 3.33
1089887.75 17067.51 3.33
1089887.75 17067.51 3.33
1089887.75 17067.51 3.33
1089887.75 17067.51 3.33
1089887.75 17067.51 3.33
1089887.75 17067.51 3.33
1089887.75 17067.51 3.33
1089887.75 17067.51 3.33
1089887.75 17067.51 3.33
1089887.75 17067.51 3.33
1089887.75 17067.51 3.33
1089887.75 17067.51 3.33
1089887.75 17067.51 3.33
1087699.62 17096.62 3.33
1087699.62 17096.62 3.33
1087699.62 17096.62 3.33
1087699.62 17096.62 3.33
1087699.62 17096.62 3.33
1083040.00 17531.30 3.33
1083040.00 17531.30 3.33
1083040.00 17531.30 3.33
1083040.00 17531.30 3.33
1083040.00 17531.30 3.33
1083040.00 17531.30 3.33
1080851.75 17560.41 3.33
1080851.75 17560.41 3.33
1080851.75 17560.41 3.33
1098674.25 16858.42 3.33
1098674.25 16858.42 3.33
1098674.25 16858.42 3.33
1098674.25 16858.42 3.33
1098674.25 16858.42 3.33
1098674.25 16858.42 3.33
1098674.25 16858.42 3.33
1098674.25 16858.42 3.33
1098674.25 16858.42 3.33
1098674.25 16858.42 3.33
1098674.25 16858.42 3.33
1098674.25 16858.42 3.33
1098674.25 16858.42 3.33
1098674.25 16858.42 3.33
1098674.25 16858.42 3.33
1098674.25 16858.42 3.33
1098674.25 16858.42 3.33
1098674.25 16858.42 3.33
1098674.25 16858.42 3.33
1098674.25 16858.42 3.33
1098674.25 16858.42 3.33
1098674.25 16858.42 3.33
1098674.25 16858.42 3.33
1098674.25 16858.42 3.33
1098674.25 16858.42 3.33
1098674.25 16858.42 3.33
1098674.25 16858.42 3.33
1098674.25 16858.42 3.33
1084577.50 16923.97 3.47
1084577.50 16923.97 3.47
1084577.50 16923.97 3.47
1084577.50 16923.97 3.47
1084577.50 16923.97 3.47
1084577.50 16923.97 3.47
1084577.50 16923.97 3.47
1084577.50 16923.97 3.47
1084577.50 16923.97 3.47
1084577.50 16923.97 3.47
1084577.50 16923.97 3.47
1084577.50 16923.97 3.47
1084577.50 16923.97 3.47
1052672.75 16820.38 3.14
1098167.75 16779.80 3.14
1009188.88 17448.40 2.30
1037579.94 17141.63 3.13
1014324.75 17233.05 2.30
1098167.75 16779.80 3.14
1037579.94 17141.63 3.13
1128295.88 17646.55 2.00
1098736.12 17341.55 2.01
1124163.88 18154.22 1.98
1072922.25 17638.57 2.43
1087301.62 17080.82 2.40
1076962.12 17122.89 2.40
1174075.12 18659.22 1.28
1076962.12 17122.89 2.40
1087301.62 17080.82 2.40
1076540.00 17138.52 2.46
1311294.50 20434.22 1.23
1119178.38 16865.22 3.94
1121123.88 16913.80 3.86
1088396.62 17383.61 2.09
1066200.62 17180.59 2.46
1129517.88 16823.15 3.94
1088396.62 17383.61 2.09
1109533.75 17010.87 3.94
1078778.88 17152.89 2.35
1129517.88 16823.15 3.94
1120383.25 16968.80 3.94
1078778.88 17152.89 2.35
1157848.25 18479.22 1.38
1133763.25 16778.70 3.94
1212594.12 19837.17 1.96
1193515.62 20634.38 1.96
1190448.00 19507.17 1.98
1193515.62 20634.38 1.96
1193515.62 20634.38 1.96
1199446.25 20044.76 1.96
1189628.88 19512.17 1.98
1261973.62 20312.17 1.95
1199446.25 20044.76 1.96
1213211.00 19832.17 1.96
1199446.25 20044.76 1.96
1199446.25 20044.76 1.96
1176481.12 19719.76 1.98
1248863.75 20524.76 1.95
1193515.62 20634.38 1.96
1213211.00 19832.17 1.96
1212594.12 19837.17 1.96
1242278.25 21114.38 1.95
1170498.75 20309.38 1.98
1199446.25 20044.76 1.96
1213211.00 19832.17 1.96
953534.56 15831.01 1.92
953534.56 15831.01 1.92
953534.56 15831.01 1.92
898235.44 15026.01 1.92
898235.44 15026.01 1.92
898235.44 15026.01 1.92
898235.44 15026.01 1.92
898235.44 15026.01 1.92
900906.56 14976.01 1.92
898235.44 15026.01 1.92
898235.44 15026.01 1.92
898235.44 15026.01 1.92
898235.44 15026.01 1.92
898235.44 15026.01 1.92
898235.44 15026.01 1.92
898235.44 15026.01 1.92
898235.44 15026.01 1.92
898235.44 15026.01 1.92
898235.44 15026.01 1.92
898235.44 15026.01 1.92
898235.44 15026.01 1.92
898235.44 15026.01 1.92
898235.44 15026.01 1.92
898235.44 15026.01 1.92
898235.44 15026.01 1.92
898235.44 15026.01 1.92
898235.44 15026.01 1.92
898235.44 15026.01 1.92
898235.44 15026.01 1.92
896227.00 15280.58 1.92
897978.56 15217.16 1.92
897978.56 15217.16 1.92
898235.44 15026.01 1.92
898235.44 15026.01 1.92
898235.44 15026.01 1.92
898235.44 15026.01 1.92
898235.44 15026.01 1.92
898235.44 15026.01 1.92
898235.44 15026.01 1.92
898235.44 15026.01 1.92
898235.44 15026.01 1.92
898235.44 15026.01 1.92
898235.44 15026.01 1.92
898235.44 15026.01 1.92
898235.44 15026.01 1.92
898235.44 15026.01 1.92
898235.44 15026.01 1.92
898235.44 15026.01 1.92
898235.44 15026.01 1.92
896220.19 15713.07 2.40
896220.19 15713.07 2.40
896220.19 15713.07 2.40
895959.06 15904.21 2.55
918067.88 14970.01 2.78
918067.88 14970.01 2.78
918067.88 14970.01 2.78
918067.88 14970.01 2.78
908050.81 14622.28 2.79
908050.81 14622.28 2.79
910327.38 14572.28 2.79
908050.81 14622.28 2.79
908050.81 14622.28 2.79
908050.81 14622.28 2.79
908050.81 14622.28 2.79
908050.81 14622.28 2.79
908050.81 14622.28 2.79
908050.81 14622.28 2.79
908050.81 14622.28 2.79
908050.81 14622.28 2.79
908050.81 14622.28 2.79
907275.25 14622.28 2.79
907275.25 14622.28 2.79
907275.25 14622.28 2.79
907275.25 14622.28 2.79
907275.25 14622.28 2.79
907275.25 14622.28 2.79
907275.25 14622.28 2.79
907275.25 14622.28 2.79
907275.25 14622.28 2.79
907275.25 14622.28 2.79
1066639.62 17530.76 2.31
1087611.00 17398.23 2.35
1094730.88 17118.65 2.35
1045451.06 16808.23 2.37
1051394.62 16513.65 2.37
1027513.38 16623.23 2.38
1033456.88 16328.65 2.38
961087.88 16245.25 2.43
1014650.19 15919.13 3.55
977136.19 15931.11 2.41