852960.75 14801.37 0.67
852960.75 14801.37 0.67
841362.62 14728.06 0.76
841362.62 14728.06 0.76
841362.62 14728.06 0.76
841362.62 14728.06 0.76
841362.62 14728.06 0.76
841362.62 14728.06 0.76
841362.62 14728.06 0.76
841362.62 14728.06 0.76
841362.62 14728.06 0.76
841362.62 14728.06 0.76
841362.62 14728.06 0.76
841362.62 14728.06 0.76
841362.62 14728.06 0.76
841362.62 14728.06 0.76
841362.62 14728.06 0.76
841362.62 14728.06 0.76
841362.62 14728.06 0.76
841362.62 14728.06 0.76
841362.62 14728.06 0.76
841362.62 14728.06 0.76
841362.62 14728.06 0.76
841362.62 14728.06 0.76
841362.62 14728.06 0.76
841362.62 14728.06 0.76
841362.62 14728.06 0.76
841362.62 14728.06 0.76
841362.62 14728.06 0.76
841362.62 14728.06 0.76
841362.62 14728.06 0.76
841362.62 14728.06 0.76
841362.62 14728.06 0.76
841362.62 14728.06 0.76
841362.62 14728.06 0.76
841362.62 14728.06 0.76
841362.62 14728.06 0.76
841362.62 14728.06 0.76
841362.62 14728.06 0.76
841362.62 14728.06 0.76
841362.62 14728.06 0.76
841362.62 14728.06 0.76
841362.62 14728.06 0.76
841362.62 14728.06 0.76
841362.62 14728.06 0.76
841362.62 14728.06 0.76
841362.62 14728.06 0.76
841362.62 14728.06 0.76
841362.62 14728.06 0.76
841362.62 14728.06 0.76
841362.62 14728.06 0.76
841362.62 14728.06 0.76
855207.75 14698.06 0.76
841362.62 14728.06 0.76
841362.62 14728.06 0.76
841362.62 14728.06 0.76
841362.62 14728.06 0.76
841362.62 14728.06 0.76
841362.62 14728.06 0.76
841362.62 14728.06 0.76
841362.62 14728.06 0.76
841362.62 14728.06 0.76
841362.62 14728.06 0.76
841362.62 14728.06 0.76
841362.62 14728.06 0.76
841362.62 14728.06 0.76
841362.62 14728.06 0.76
841362.62 14728.06 0.76
832426.44 14884.48 0.77
832426.44 14884.48 0.77
832426.44 14884.48 0.77
832426.44 14884.48 0.77
832426.44 14884.48 0.77
832426.44 14884.48 0.77
832426.44 14884.48 0.77
832426.44 14884.48 0.77
832426.44 14884.48 0.77
832426.44 14884.48 0.77
832426.44 14884.48 0.77
832426.44 14884.48 0.77
875357.06 15283.48 0.67
875357.06 15283.48 0.67
875357.06 15283.48 0.67
875357.06 15283.48 0.67
875357.06 15283.48 0.67
875357.06 15283.48 0.67
875357.06 15283.48 0.67
875357.06 15283.48 0.67
875357.06 15283.48 0.67
875357.06 15283.48 0.67
875357.06 15283.48 0.67
875357.06 15283.48 0.67
875357.06 15283.48 0.67
875357.06 15283.48 0.67
875357.06 15283.48 0.67
875357.06 15283.48 0.67
875357.06 15283.48 0.67
875357.06 15283.48 0.67
875357.06 15283.48 0.67
875357.06 15283.48 0.67
875357.06 15283.48 0.67
875357.06 15283.48 0.67
875357.06 15283.48 0.67
875357.06 15283.48 0.67
875357.06 15283.48 0.67
875357.06 15283.48 0.67
875357.06 15283.48 0.67
875357.06 15283.48 0.67
875357.06 15283.48 0.67
875357.06 15283.48 0.67
875357.06 15283.48 0.67
875357.06 15283.48 0.67
875357.06 15283.48 0.67
875357.06 15283.48 0.67
875357.06 15283.48 0.67
875357.06 15283.48 0.67
875357.06 15283.48 0.67
875357.06 15283.48 0.67
875357.06 15283.48 0.67
875357.06 15283.48 0.67
875357.06 15283.48 0.67
876811.06 15178.48 0.67
876811.06 15178.48 0.67
876811.06 15178.48 0.67
876811.06 15178.48 0.67
876811.06 15178.48 0.67
876811.06 15178.48 0.67
876811.06 15178.48 0.67
876811.06 15178.48 0.67
876811.06 15178.48 0.67
876811.06 15178.48 0.67
876811.06 15178.48 0.67
876811.06 15178.48 0.67
876811.06 15178.48 0.67
876811.06 15178.48 0.67
876811.06 15178.48 0.67
876811.06 15178.48 0.67
876811.06 15178.48 0.67
876811.06 15178.48 0.67
876811.06 15178.48 0.67
876811.06 15178.48 0.67
876811.06 15178.48 0.67
875357.06 15283.48 0.67
875357.06 15283.48 0.67
875357.06 15283.48 0.67
875357.06 15283.48 0.67
875357.06 15283.48 0.67
876811.06 15178.48 0.67
876811.06 15178.48 0.67
876811.06 15178.48 0.67
876811.06 15178.48 0.67
876811.06 15178.48 0.67
876811.06 15178.48 0.67
876811.06 15178.48 0.67
876811.06 15178.48 0.67
876811.06 15178.48 0.67
876811.06 15178.48 0.67
876811.06 15178.48 0.67
876811.06 15178.48 0.67
876811.06 15178.48 0.67
1346687.88 20953.83 0.63
1208359.00 19719.96 0.64
1197038.38 19612.74 0.65
1193622.00 19602.46 0.66
1278221.75 19410.57 0.71
1236663.62 19297.79 0.72
1180114.62 19319.07 0.73
1231697.75 19119.36 0.73
1168907.00 19294.44 0.75
1221961.25 19134.72 0.75
1208339.62 18867.22 0.76
1208339.62 18867.22 0.76
1201118.75 18935.66 0.76
1160068.88 19212.81 0.77
1153664.25 19072.81 0.77
1173780.50 18697.27 0.86
1135276.62 18443.61 0.98
1038394.00 17673.12 0.99
1032069.25 17726.95 1.07
1024806.44 17456.28 1.07
1016913.25 18200.34 1.26
1018933.75 17976.88 1.53
945041.25 17472.01 1.53
945041.25 17472.01 1.53
945041.25 17472.01 1.53
943361.25 17717.36 1.69
954234.88 16776.26 1.73
954234.88 16776.26 1.73
954234.88 16776.26 1.73
954234.88 16776.26 1.73
944115.75 17617.98 1.86
938581.56 17178.09 1.96
938581.56 17178.09 1.96
935231.75 17418.41 2.06
951556.19 16624.38 2.60
1185430.75 18660.60 0.77
938581.56 17178.09 1.96
1244686.62 20130.99 0.64
945015.88 17818.31 1.58
948148.06 17236.10 1.53
1004057.62 18086.50 1.30
933899.88 17522.92 1.96
932743.00 17699.51 1.96
1054412.75 17894.74 0.99
959316.19 16396.07 2.63
945744.06 16914.34 1.53
935221.50 17424.84 1.96
945041.25 17472.01 1.53
930467.19 17769.67 1.96
929808.06 17943.44 1.96
974574.00 16129.88 2.68
1508523.38 23130.67 0.72
1502561.25 23287.28 0.84
1493208.00 23275.79 0.85
975386.50 16353.97 0.88
856982.38 14681.47 0.88
856982.38 14650.92 0.93
842172.25 14782.92 1.79
785781.19 14002.92 1.81
799604.19 13838.51 1.86
799604.19 13838.51 1.86
805491.06 13736.90 1.86
782287.69 14402.27 2.07
782287.69 14402.27 2.07
782287.69 14402.27 2.07
776383.50 14495.82 2.07
776383.50 14495.82 2.07
776383.50 14495.82 2.07
776383.50 14495.82 2.07
776383.50 14495.82 2.07
773373.62 14770.49 2.07
773373.62 14770.49 2.07
773373.62 14770.49 2.07
773373.62 14770.49 2.07
773373.62 14770.49 2.07
773373.62 14770.49 2.07
773373.62 14770.49 2.07
772691.38 14775.49 2.07
781588.94 14407.27 2.07
772691.38 14775.49 2.07
772691.38 14775.49 2.07
781588.94 14407.27 2.07
775684.69 14500.82 2.07
775684.69 14500.82 2.07
775684.69 14500.82 2.07
775684.69 14500.82 2.07
775684.69 14500.82 2.07
775684.69 14500.82 2.07
775684.69 14500.82 2.07
764298.25 14888.81 2.15
767305.44 14614.14 2.18
767305.44 14614.14 2.18
767305.44 14614.14 2.18
779757.12 13947.96 2.18
779757.12 13947.96 2.18
779757.12 13947.96 2.18
779757.12 13947.96 2.18
779757.12 13947.96 2.18
779757.12 13947.96 2.18
779757.12 13947.96 2.18
779757.12 13947.96 2.18
779757.12 13947.96 2.18
785661.38 13854.41 2.18
786615.12 13709.66 2.18
786615.12 13709.66 2.18
794600.94 13665.48 2.18
776747.25 14222.63 2.18
776747.25 14222.63 2.18
776747.25 14222.63 2.18
771763.81 14390.95 2.18
776747.25 14222.63 2.18
776747.25 14222.63 2.18
776747.25 14222.63 2.18
785916.38 13714.66 2.18
791820.62 13621.11 2.18
784962.56 13940.56 2.18
784962.56 13940.56 2.18
784962.56 13940.56 2.18
784962.56 13940.56 2.18
784962.56 13940.56 2.18
776065.00 14227.63 2.18
779058.38 13952.96 2.18
779058.38 13952.96 2.18
773240.06 14345.38 2.20
778217.06 14177.06 2.20
778217.06 14177.06 2.20
777518.31 14182.06 2.20
773576.12 14328.55 2.20
767671.88 14422.11 2.20
767671.88 14422.11 2.20
767671.88 14422.11 2.20
1213284.25 20365.79 1.20
1199146.12 20500.52 1.20
1209616.75 20406.05 1.20
1163900.75 19591.05 1.28
1150028.38 19691.05 1.28
1124704.25 19714.58 1.30
1124704.25 19714.58 1.30
1098724.75 19419.58 1.32
1097611.12 18641.40 1.95
1068699.62 17939.04 1.98
1023661.75 17646.30 2.03
1023433.44 17679.07 2.03
1019724.19 17314.04 2.04
1049910.25 17232.15 2.35
1011076.50 17643.49 2.35
1002812.62 17700.70 2.36
1005182.56 17232.38 2.36
1005182.56 17232.38 2.36
1002812.62 17700.70 2.36
1005182.56 17232.38 2.36
1005182.56 17232.38 2.36
1005182.56 17232.38 2.36
1003508.62 17367.08 2.38
1003508.62 17367.08 2.38
1003508.62 17367.08 2.38
1001136.38 17835.40 2.38
1001136.38 17835.40 2.38
1003508.62 17367.08 2.38
1001136.38 17835.40 2.38
1048451.06 17179.08 2.38
1033816.50 17098.84 2.39
985786.25 16198.45 2.39
941854.00 15783.45 2.40
912745.12 14056.61 2.43
907596.44 14154.31 2.43
888367.12 14516.66 2.43
887715.38 14719.38 2.43
884851.31 14863.02 2.43
866244.88 14853.38 2.44
888689.38 14396.83 2.44
880005.50 14401.66 2.44
866244.88 14853.38 2.44
866244.88 14853.38 2.44
887122.25 14172.85 2.45
867069.75 14676.74 2.45
867069.75 14676.74 2.45
890664.69 13889.31 2.46
866804.81 14689.32 2.46
867312.38 14486.60 2.46
867312.38 14486.60 2.46
890664.69 13889.31 2.46
890664.69 13889.31 2.46
890664.69 13889.31 2.46
890664.69 13889.31 2.46
890664.69 13889.31 2.46
890664.69 13889.31 2.46
866298.56 14600.42 2.49
888367.12 14516.66 2.43
897844.06 14459.14 2.42
1015775.12 17491.30 2.04
1068699.62 17939.04 1.98
864391.44 14728.95 2.45
889544.06 14375.93 2.44
868497.56 14231.66 2.45
1266676.38 21129.30 1.20
890664.69 13889.31 2.46
912745.12 14056.61 2.43
899367.56 13959.31 2.44
777092.44 13553.17 0.50
767853.38 13474.24 0.53
726498.19 13037.03 0.53
723364.62 13060.40 0.54
717320.25 12955.40 0.54
717320.25 12955.40 0.54
717320.25 12955.40 0.54
717320.25 12955.40 0.54
717320.25 12955.40 0.54
717320.25 12955.40 0.54
717320.25 12955.40 0.54
701854.38 12820.40 0.60
701854.38 12820.40 0.60
698496.88 13140.19 0.66
698496.88 13140.19 0.66
698496.88 13140.19 0.66
698108.62 13240.96 0.73
698108.62 13240.96 0.73
698108.62 13240.96 0.73
698108.62 13240.96 0.73
698108.62 13240.96 0.73
698108.62 13240.96 0.73
698108.62 13240.96 0.73
698108.62 13240.96 0.73
698108.62 13240.96 0.73
698108.62 13240.96 0.73
698108.62 13240.96 0.73
698108.62 13240.96 0.73
698108.62 13240.96 0.73
701466.19 12921.17 0.73
701466.19 12921.17 0.73
701466.19 12921.17 0.73
701466.19 12921.17 0.73
701466.19 12921.17 0.73
698001.62 13240.96 0.74
698001.62 13240.96 0.74
698001.62 13240.96 0.74
698001.62 13240.96 0.74
698001.62 13240.96 0.74
698001.62 13240.96 0.74
698001.62 13240.96 0.74
698001.62 13240.96 0.74
698001.62 13240.96 0.74
701359.12 12921.17 0.74
701359.12 12921.17 0.74
701359.12 12921.17 0.74
701359.12 12921.17 0.74
701359.12 12921.17 0.74
701359.12 12921.17 0.74
698001.62 13240.96 0.74
698001.62 13240.96 0.74
698001.62 13240.96 0.74
698001.62 13240.96 0.74
701359.12 12921.17 0.74
698001.62 13240.96 0.74
698001.62 13240.96 0.74
701359.12 12921.17 0.74
701359.12 12921.17 0.74
701359.12 12921.17 0.74
701359.12 12921.17 0.74
701359.12 12921.17 0.74
701359.12 12921.17 0.74
701359.12 12921.17 0.74
701359.12 12921.17 0.74
701359.12 12921.17 0.74
698001.62 13240.96 0.74
698001.62 13240.96 0.74
698001.62 13240.96 0.74
697530.25 13296.50 0.83
697530.25 13296.50 0.83
697530.25 13296.50 0.83
697530.25 13296.50 0.83
697530.25 13296.50 0.83
697530.25 13296.50 0.83
697530.25 13296.50 0.83
697530.25 13296.50 0.83
697530.25 13296.50 0.83
697530.25 13296.50 0.83
697530.25 13296.50 0.83
697530.25 13296.50 0.83
1318944.50 19991.56 0.42
1297921.12 20239.49 0.50
1051028.62 17007.66 0.53
1051568.75 16997.66 0.53
1048974.88 17032.66 0.53
1048974.88 17032.66 0.53
1048974.88 17032.66 0.53
1045595.19 16894.47 0.54
1045595.19 16894.47 0.54
1045595.19 16894.47 0.54
1045595.19 16894.47 0.54
1046445.12 16874.47 0.54
1046445.12 16874.47 0.54
1046445.12 16874.47 0.54
1046445.12 16874.47 0.54
1046445.12 16874.47 0.54
1046445.12 16874.47 0.54
1047648.88 16869.47 0.54
1047648.88 16869.47 0.54
1047648.88 16869.47 0.54
1044391.38 16899.47 0.54
1044391.38 16899.47 0.54
1044391.38 16899.47 0.54
1044391.38 16899.47 0.54
1044391.38 16899.47 0.54
1044391.38 16899.47 0.54
1044391.38 16899.47 0.54
1044391.38 16899.47 0.54
1044391.38 16899.47 0.54
1044391.38 16899.47 0.54
1044391.38 16899.47 0.54
1036054.69 16878.80 0.54
1037258.44 16873.80 0.54
1035841.75 16919.12 0.57
1025625.94 16743.80 0.64
1025625.94 16743.80 0.64
1025625.94 16743.80 0.64
1025424.44 16784.12 0.64
1025424.44 16784.12 0.64
1025424.44 16784.12 0.64
1022097.25 17171.36 0.64
1025625.94 16743.80 0.64
1025625.94 16743.80 0.64
1026829.69 16738.80 0.64
1025625.94 16743.80 0.64
1026829.69 16738.80 0.64
1012020.62 16963.30 0.72
1013224.38 16958.30 0.72
1014131.19 16644.35 0.73
1014131.19 16644.35 0.73
1014131.19 16644.35 0.73
1014131.19 16644.35 0.73
1014131.19 16644.35 0.73
1014131.19 16644.35 0.73
1014131.19 16644.35 0.73
1014131.19 16644.35 0.73
1014131.19 16644.35 0.73
1014131.19 16644.35 0.73
1014131.19 16644.35 0.73
1015334.94 16639.35 0.73
1015334.94 16639.35 0.73
1015334.94 16639.35 0.73
1015334.94 16639.35 0.73
1015334.94 16639.35 0.73
1015334.94 16639.35 0.73
1015334.94 16639.35 0.73
1015334.94 16639.35 0.73
1014131.19 16644.35 0.73
1013929.62 16684.67 0.73
1013929.62 16684.67 0.73
1001733.38 16858.85 0.73
1001733.38 16858.85 0.73
1013929.62 16684.67 0.73
1013929.62 16684.67 0.73
1013929.62 16684.67 0.73
1013929.62 16684.67 0.73
1013929.62 16684.67 0.73
1013929.62 16684.67 0.73
1013929.62 16684.67 0.73
1013929.62 16684.67 0.73
1141675.12 18256.26 0.46
959716.44 14255.00 3.10
1003968.31 16721.37 0.99
907842.31 14261.13 3.10
1007627.12 16919.14 0.98
1003968.31 16721.37 0.99
1151272.88 18279.62 0.43
1002080.94 16766.37 0.99
1005739.75 16964.14 0.98
910505.56 15546.65 2.04
1002080.94 16766.37 0.99
1007884.88 16711.97 0.99
913861.56 14620.42 2.41
1003968.31 16721.37 0.99
910505.56 15546.65 2.04
907503.12 15948.14 2.04
998772.94 16875.54 0.99
897229.19 14775.18 3.08
1007884.88 16711.97 0.99
1002080.94 16766.37 0.99
1003968.31 16721.37 0.99
1003968.31 16721.37 0.99
1007884.88 16711.97 0.99
919224.75 15107.17 1.87
919224.75 15107.17 1.87
1003968.31 16721.37 0.99
1000626.31 16830.54 0.99
1000626.31 16830.54 0.99
1002080.94 16766.37 0.99
972799.38 16607.79 1.00
1000626.31 16830.54 0.99
1000626.31 16830.54 0.99
966001.88 17227.79 1.71
959716.44 14255.00 3.10
910505.56 15546.65 2.04
1004285.12 17028.31 0.98
1003968.31 16721.37 0.99
1003968.31 16721.37 0.99
910505.56 15546.65 2.04
1003968.31 16721.37 0.99
998772.94 16875.54 0.99
910505.56 15546.65 2.04
907503.12 15948.14 2.04
1002080.94 16766.37 0.99
1003968.31 16721.37 0.99
976075.88 16498.62 1.00
976075.88 16498.62 1.00
998772.94 16875.54 0.99
976075.88 16498.62 1.00
913423.81 15116.56 1.87
1003968.31 16721.37 0.99
1004285.12 17028.31 0.98
910505.56 15546.65 2.04
1002080.94 16766.37 0.99
979990.38 16489.23 1.00
1060652.62 17533.31 1.11
1035394.69 17248.31 1.17
938817.69 16318.31 1.17
921788.38 16835.73 1.38
947900.88 16318.22 1.49
916529.88 15536.03 1.53
917980.00 15301.88 1.53
929906.50 15276.10 1.53
907960.69 15052.37 1.54
914301.44 15041.38 1.54
926263.62 14985.20 1.54
890030.69 14697.42 1.58
892042.06 14642.51 1.58
905191.06 14590.20 1.58
910358.19 14580.20 1.58
905191.06 14590.20 1.58
882447.50 14676.38 1.58
879920.12 14792.37 1.58
873661.88 15054.96 1.65
861188.12 14741.81 1.67
864859.44 14680.48 1.67
855865.62 14749.96 1.69
855865.62 14749.96 1.69
854611.81 14759.47 1.69
856268.88 14638.68 1.69
858860.25 14440.01 1.69
857198.69 14560.79 1.69
857198.69 14560.79 1.69
858457.00 14551.28 1.69
855517.06 14724.96 1.70
855517.06 14724.96 1.70
855517.06 14724.96 1.70
855517.06 14724.96 1.70
855517.06 14724.96 1.70
855517.06 14724.96 1.70
855517.06 14724.96 1.70
855517.06 14724.96 1.70
858103.94 14526.28 1.70
858103.94 14526.28 1.70
858103.94 14526.28 1.70
858103.94 14526.28 1.70
858103.94 14526.28 1.70
858103.94 14526.28 1.70
858103.94 14526.28 1.70
858103.94 14526.28 1.70
858103.94 14526.28 1.70
858103.94 14526.28 1.70
858103.94 14526.28 1.70
858103.94 14526.28 1.70
858103.94 14526.28 1.70
858103.94 14526.28 1.70
858103.94 14526.28 1.70
858103.94 14526.28 1.70
855517.06 14724.96 1.70
855517.06 14724.96 1.70
855517.06 14724.96 1.70
855517.06 14724.96 1.70
855517.06 14724.96 1.70
855517.06 14724.96 1.70
855517.06 14724.96 1.70
858103.94 14526.28 1.70
855517.06 14724.96 1.70
855517.06 14724.96 1.70
855517.06 14724.96 1.70
855517.06 14724.96 1.70
855517.06 14724.96 1.70
855517.06 14724.96 1.70
855517.06 14724.96 1.70
855517.06 14724.96 1.70
855517.06 14724.96 1.70
855517.06 14724.96 1.70
855517.06 14724.96 1.70
855517.06 14724.96 1.70
855517.06 14724.96 1.70
855517.06 14724.96 1.70
855517.06 14724.96 1.70
855517.06 14724.96 1.70
838836.31 15267.39 1.74
838487.69 15522.93 1.93
840111.00 14619.47 2.07
880449.56 15087.24 1.63
878744.88 15129.65 1.63
878744.88 15129.65 1.63
878744.88 15129.65 1.63
878744.88 15129.65 1.63
878744.88 15129.65 1.63
880449.56 15087.24 1.63
880449.56 15087.24 1.63
880449.56 15087.24 1.63
880449.56 15087.24 1.63
880449.56 15087.24 1.63
878744.88 15129.65 1.63
880449.56 15087.24 1.63
880449.56 15087.24 1.63
880449.56 15087.24 1.63
880449.56 15087.24 1.63
880449.56 15087.24 1.63
880449.56 15087.24 1.63
880449.56 15087.24 1.63
880449.56 15087.24 1.63
880449.56 15087.24 1.63
880449.56 15087.24 1.63
878744.88 15129.65 1.63
876133.06 15384.22 1.63
876133.06 15384.22 1.63
876133.06 15384.22 1.63
876133.06 15384.22 1.63
877837.75 15341.81 1.63
877837.75 15341.81 1.63
877837.75 15341.81 1.63
877837.75 15341.81 1.63
878744.88 15129.65 1.63
878744.88 15129.65 1.63
880449.56 15087.24 1.63
878744.88 15129.65 1.63
878744.88 15129.65 1.63
878744.88 15129.65 1.63
878744.88 15129.65 1.63
878744.88 15129.65 1.63
878744.88 15129.65 1.63
878744.88 15129.65 1.63
878744.88 15129.65 1.63
878744.88 15129.65 1.63
878744.88 15129.65 1.63
880449.56 15087.24 1.63
889743.38 15005.63 1.63
889743.38 15005.63 1.63
889743.38 15005.63 1.63
889743.38 15005.63 1.63
889743.38 15005.63 1.63
889743.38 15005.63 1.63
889743.38 15005.63 1.63
889743.38 15005.63 1.63
889743.38 15005.63 1.63
889743.38 15005.63 1.63
888043.00 15048.04 1.63
880449.56 15087.24 1.63
888043.00 15048.04 1.63
880449.56 15087.24 1.63
880449.56 15087.24 1.63
880449.56 15087.24 1.63
880449.56 15087.24 1.63
888043.00 15048.04 1.63
888043.00 15048.04 1.63
888043.00 15048.04 1.63
888043.00 15048.04 1.63
830000.00 14836.81 1.66
783214.06 14406.48 1.68
795046.44 14050.20 1.68
795046.44 14050.20 1.68
785752.62 14131.81 1.68
785752.62 14131.81 1.68
784048.00 14174.22 1.68
784048.00 14174.22 1.68
783214.06 14406.48 1.68
783214.06 14406.48 1.68
781509.44 14448.89 1.68
781509.44 14448.89 1.68
798206.31 13969.65 1.90
798206.31 13969.65 1.90
1521032.50 22989.09 0.75
1406291.12 22452.27 0.79
1422100.38 21691.56 0.79
1001129.69 16766.36 0.88
1002506.19 16641.36 0.88
833960.31 13922.26 2.00
914220.12 15615.24 0.88
843415.00 14612.71 1.70
1105826.12 18213.00 0.79
1588579.25 23710.53 0.68
913513.81 15665.24 0.88
1416329.88 22103.00 0.79
943693.50 15762.92 0.88
1061718.12 17573.36 0.81
844476.12 14599.68 1.70
846713.81 14449.32 1.70
860328.88 14785.39 1.66
902854.44 15261.77 0.65
909447.94 15094.65 0.65
909447.94 15094.65 0.65
909447.94 15094.65 0.65
909447.94 15094.65 0.65
909447.94 15094.65 0.65
909447.94 15094.65 0.65
909447.94 15094.65 0.65
909447.94 15094.65 0.65
909447.94 15094.65 0.65
909447.94 15094.65 0.65
902854.44 15261.77 0.65
905996.44 15073.02 0.66
905996.44 15073.02 0.66
905996.44 15073.02 0.66
905996.44 15073.02 0.66
905996.44 15073.02 0.66
905996.44 15073.02 0.66
905996.44 15073.02 0.66
905996.44 15073.02 0.66
899402.94 15240.14 0.66
894048.81 15180.14 0.66
900642.31 15013.02 0.66
894048.81 15180.14 0.66
894048.81 15180.14 0.66
894048.81 15180.14 0.66
894048.81 15180.14 0.66
894048.81 15180.14 0.66
900642.31 15013.02 0.66
900642.31 15013.02 0.66
900642.31 15013.02 0.66
900642.31 15013.02 0.66
894048.81 15180.14 0.66
894048.81 15180.14 0.66
900642.31 15013.02 0.66
900642.31 15013.02 0.66
900642.31 15013.02 0.66
900642.31 15013.02 0.66
900642.31 15013.02 0.66
900642.31 15013.02 0.66
900642.31 15013.02 0.66
900642.31 15013.02 0.66
900642.31 15013.02 0.66
900642.31 15013.02 0.66
900642.31 15013.02 0.66
900642.31 15013.02 0.66
900642.31 15013.02 0.66
900642.31 15013.02 0.66
900642.31 15013.02 0.66
900642.31 15013.02 0.66
900642.31 15013.02 0.66
900642.31 15013.02 0.66
900642.31 15013.02 0.66
900642.31 15013.02 0.66
900642.31 15013.02 0.66
900642.31 15013.02 0.66
900642.31 15013.02 0.66
900642.31 15013.02 0.66
900642.31 15013.02 0.66
900642.31 15013.02 0.66
900642.31 15013.02 0.66
900642.31 15013.02 0.66
900642.31 15013.02 0.66
900642.31 15013.02 0.66
900642.31 15013.02 0.66
900642.31 15013.02 0.66
900642.31 15013.02 0.66
900642.31 15013.02 0.66
900642.31 15013.02 0.66
900642.31 15013.02 0.66
900642.31 15013.02 0.66
900642.31 15013.02 0.66
900642.31 15013.02 0.66
900642.31 15013.02 0.66
890688.31 15145.90 0.66
890688.31 15145.90 0.66
886202.19 15063.85 0.66
886202.19 15063.85 0.66
886202.19 15063.85 0.66
886202.19 15063.85 0.66
1509754.88 22706.60 1.30
1528697.12 22656.08 1.30
1456088.75 22069.25 1.37
1456088.75 22069.25 1.37
1433572.75 22344.25 1.58
1316794.12 20451.60 1.62
1240879.50 19641.08 1.65
1237684.50 19556.08 1.66
1125839.75 18196.08 1.69
1125839.75 18196.08 1.69
1125839.75 18196.08 1.69
1125839.75 18196.08 1.69
1125839.75 18196.08 1.69
1125839.75 18196.08 1.69
1125839.75 18196.08 1.69
1076348.38 17826.08 1.70
1010480.44 16701.60 1.71
993417.50 16613.58 1.73
925484.88 15716.08 1.75
914898.50 15674.25 1.81
916919.00 15612.32 1.81
914575.25 16156.79 2.04
848467.69 14830.86 2.06
850582.75 14567.81 2.06
813613.44 14440.86 2.08
815728.50 14177.81 2.08
813613.44 14440.86 2.08
813613.44 14440.86 2.08
813613.44 14440.86 2.08
813613.44 14440.86 2.08
813613.44 14440.86 2.08
813613.44 14440.86 2.08
813613.44 14440.86 2.08
813613.44 14440.86 2.08
815728.50 14177.81 2.08
813613.44 14440.86 2.08
813613.44 14440.86 2.08
813613.44 14440.86 2.08
813613.44 14440.86 2.08
813613.44 14440.86 2.08
813613.44 14440.86 2.08
826849.94 14151.99 2.08
805517.44 14703.90 2.08
815728.50 14177.81 2.08
815728.50 14177.81 2.08
815728.50 14177.81 2.08
815728.50 14177.81 2.08
815728.50 14177.81 2.08
815728.50 14177.81 2.08
815728.50 14177.81 2.08
815728.50 14177.81 2.08
815728.50 14177.81 2.08
815728.50 14177.81 2.08
815728.50 14177.81 2.08
815728.50 14177.81 2.08
815728.50 14177.81 2.08
815728.50 14177.81 2.08
815728.50 14177.81 2.08
815728.50 14177.81 2.08
815728.50 14177.81 2.08
815728.50 14177.81 2.08
815728.50 14177.81 2.08
815728.50 14177.81 2.08
815728.50 14177.81 2.08
815728.50 14177.81 2.08
815728.50 14177.81 2.08
815728.50 14177.81 2.08
815728.50 14177.81 2.08
815728.50 14177.81 2.08
815728.50 14177.81 2.08
815728.50 14177.81 2.08
815728.50 14177.81 2.08
815728.50 14177.81 2.08
815728.50 14177.81 2.08
815728.50 14177.81 2.08
815728.50 14177.81 2.08
815728.50 14177.81 2.08
815728.50 14177.81 2.08
815728.50 14177.81 2.08
815728.50 14177.81 2.08
1033422.38 16680.71 0.62
1019129.00 16696.85 0.72
1001179.94 16599.18 1.12
1020136.88 16087.86 2.61
1036572.94 15349.67 3.17
983782.12 16905.43 2.72
973505.69 17450.06 2.68
1026496.69 15978.13 2.61
1039746.19 16570.98 0.62
1029187.88 16445.98 0.64
983782.12 16905.43 2.72
1020136.88 16087.86 2.61
955028.56 16240.73 2.93
973505.69 17450.06 2.68
1020136.88 16087.86 2.61
1022931.62 15879.65 2.63
1022828.06 16555.71 0.64
1026690.81 16750.71 0.62
976300.94 17416.34 2.76
1017894.31 16207.39 0.85
1022828.06 16555.71 0.64
1016581.31 15592.39 2.90
1027476.94 15799.65 2.63
996115.94 16085.40 2.79
1020136.88 16087.86 2.61
1019232.50 16020.79 2.63
986080.38 16420.71 2.32
956111.69 16021.66 2.82
956111.69 16021.66 2.82
1020136.88 16087.86 2.61
1048290.19 15202.23 3.15
1047843.25 15349.82 2.74
1047843.25 15349.82 2.74
966015.25 16134.65 2.79
956111.69 16021.66 2.82
975068.69 15728.65 2.82
943537.00 17051.00 2.82
1049837.00 15181.59 2.74
1039461.44 15319.82 2.79
983782.12 16905.43 2.72
1047843.25 15349.82 2.74
955028.56 16240.73 2.93
1044746.06 15692.66 2.74
1022828.06 16555.71 0.64
1004145.31 16423.98 1.14
1005027.44 16127.70 2.61
945431.38 16406.78 2.79
1041567.62 15244.82 2.74
1047843.25 15349.82 2.74
1026690.81 16750.71 0.62
1153020.00 18439.53 0.88
1002505.38 16465.25 0.88
1029725.00 16410.47 0.88
903806.19 15285.25 0.88
913680.19 15206.04 0.90
893724.75 14999.40 0.90
871872.06 14563.24 0.90
856076.50 14334.40 0.91
835236.06 14367.96 0.91
856076.50 14334.40 0.91
856076.50 14334.40 0.91
856076.50 14334.40 0.91
826279.38 14475.27 1.03
826279.38 14475.27 1.03
826360.00 14469.97 1.04
826360.00 14469.97 1.04
826360.00 14469.97 1.04
812268.19 14347.45 1.06
833128.31 14313.89 1.06
833128.31 14313.89 1.06
810725.38 14446.50 1.25
810725.38 14446.50 1.25
810725.38 14446.50 1.25
810644.81 14451.80 1.25
810644.81 14451.80 1.25
810644.81 14451.80 1.25
827491.12 14260.94 1.61
827491.12 14260.94 1.61
799043.31 14466.59 1.91
797500.50 14565.64 1.91
817033.69 14290.72 1.92
780345.94 14520.35 2.06
780345.94 14520.35 2.06
780345.94 14520.35 2.06
780345.94 14520.35 2.06
781804.69 14426.59 2.06
781888.75 14421.29 2.06
781888.75 14421.29 2.06
781888.75 14421.29 2.06
781888.75 14421.29 2.06
780345.94 14520.35 2.06
780345.94 14520.35 2.06
780265.38 14525.64 2.06
780265.38 14525.64 2.06
780345.94 14520.35 2.06
778678.19 14760.44 2.06
790764.81 14319.28 2.06
780265.38 14525.64 2.06
780265.38 14525.64 2.06
780265.38 14525.64 2.06
780265.38 14525.64 2.06
830367.81 13776.92 2.16
830367.81 13776.92 2.16
830367.81 13776.92 2.16
813521.44 13967.78 2.16
813521.44 13967.78 2.16
813602.06 13962.49 2.16
822478.12 13860.48 2.16
822478.12 13860.48 2.16
830367.81 13776.92 2.16
783607.44 13977.78 2.16
783688.00 13972.49 2.16
785230.81 13873.43 2.16
792564.12 13870.48 2.16
781791.88 14232.89 2.17
848593.62 13630.91 2.26
786213.00 13808.31 2.26
833752.50 13704.17 2.37
802746.00 13744.06 2.41
832660.06 13734.06 2.41
832660.06 13734.06 2.41
835747.06 13234.48 2.43
782263.44 14055.95 2.43
782344.00 14050.66 2.43
782344.00 14050.66 2.43
782344.00 14050.66 2.43
782344.00 14050.66 2.43
782344.00 14050.66 2.43
782344.00 14050.66 2.43
782344.00 14050.66 2.43