2479362.25 35227.30 2.02
2040248.25 30254.13 3.04
1784175.25 27973.01 3.32
1796747.75 27663.49 3.34
1789795.12 27778.01 3.32
1802367.62 27468.49 3.34
1784175.25 27973.01 3.32
1802367.62 27468.49 3.34
1784590.12 28043.35 3.28
1966283.50 29215.99 3.18
1860871.62 29151.53 3.18
1801708.38 27652.23 3.23
1801293.50 27581.89 3.32
1802367.62 27468.49 3.34
2110468.75 30949.14 2.02
1784175.25 27973.01 3.32
1790210.00 27848.35 3.23
1977136.88 29019.88 3.05
1927849.38 29858.01 3.18
1796747.75 27663.49 3.34
1789795.12 27778.01 3.32
1802367.62 27468.49 3.34
1784175.25 27973.01 3.32
1802367.62 27468.49 3.34
1784175.25 27973.01 3.32
1813866.00 27272.38 3.34
1784175.25 27973.01 3.32
1790210.00 27848.35 3.23
1801708.38 27652.23 3.23
1679218.88 25927.42 1.69
1675831.25 25398.58 4.81
1606570.88 25546.73 4.55
1693819.38 25313.58 4.81
1652015.00 25798.11 1.73
1606570.88 25546.73 4.55
1652015.00 25798.11 1.73
1591797.50 26130.33 2.13
1591797.50 26130.33 2.13
1631713.00 25653.11 1.89
1591797.50 26130.33 2.13
1652015.00 25798.11 1.73
1604450.50 25861.36 1.98
1605490.88 25459.03 5.10
1659106.38 25632.42 1.69
1600067.50 25577.00 5.10
1605490.88 25374.44 5.20
1599027.12 25979.33 1.98
1599027.12 25979.33 1.98
1591797.50 26130.33 2.13
1659663.12 24995.88 5.09
1591797.50 26130.33 2.13
1631713.00 25653.11 1.89
1631713.00 25653.11 1.89
1653687.50 25750.39 1.70
1603875.25 25981.27 1.94
1654248.12 25113.85 5.09
1600067.50 25577.00 5.10
1604450.50 25861.36 1.98
1591797.50 26130.33 2.13
1604450.50 25861.36 1.98
1609298.75 25863.30 1.94
1693973.00 25548.58 4.55
1591797.50 26130.33 2.13
1631713.00 25653.11 1.89
1597075.38 26012.36 2.13
1609298.75 25863.30 1.94
1675831.25 25398.58 4.81
1591326.12 25894.00 7.43
1634779.50 25678.11 1.89
1652015.00 25798.11 1.73
1616390.12 25697.61 1.94
1605490.88 25459.03 5.10
1599027.12 25979.33 1.98
1591797.50 26130.33 2.13
1921932.12 29757.57 2.13
1913447.00 30277.40 5.39
1853195.38 29601.58 5.41
1799924.38 28643.01 6.08
1799924.38 28643.01 6.08
1797770.75 28670.43 6.09
1825435.00 28298.47 6.09
1797770.75 28670.43 6.09
1827458.25 28318.47 6.08
1797770.75 28670.43 6.09
1805650.25 28435.13 6.13
1797770.75 28670.43 6.09
1829830.25 27887.43 6.08
1799793.62 28690.43 6.08
1805650.25 28435.13 6.13
1809866.00 28370.48 5.90
1776128.38 28692.62 5.85
1802311.75 28827.51 5.85
1805574.00 28482.54 6.13
1800174.38 28959.57 5.52
1807953.38 28051.51 6.13
1802499.25 28528.54 5.44
1797847.00 28623.01 6.09
2473495.25 34310.90 1.69
1552756.75 23856.34 2.39
1886232.88 27349.12 1.73
1579927.38 23782.04 1.95
1584631.75 23496.23 1.87
1616881.25 23326.33 7.01
1552756.75 23856.34 2.39
1551723.38 23861.34 2.39
1543634.88 23947.91 7.01
1550805.00 23587.97 7.01
1552756.75 23856.34 2.39
1656356.75 23379.59 5.09
1545141.12 24503.60 5.71
1727620.62 25379.12 1.74
1556557.50 23288.80 7.08
1550368.12 23866.85 2.43
1557366.38 23532.17 2.11
1567467.62 23555.40 2.01
1670939.62 25105.90 1.87
1662032.00 24934.72 1.89
1664767.00 24804.72 1.89
1659680.12 25037.11 1.89
1662313.62 24907.11 1.89
1662313.62 24907.11 1.89
1663648.50 24907.11 1.89
1544604.75 23674.72 1.96
1542120.38 23777.11 1.96
1544604.75 23674.72 1.96
1544604.75 23674.72 1.96
1544604.75 23674.72 1.96
1544604.75 23674.72 1.96
1544604.75 23674.72 1.96
1544604.75 23674.72 1.96
1544604.75 23674.72 1.96
1544604.75 23674.72 1.96
1544604.75 23674.72 1.96
1542120.38 23777.11 1.96
1542120.38 23777.11 1.96
1542120.38 23777.11 1.96
1525604.50 24182.58 1.96
1524269.75 24182.58 1.96
1524269.75 24182.58 1.96
1544604.75 23674.72 1.96
1545939.62 23674.72 1.96
1544604.75 23674.72 1.96
1545939.62 23674.72 1.96
1545939.62 23674.72 1.96
1545939.62 23674.72 1.96
1545939.62 23674.72 1.96
1544604.75 23674.72 1.96
1544604.75 23674.72 1.96
1544604.75 23674.72 1.96
1544604.75 23674.72 1.96
1534371.62 24096.40 1.97
1524269.75 24031.40 1.99
1524269.75 24031.40 1.99
1524269.75 24031.40 1.99
1524269.75 24031.40 1.99
1524269.75 24031.40 1.99
1524269.75 24031.40 1.99
1524269.75 24031.40 1.99
1521786.25 24133.79 1.99
1521786.25 24133.79 1.99
1521786.25 24133.79 1.99
1521786.25 24133.79 1.99
1529471.88 23806.26 2.07
1509164.62 24162.94 2.07
1509164.62 24162.94 2.07
1509164.62 24162.94 2.07
1509164.62 24162.94 2.07
1509164.62 24162.94 2.07
1509164.62 24162.94 2.07
1509164.62 24162.94 2.07
1509164.62 24162.94 2.07
1510499.38 24162.94 2.07
1529471.88 23806.26 2.07
1511617.00 24060.54 2.07
1529471.88 23806.26 2.07
1529471.88 23806.26 2.07
1531925.12 23703.87 2.07
1531925.12 23703.87 2.07
1531925.12 23703.87 2.07
1511617.00 24060.54 2.07
1511617.00 24060.54 2.07
1531925.12 23703.87 2.07
1522515.50 24017.91 2.08
1533710.62 23469.38 5.38
1531260.75 23571.78 5.51
1531260.75 23571.78 5.51
1531260.75 23571.78 5.51
1532595.50 23571.78 5.51
1546355.25 23440.24 5.52
1546355.25 23440.24 5.52
1546355.25 23440.24 5.52
1546355.25 23440.24 5.52
1546355.25 23440.24 5.52
1507372.00 24161.92 5.54
1553245.62 22681.31 6.19
1668486.62 25737.64 2.38
1668486.62 25737.64 2.38
1668486.62 25737.64 2.38
1693616.50 25662.03 2.38
1704162.75 25468.06 2.38
1602772.50 24955.31 2.42
1633751.88 24777.03 2.42
1587543.75 24391.37 2.43
1591234.88 24337.03 2.43
1539047.62 24106.62 2.43
1513479.00 24182.23 2.43
1528589.50 23852.64 2.44
1539026.38 23552.03 2.44
1497829.00 24257.23 2.47
1497829.00 24257.23 2.47
1497829.00 24257.23 2.47
1497829.00 24257.23 2.47
1522958.88 24181.62 2.47
1497829.00 24257.23 2.47
1497829.00 24257.23 2.47
1522958.88 24181.62 2.47
1522958.88 24181.62 2.47
1522958.88 24181.62 2.47
1497829.00 24257.23 2.47
1497829.00 24257.23 2.47
1497419.38 23697.64 2.47
1522549.25 23622.03 2.47
1522549.25 23622.03 2.47
1522549.25 23622.03 2.47
1522549.25 23622.03 2.47
1522549.25 23622.03 2.47
1522549.25 23622.03 2.47
1522549.25 23622.03 2.47
1497419.38 23697.64 2.47
1497419.38 23697.64 2.47
1497419.38 23697.64 2.47
1497419.38 23697.64 2.47
1497419.38 23697.64 2.47
1497419.38 23697.64 2.47
1497419.38 23697.64 2.47
1497419.38 23697.64 2.47
1497419.38 23697.64 2.47
1497419.38 23697.64 2.47
1497419.38 23697.64 2.47
1497419.38 23697.64 2.47
1497419.38 23697.64 2.47
1497419.38 23697.64 2.47
1492309.00 24561.64 2.53
1492309.00 24561.64 2.53
1492309.00 24561.64 2.53
1491912.62 24002.05 2.53
1491912.62 24002.05 2.53
1482454.00 24077.05 2.61
1482454.00 24077.05 2.61
1482454.00 24077.05 2.61
1482454.00 24077.05 2.61
1475072.12 24765.66 2.73
1474686.25 24206.07 2.73
1474686.25 24206.07 2.73
1489651.75 23826.66 2.73
1489651.75 23826.66 2.73
1489651.75 23826.66 2.73
1489651.75 23826.66 2.73
1489651.75 23826.66 2.73
1489651.75 23826.66 2.73
1489651.75 23826.66 2.73
1489651.75 23826.66 2.73
1489651.75 23826.66 2.73
1489651.75 23826.66 2.73
1433001.12 22645.40 2.97
1425558.75 23325.03 2.97
1424395.38 23829.79 3.27
1416627.75 23958.80 3.27
1418642.00 23653.68 3.57
1421446.50 23607.61 3.57
1428942.62 23276.35 3.57
1423687.88 23367.43 4.42
1426536.38 23321.35 4.42
1414063.25 23499.42 5.60
1461996.88 22582.17 5.60
2549359.25 36170.06 1.70
2527490.50 35803.04 1.75
2475644.00 35375.06 1.95
2426222.00 34718.33 2.00
2421255.75 34903.33 2.02
1710625.50 26279.59 2.15
1710625.50 26279.59 2.15
1712052.25 25623.31 2.15
1587532.38 23833.17 2.16
1587532.38 23833.17 2.16
1587532.38 23833.17 2.16
1587532.38 23833.17 2.16
1587532.38 23833.17 2.16
1587532.38 23833.17 2.16
1587532.38 23833.17 2.16
1587532.38 23833.17 2.16
1587532.38 23833.17 2.16
1586105.62 24489.45 2.16
1586105.62 24489.45 2.16
1586105.62 24489.45 2.16
1586105.62 24489.45 2.16
1586105.62 24489.45 2.16
1586105.62 24489.45 2.16
1586105.62 24489.45 2.16
1586105.62 24489.45 2.16
1586105.62 24489.45 2.16
1582973.12 24459.45 2.17
1582973.12 24459.45 2.17
1584399.88 23803.17 2.17
1556588.62 24014.45 2.17
1556588.62 24014.45 2.17
1556588.62 24014.45 2.17
1556588.62 24014.45 2.17
1556588.62 24014.45 2.17
1556588.62 24014.45 2.17
1556588.62 24014.45 2.17
1556588.62 24014.45 2.17
1556588.62 24014.45 2.17
1556588.62 24014.45 2.17
1556588.62 24014.45 2.17
1556588.62 24014.45 2.17
1556588.62 24014.45 2.17
1556588.62 24014.45 2.17
1556588.62 24014.45 2.17
1556588.62 24014.45 2.17
1556588.62 24014.45 2.17
1556588.62 24014.45 2.17
1556588.62 24014.45 2.17
1556588.62 24014.45 2.17
1556588.62 24014.45 2.17
1556588.62 24014.45 2.17
1558099.12 23358.17 2.17
1558099.12 23358.17 2.17
1558099.12 23358.17 2.17
1558099.12 23358.17 2.17
1558099.12 23358.17 2.17
1558099.12 23358.17 2.17
1558099.12 23358.17 2.17
1558099.12 23358.17 2.17
1558099.12 23358.17 2.17
1558099.12 23358.17 2.17
1558099.12 23358.17 2.17
1558099.12 23358.17 2.17
1558099.12 23358.17 2.17
1558099.12 23358.17 2.17
1558099.12 23358.17 2.17
1558099.12 23358.17 2.17
1558099.12 23358.17 2.17
1558099.12 23358.17 2.17
1558099.12 23358.17 2.17
1558099.12 23358.17 2.17
1562125.12 23347.97 2.17
1562125.12 23347.97 2.17
1554970.25 23328.17 2.18
1554970.25 23328.17 2.18
1553163.25 23949.45 2.27
1553163.25 23949.45 2.27
1554673.88 23293.17 2.27
1554673.88 23293.17 2.27
1554673.88 23293.17 2.27
1716898.50 25483.27 1.37
1716898.50 25483.27 1.37
1716898.50 25483.27 1.37
1716898.50 25483.27 1.37
1716898.50 25483.27 1.37
1716898.50 25483.27 1.37
1716898.50 25483.27 1.37
1716898.50 25483.27 1.37
1716898.50 25483.27 1.37
1716898.50 25483.27 1.37
1716898.50 25483.27 1.37
1716898.50 25483.27 1.37
1716898.50 25483.27 1.37
1716898.50 25483.27 1.37
1716898.50 25483.27 1.37
1716898.50 25483.27 1.37
1716898.50 25483.27 1.37
1716898.50 25483.27 1.37
1716898.50 25483.27 1.37
1716898.50 25483.27 1.37
1716898.50 25483.27 1.37
1713092.38 25529.52 1.37
1713024.75 26161.80 1.37
1713024.75 26161.80 1.37
1713024.75 26161.80 1.37
1713024.75 26161.80 1.37
1713024.75 26161.80 1.37
1713024.75 26161.80 1.37
1713024.75 26161.80 1.37
1713092.38 25529.52 1.37
1713092.38 25529.52 1.37
1716898.50 25483.27 1.37
1715029.38 25503.64 1.37
1715029.38 25503.64 1.37
1715029.38 25503.64 1.37
1715029.38 25503.64 1.37
1716898.50 25483.27 1.37
1716898.50 25483.27 1.37
1716898.50 25483.27 1.37
1716898.50 25483.27 1.37
1716898.50 25483.27 1.37
1718835.38 25457.39 1.37
1709219.12 26208.05 1.37
1711159.88 26182.17 1.37
1713024.75 26161.80 1.37
1713024.75 26161.80 1.37
1713024.75 26161.80 1.37
1713024.75 26161.80 1.37
1718835.38 25457.39 1.37
1718835.38 25457.39 1.37
1718835.38 25457.39 1.37
1718835.38 25457.39 1.37
1718835.38 25457.39 1.37
1718835.38 25457.39 1.37
1718835.38 25457.39 1.37
1718835.38 25457.39 1.37
1718835.38 25457.39 1.37
1718835.38 25457.39 1.37
1718835.38 25457.39 1.37
1718835.38 25457.39 1.37
1718835.38 25457.39 1.37
1718835.38 25457.39 1.37
1718835.38 25457.39 1.37
1710120.12 25403.00 1.37
1708183.25 25428.89 1.37
1704322.62 26107.42 1.37
1704322.62 26107.42 1.37
1704322.62 26107.42 1.37
1704322.62 26107.42 1.37
1704322.62 26107.42 1.37
1706263.38 26081.53 1.37
1710120.12 25403.00 1.37
1710120.12 25403.00 1.37
1708183.25 25428.89 1.37
1710120.12 25403.00 1.37
1710120.12 25403.00 1.37
1710120.12 25403.00 1.37
1710120.12 25403.00 1.37
1710120.12 25403.00 1.37
1710120.12 25403.00 1.37
1650374.75 25294.47 6.05
2502000.50 35115.49 2.16
2490910.00 35169.16 2.16
1647238.38 25919.24 6.05
1650407.50 25567.87 5.66
2315233.75 34353.39 2.35
1722299.88 26637.87 5.61
1650374.75 25294.47 6.05
1866031.12 28859.07 2.56
1750303.50 25250.25 5.17
1650374.75 25294.47 6.05
1724789.88 26195.26 5.07
2163935.25 33507.80 2.52
1941810.88 27877.94 2.58
1905762.50 28235.56 2.56
1647271.12 26192.63 5.66
2313675.25 34673.39 2.35
1747167.12 25875.02 2.73
1737909.50 27019.19 2.59
1738622.25 26026.14 5.14
2049112.00 30487.86 2.55
1747423.38 25536.00 5.15
1725185.00 26431.45 2.62
1739338.25 26019.55 5.15
1747167.12 25875.02 2.73
1762717.75 28350.79 1.54
1516621.88 24303.30 1.59
1519588.12 24228.30 1.59
1519397.00 24228.30 1.61
1451356.00 24063.47 1.86
1451720.00 23298.94 1.92
1457677.00 22832.82 1.92
1457677.00 22832.82 1.92
1451720.00 23298.94 1.92
1457539.50 22842.82 1.92
1368933.62 21722.91 1.93
1364319.00 21723.78 1.93
1364319.00 21723.78 1.93
1364319.00 21723.78 1.93
1364319.00 21723.78 1.93
1364319.00 21723.78 1.93
1364319.00 21723.78 1.93
1347435.75 22174.37 1.93
1364319.00 21723.78 1.93
1364319.00 21723.78 1.93
1364319.00 21723.78 1.93
1364319.00 21723.78 1.93
1364319.00 21723.78 1.93
1364319.00 21723.78 1.93
1364319.00 21723.78 1.93
1364319.00 21723.78 1.93
1364319.00 21723.78 1.93
1364319.00 21723.78 1.93
1364319.00 21723.78 1.93
1364319.00 21723.78 1.93
1364319.00 21723.78 1.93
1364319.00 21723.78 1.93
1364319.00 21723.78 1.93
1364319.00 21723.78 1.93
1364319.00 21723.78 1.93
1364319.00 21723.78 1.93
1364319.00 21723.78 1.93
1364319.00 21723.78 1.93
1364319.00 21723.78 1.93
1364319.00 21723.78 1.93
1364319.00 21723.78 1.93
1364319.00 21723.78 1.93
1364319.00 21723.78 1.93
1364319.00 21723.78 1.93
1364319.00 21723.78 1.93
1364319.00 21723.78 1.93
1364319.00 21723.78 1.93
1364319.00 21723.78 1.93
1364319.00 21723.78 1.93
1357750.12 21822.87 4.86
1357750.12 21822.87 4.86
1357750.12 21822.87 4.86
1361461.00 21798.78 1.92
1457677.00 22832.82 1.92
1457300.38 23597.35 1.70
1368933.62 21722.91 1.93
1365479.62 21682.91 1.94
1361588.50 21788.78 1.92
1690388.12 25894.78 1.56
2037689.50 29645.50 1.40
1652750.38 25895.95 1.94
1658545.62 25594.03 7.03
1683227.50 25989.78 1.56
2051232.00 29988.08 1.34
2037716.25 29480.50 1.40
1645371.88 27017.41 2.42
1696542.25 26112.36 1.51
1689381.62 26207.36 1.51
1652721.12 26028.54 1.89
1683227.50 25989.78 1.56
1762389.00 27222.36 1.47
1600093.12 26536.83 2.47
1689681.00 26192.36 1.51
1952619.00 28877.36 1.43
1867979.12 27436.80 1.98
1898321.75 27409.53 1.98
1898321.75 27409.53 1.98
1898321.75 27409.53 1.98
1898321.75 27409.53 1.98
1898321.75 27409.53 1.98
1898321.75 27409.53 1.98
1898321.75 27409.53 1.98
1898321.75 27409.53 1.98
1903013.88 27389.53 1.98
1809465.00 27154.76 1.99
1809973.75 26749.33 2.08
1809973.75 26749.33 2.08
1778817.25 26761.60 2.08
1778817.25 26761.60 2.08
1777946.88 27125.23 2.10
1778965.62 26683.33 2.12
1778965.62 26683.33 2.12
1778965.62 26683.33 2.12
1778965.62 26683.33 2.12
1778965.62 26683.33 2.12
1778965.62 26683.33 2.12
1778965.62 26683.33 2.12
1778965.62 26683.33 2.12
1778965.62 26683.33 2.12
1778965.62 26683.33 2.12
1778965.62 26683.33 2.12
1778965.62 26683.33 2.12
1778965.62 26683.33 2.12
1778965.62 26683.33 2.12
1778965.62 26683.33 2.12
1778965.62 26683.33 2.12
1778965.62 26683.33 2.12
1778965.62 26683.33 2.12
1778965.62 26683.33 2.12
1778965.62 26683.33 2.12
1778965.62 26683.33 2.12
1778965.62 26683.33 2.12
1778965.62 26683.33 2.12
1778965.62 26683.33 2.12
1778965.62 26683.33 2.12
1778965.62 26683.33 2.12
1778965.62 26683.33 2.12
1778965.62 26683.33 2.12
1778965.62 26683.33 2.12
1778965.62 26683.33 2.12
1788761.38 26556.80 2.12
1788761.38 26556.80 2.12
1838131.00 26403.03 6.55
1794039.50 26254.32 7.14
1794039.50 26254.32 7.14
1803835.25 26127.79 7.14
1767212.38 26476.54 6.21
1794039.50 26254.32 7.14
1794039.50 26254.32 7.14
1807373.50 26651.06 2.12
1794039.50 26254.32 7.14
1794039.50 26254.32 7.14
1794039.50 26254.32 7.14
1788761.38 26556.80 2.12
1819803.75 26464.53 2.17
1819803.75 26464.53 2.17
1819803.75 26464.53 2.17
1788761.38 26556.80 2.12
1788761.38 26556.80 2.12
1898321.75 27409.53 1.98
1767212.38 26541.80 2.45
1788761.38 26556.80 2.12
1788761.38 26556.80 2.12
1788761.38 26556.80 2.12
1819803.75 26464.53 2.17
1807094.88 26415.30 6.55
1788613.00 26556.80 2.12
1767212.38 26541.80 2.45
1779122.38 27182.03 1.99
1794039.50 26254.32 7.14
1543474.38 24769.25 2.24
1543757.50 24589.25 2.24
1543757.50 24589.25 2.24
1543757.50 24589.25 2.24
1543757.50 24589.25 2.24
1543757.50 24589.25 2.24
1543757.50 24589.25 2.24
1543757.50 24589.25 2.24
1543757.50 24589.25 2.24
1543757.50 24589.25 2.24
1543757.50 24589.25 2.24
1543474.38 24769.25 2.24
1543474.38 24769.25 2.24
1543474.38 24769.25 2.24
1543474.38 24769.25 2.24
1543757.50 24589.25 2.24
1543757.50 24589.25 2.24
1543757.50 24589.25 2.24
1543474.38 24769.25 2.24
1543757.50 24589.25 2.24
1543757.50 24589.25 2.24
1543757.50 24589.25 2.24
1543474.38 24769.25 2.24
1543474.38 24769.25 2.24
1543474.38 24769.25 2.24
1543474.38 24769.25 2.24
1543474.38 24769.25 2.24
1543474.38 24769.25 2.24
1543474.38 24769.25 2.24
1543474.38 24769.25 2.24
1543474.38 24769.25 2.24
1529731.75 25098.53 2.50
1529731.75 25098.53 2.50
1529731.75 25098.53 2.50
1529731.75 25098.53 2.50
1541359.38 24971.80 5.02
1541359.38 24971.80 5.02
1541359.38 24971.80 5.02
1550248.62 24580.23 5.62
1538621.12 24706.95 5.62
1552363.75 24377.67 5.62
1552363.75 24377.67 5.62
1552646.75 24197.67 5.62
1552646.75 24197.67 5.62
1552646.75 24197.67 5.62
1552646.75 24197.67 5.62
1552646.75 24197.67 5.62
1552646.75 24197.67 5.62
1552363.75 24377.67 5.62
1552646.75 24197.67 5.62
1552363.75 24377.67 5.62
1552646.75 24197.67 5.62
1552646.75 24197.67 5.62
1552363.75 24377.67 5.62
1552363.75 24377.67 5.62
1540376.88 24619.93 5.63
1552617.50 24203.21 5.63
1552334.38 24383.21 5.63
1552617.50 24203.21 5.63
1552617.50 24203.21 5.63
1552617.50 24203.21 5.63
1538591.88 24712.49 5.63
1552334.38 24383.21 5.63
1552334.38 24383.21 5.63
1552334.38 24383.21 5.63
1552334.38 24383.21 5.63
1552334.38 24383.21 5.63
1552334.38 24383.21 5.63
1552334.38 24383.21 5.63
1551761.75 24498.21 5.63
1540134.12 24624.93 5.63
1540134.12 24624.93 5.63
1554159.88 24115.65 5.63
1554159.88 24115.65 5.63
1554159.88 24115.65 5.63
1554159.88 24115.65 5.63
1554159.88 24115.65 5.63
1552879.38 24134.20 5.63
1552879.38 24134.20 5.63
1552879.38 24134.20 5.63
2390990.50 34420.13 1.73
2254249.75 33050.74 1.76
2231121.75 32885.24 1.97
2197518.25 32410.24 1.98
2122884.50 31715.24 1.99
2079106.88 31148.05 2.23
1851330.25 29534.57 3.16
1847025.25 29464.57 3.21
1847025.25 29464.57 3.21
1847025.25 29464.57 3.21
1847025.25 29464.57 3.21
1847025.25 29464.57 3.21
1847025.25 29464.57 3.21
1847025.25 29464.57 3.21
1847025.25 29464.57 3.21
1847025.25 29464.57 3.21
1847025.25 29464.57 3.21
1847025.25 29464.57 3.21
1847025.25 29464.57 3.21
1847025.25 29464.57 3.21
1847025.25 29464.57 3.21
1846506.62 29747.31 3.21
1825458.62 30097.87 3.21
1846506.62 29747.31 3.21
1825458.62 30097.87 3.21
1825458.62 30097.87 3.21
1825458.62 30097.87 3.21
1825458.62 30097.87 3.21
1825458.62 30097.87 3.21
1825458.62 30097.87 3.21
1825458.62 30097.87 3.21
1825458.62 30097.87 3.21
1825458.62 30097.87 3.21
1825458.62 30097.87 3.21
1825458.62 30097.87 3.21
1825458.62 30097.87 3.21
1825458.62 30097.87 3.21
1826271.12 29702.87 3.23
1800657.62 28464.57 3.24
1779091.00 29097.87 3.24
1779091.00 29097.87 3.24
1779091.00 29097.87 3.24
1779091.00 29097.87 3.24
1800657.62 28464.57 3.24
1800657.62 28464.57 3.24
1800657.62 28464.57 3.24
1739234.12 27814.57 3.34
1717667.50 28447.87 3.34
1717667.50 28447.87 3.34
1717667.50 28447.87 3.34
1717667.50 28447.87 3.34
1738715.50 28097.31 3.34
1739234.12 27814.57 3.34
1739234.12 27814.57 3.34
1739234.12 27814.57 3.34
1739234.12 27814.57 3.34
1739234.12 27814.57 3.34
1739234.12 27814.57 3.34
1717667.50 28447.87 3.34
1739234.12 27814.57 3.34
1739234.12 27814.57 3.34
1739234.12 27814.57 3.34
1739234.12 27814.57 3.34
1739234.12 27814.57 3.34
1739234.12 27814.57 3.34
1739234.12 27814.57 3.34
1739234.12 27814.57 3.34
1739234.12 27814.57 3.34
1739234.12 27814.57 3.34
1739234.12 27814.57 3.34
1717667.50 28447.87 3.34
1739234.12 27814.57 3.34
1717667.50 28447.87 3.34
1717667.50 28447.87 3.34
1717667.50 28447.87 3.34
1717667.50 28447.87 3.34
1717667.50 28447.87 3.34
1717667.50 28447.87 3.34
1717667.50 28447.87 3.34
1717667.50 28447.87 3.34
1615930.50 25118.60 2.53
1616496.62 25087.07 2.53
1611239.38 25423.01 2.53
1605400.38 25446.13 2.58
1604827.38 25477.66 2.58
1600705.00 25750.54 2.58
1600291.25 25782.07 2.58
1600291.25 25782.07 2.58
1600291.25 25782.07 2.58
1600291.25 25782.07 2.58
1591946.88 25737.07 2.59
1588798.88 26056.69 2.59
1591946.88 25737.07 2.59
1591946.88 25737.07 2.59
1591946.88 25737.07 2.59
1591946.88 25737.07 2.59
1591946.88 25737.07 2.59
1591946.88 25737.07 2.59
1591946.88 25737.07 2.59
1591946.88 25737.07 2.59
1591946.88 25737.07 2.59
1591946.88 25737.07 2.59
1591946.88 25737.07 2.59
1591946.88 25737.07 2.59
1591946.88 25737.07 2.59
1591946.88 25737.07 2.59
1591946.88 25737.07 2.59
1591753.38 25737.07 2.59
1588998.12 26030.50 2.59
1589751.25 25998.97 2.59
1589751.25 25998.97 2.59
1589751.25 25998.97 2.59
1591753.38 25737.07 2.59
1591753.38 25737.07 2.59
1591753.38 25737.07 2.59
1591753.38 25737.07 2.59
1591946.88 25737.07 2.59
1591753.38 25737.07 2.59
1591753.38 25737.07 2.59
1591753.38 25737.07 2.59
1591753.38 25737.07 2.59
1591946.88 25737.07 2.59
1591946.88 25737.07 2.59
1591946.88 25737.07 2.59
1591946.88 25737.07 2.59
1591946.88 25737.07 2.59
1591946.88 25737.07 2.59
1591946.88 25737.07 2.59
1591946.88 25737.07 2.59
1591946.88 25737.07 2.59
1591946.88 25737.07 2.59
1591946.88 25737.07 2.59
1591946.88 25737.07 2.59
1591946.88 25737.07 2.59
1591946.88 25737.07 2.59
1591946.88 25737.07 2.59
1592313.12 25705.54 2.59
1592313.12 25705.54 2.59
1594448.88 25694.56 2.59
1594448.88 25694.56 2.59
1589557.88 25998.97 2.59
1591946.88 25737.07 2.59
1597049.25 25401.13 2.59
1591946.88 25737.07 2.59
1596444.50 25432.66 2.59
1591946.88 25737.07 2.59
1591753.38 25737.07 2.59
1597010.62 25401.13 2.59
1612564.50 25100.21 5.44
1591753.38 25737.07 2.59
1597010.62 25401.13 2.59
1591946.88 25737.07 2.59
1605400.38 25446.13 2.58