1735488.75 26772.53 6.28
1746539.62 26292.87 3.45
1755538.75 25701.72 6.28
1762863.12 25550.27 6.28
1750417.38 26054.06 3.45
1750417.38 26054.06 3.45
1754914.12 26039.58 6.28
1759455.50 25907.61 3.48
1813568.38 26275.16 4.30
1832443.50 25905.67 4.30
1832443.50 25905.67 4.30
1832443.50 25905.67 4.30
1832443.50 25905.67 4.30
1832443.50 25905.67 4.30
1832443.50 25905.67 4.30
1832443.50 25905.67 4.30
1831467.38 26029.61 4.30
1831467.38 26029.61 4.30
1831467.38 26029.61 4.30
1831467.38 26029.61 4.30
1831467.38 26029.61 4.30
1831467.38 26029.61 4.30
1831467.38 26029.61 4.30
1831467.38 26029.61 4.30
1831467.38 26029.61 4.30
1813568.38 26275.16 4.30
1743842.38 25115.16 4.32
1743842.38 25115.16 4.32
1743842.38 25115.16 4.32
1743842.38 25115.16 4.32
1744982.38 24991.22 4.32
1744982.38 24991.22 4.32
1744982.38 24991.22 4.32
1749453.50 24689.61 4.32
1749453.50 24689.61 4.32
1749453.50 24689.61 4.32
1749453.50 24689.61 4.32
1749453.50 24689.61 4.32
1750586.38 24565.67 4.32
1750586.38 24565.67 4.32
1750586.38 24565.67 4.32
1749453.50 24689.61 4.32
1743399.88 25450.93 4.38
1743399.88 25450.93 4.38
1742248.00 25574.87 4.38
1742248.00 25574.87 4.38
1695307.00 25142.94 4.42
1696519.00 25018.99 4.42
1695307.00 25142.94 4.42
1695307.00 25142.94 4.42
1695307.00 25142.94 4.42
1695307.00 25142.94 4.42
1695307.00 25142.94 4.42
1695307.00 25142.94 4.42
1695307.00 25142.94 4.42
1695307.00 25142.94 4.42
1695307.00 25142.94 4.42
1695307.00 25142.94 4.42
1695307.00 25142.94 4.42
1695307.00 25142.94 4.42
1695307.00 25142.94 4.42
1695307.00 25142.94 4.42
1695307.00 25142.94 4.42
1695307.00 25142.94 4.42
1695307.00 25142.94 4.42
1695307.00 25142.94 4.42
1695307.00 25142.94 4.42
1695307.00 25142.94 4.42
1695307.00 25142.94 4.42
1695307.00 25142.94 4.42
1702281.25 24593.45 4.42
1701076.38 24717.38 4.42
1701076.38 24717.38 4.42
1701076.38 24717.38 4.42
1701076.38 24717.38 4.42
1702281.25 24593.45 4.42
1702281.25 24593.45 4.42
1702281.25 24593.45 4.42
1702281.25 24593.45 4.42
1702281.25 24593.45 4.42
1702281.25 24593.45 4.42
1702281.25 24593.45 4.42
1696519.00 25018.99 4.42
1702281.25 24593.45 4.42
1702281.25 24593.45 4.42
1702281.25 24593.45 4.42
1702281.25 24593.45 4.42
1702281.25 24593.45 4.42
1645911.38 23887.76 5.07
1621005.88 24331.46 4.36
1633871.00 24100.43 5.12
1765103.75 26227.32 3.96
1756677.38 26256.60 3.96
1621005.88 24331.46 4.36
1621005.88 24331.46 4.36
1612324.00 24360.74 4.36
1612324.00 24360.74 4.36
1612324.00 24360.74 4.36
1756677.38 26256.60 3.96
1642262.88 24247.32 4.03
1622606.00 23985.43 5.16
1621005.88 24331.46 4.36
1621005.88 24331.46 4.36
1633581.00 24276.60 4.03
1629780.38 24274.54 4.36
1621005.88 24331.46 4.36
1621005.88 24331.46 4.36
1621005.88 24331.46 4.36
1640149.25 26084.24 3.75
1640149.25 26084.24 3.75
1640149.25 26084.24 3.75
1640149.25 26084.24 3.75
1704264.12 25558.20 3.79
1607056.12 25534.24 3.80
1632988.62 25484.24 3.80
1607056.12 25534.24 3.80
1607056.12 25534.24 3.80
1607056.12 25534.24 3.80
1607056.12 25534.24 3.80
1607056.12 25534.24 3.80
1607056.12 25534.24 3.80
1607056.12 25534.24 3.80
1607056.12 25534.24 3.80
1607056.12 25534.24 3.80
1607056.12 25534.24 3.80
1607056.12 25534.24 3.80
1607056.12 25534.24 3.80
1607056.12 25534.24 3.80
1607056.12 25534.24 3.80
1607056.12 25534.24 3.80
1607056.12 25534.24 3.80
1607056.12 25534.24 3.80
1571960.62 24293.20 3.83
1571960.62 24293.20 3.83
1571960.62 24293.20 3.83
1571960.62 24293.20 3.83
1571960.62 24293.20 3.83
1571960.62 24293.20 3.83
1571960.62 24293.20 3.83
1571960.62 24293.20 3.83
1571960.62 24293.20 3.83
1571960.62 24293.20 3.83
1571960.62 24293.20 3.83
1571960.62 24293.20 3.83
1571960.62 24293.20 3.83
1571960.62 24293.20 3.83
1571960.62 24293.20 3.83
1571960.62 24293.20 3.83
1571960.62 24293.20 3.83
1571299.50 24298.20 3.83
1571960.62 24293.20 3.83
1571960.62 24293.20 3.83
1571960.62 24293.20 3.83
1571960.62 24293.20 3.83
1571960.62 24293.20 3.83
1571960.62 24293.20 3.83
1571960.62 24293.20 3.83
1571960.62 24293.20 3.83
1571960.62 24293.20 3.83
1571960.62 24293.20 3.83
1571960.62 24293.20 3.83
1571960.62 24293.20 3.83
1571960.62 24293.20 3.83
1571960.62 24293.20 3.83
1571960.62 24293.20 3.83
1571960.62 24293.20 3.83
1571960.62 24293.20 3.83
1571960.62 24293.20 3.83
1571960.62 24293.20 3.83
1571960.62 24293.20 3.83
1571960.62 24293.20 3.83
1571960.62 24293.20 3.83
1571960.62 24293.20 3.83
1574158.25 24213.20 3.83
1571960.62 24293.20 3.83
1571960.62 24293.20 3.83
1571960.62 24293.20 3.83
1571960.62 24293.20 3.83
1571960.62 24293.20 3.83
1571960.62 24293.20 3.83
1571960.62 24293.20 3.83
1571960.62 24293.20 3.83
1571960.62 24293.20 3.83
1571960.62 24293.20 3.83
1571960.62 24293.20 3.83
1571960.62 24293.20 3.83
1571960.62 24293.20 3.83
1571960.62 24293.20 3.83
1618341.75 24140.40 4.05
1618341.75 24140.40 4.05
1554405.12 24293.72 4.09
1554405.12 24293.72 4.09
1554405.12 24293.72 4.09
1554405.12 24293.72 4.09
1554405.12 24293.72 4.09
1554405.12 24293.72 4.09
1554405.12 24293.72 4.09
1554405.12 24293.72 4.09
1554405.12 24293.72 4.09
1554405.12 24293.72 4.09
1554405.12 24293.72 4.09
1554405.12 24293.72 4.09
1554405.12 24293.72 4.09
1554405.12 24293.72 4.09
1554405.12 24293.72 4.09
1554405.12 24293.72 4.09
1554405.12 24293.72 4.09
1554405.12 24293.72 4.09
1554405.12 24293.72 4.09
1554405.12 24293.72 4.09
1554405.12 24293.72 4.09
1538233.62 24736.43 4.09
1538017.25 24741.43 4.09
1538233.62 24736.43 4.09
1538233.62 24736.43 4.09
1538233.62 24736.43 4.09
1538233.62 24736.43 4.09
1538233.62 24736.43 4.09
1538233.62 24736.43 4.09
1538233.62 24736.43 4.09
1538233.62 24736.43 4.09
1554405.12 24293.72 4.09
1538233.62 24736.43 4.09
1538233.62 24736.43 4.09
1538305.25 24553.90 4.09
1543274.62 24356.48 4.09
1554405.12 24293.72 4.09
1554405.12 24293.72 4.09
1554405.12 24293.72 4.09
1554405.12 24293.72 4.09
1554405.12 24293.72 4.09
1600629.00 24242.69 4.09
1600629.00 24242.69 4.09
1600629.00 24242.69 4.09
1600629.00 24242.69 4.09
1600629.00 24242.69 4.09
1600629.00 24242.69 4.09
1600629.00 24242.69 4.09
1600629.00 24242.69 4.09
1600629.00 24242.69 4.09
1600629.00 24242.69 4.09
1554405.12 24293.72 4.09
1600629.00 24242.69 4.09
1600629.00 24242.69 4.09
1600629.00 24242.69 4.09
1600629.00 24242.69 4.09
1600629.00 24242.69 4.09
1600629.00 24242.69 4.09
1600629.00 24242.69 4.09
1600629.00 24242.69 4.09
1600629.00 24242.69 4.09
1600629.00 24242.69 4.09
1554405.12 24293.72 4.09
1554405.12 24293.72 4.09
1554405.12 24293.72 4.09
1554405.12 24293.72 4.09
1554405.12 24293.72 4.09
1554405.12 24293.72 4.09
1554405.12 24293.72 4.09
1554405.12 24293.72 4.09
1554405.12 24293.72 4.09
1554405.12 24293.72 4.09
1554405.12 24293.72 4.09
1554405.12 24293.72 4.09
1554405.12 24293.72 4.09
1554405.12 24293.72 4.09
1554405.12 24293.72 4.09
1554405.12 24293.72 4.09
1600629.00 24242.69 4.09
1600629.00 24242.69 4.09
1569148.75 22576.36 5.24
1561391.12 22800.26 4.03
1561391.12 22800.26 4.03
1564722.88 22845.26 4.01
1569148.75 22576.36 5.24
1569148.75 22576.36 5.24
1564776.88 22726.36 5.50
1576104.12 22426.14 5.25
1561391.12 22800.26 4.03
1564722.88 22845.26 4.01
1561391.12 22800.26 4.03
1566338.12 22741.36 5.43
1833206.12 27456.64 3.89
1561391.12 22800.26 4.03
1561391.12 22800.26 4.03
1561391.12 22800.26 4.03
1566338.12 22741.36 5.43
1558227.12 22843.48 4.57
1535735.50 23076.64 4.08
1535735.50 23076.64 4.08
1564776.88 22726.36 5.50
1598752.62 23340.26 3.94
1561391.12 22800.26 4.03
1549580.25 23036.64 4.01
1561391.12 22800.26 4.03
1561391.12 22800.26 4.03
1592799.12 22377.97 5.25
1564722.88 22845.26 4.01
1602084.38 23385.26 3.93
1730323.38 25022.09 3.89
1730323.38 25022.09 3.89
1561391.12 22800.26 4.03
1561391.12 22800.26 4.03
1856043.25 27345.26 3.89
1561391.12 22800.26 4.03
1557352.00 22812.74 5.10
1564722.88 22845.26 4.01
1538557.12 22911.64 4.03
1707442.62 26137.36 4.47
1744916.00 25964.92 4.47
1670144.62 25102.52 4.51
1718098.25 24669.87 4.56
1653707.62 25550.09 4.49
1702136.50 25145.09 4.49
1685385.75 24752.30 4.56
1685385.75 24752.30 4.56
1685385.75 24752.30 4.56
1686433.25 25467.65 4.49
1928643.12 28347.52 4.42
1685385.75 24752.30 4.56
1702136.50 25145.09 4.49
1786930.00 26667.51 4.44
1653707.62 25550.09 4.49
1675065.50 25104.87 4.50
1678804.25 24702.30 4.60
1702125.12 26072.36 4.48
1686433.25 25467.65 4.49
1718098.25 24669.87 4.56
1696056.12 24654.13 4.60
1653707.62 25550.09 4.49
1675065.50 25104.87 4.50
1653707.62 25550.09 4.49
1653707.62 25550.09 4.49
1702637.62 24704.13 4.56
1718098.25 24669.87 4.56
1689670.88 24757.30 4.50
1706638.12 24709.13 4.50
1682221.38 24852.30 4.50
1685385.75 24752.30 4.56
1685385.75 24752.30 4.56
1736649.50 24607.23 4.64
1739350.62 24626.69 4.50
1681909.38 25197.52 4.49
1722383.50 24674.87 4.50
1702136.50 25145.09 4.49
1718098.25 24669.87 4.56
1718098.25 24669.87 4.56
1685385.75 24752.30 4.56
1735350.25 24621.69 4.56
1686433.25 25467.65 4.49
1669423.88 25227.52 4.49
1686433.25 25467.65 4.49
1685385.75 24752.30 4.56
1718098.25 24669.87 4.56
1739350.62 24626.69 4.50
1669423.88 25227.52 4.49
1669423.88 25227.52 4.49
1653707.62 25550.09 4.49
1653707.62 25550.09 4.49
1702637.62 24704.13 4.56
1678804.25 24702.30 4.60
1685385.75 24752.30 4.56
1702637.62 24704.13 4.56
1769362.00 24524.80 4.64
1718098.25 24669.87 4.56
1685385.75 24752.30 4.56
1669423.88 25227.52 4.49
1689670.88 24757.30 4.50
1686433.25 25467.65 4.49
1686433.25 25467.65 4.49
1696056.12 24654.13 4.60
1669423.88 25227.52 4.49
1702136.50 25145.09 4.49
1573270.50 24090.76 4.68
1541458.88 23263.92 4.74
1573270.50 24090.76 4.68
1558523.00 24436.14 4.68
1558523.00 24436.14 4.68
1573270.50 24090.76 4.68
1669462.00 25446.10 3.64
1558523.00 24436.14 4.68
1558523.00 24436.14 4.68
1573270.50 24090.76 4.68
1541458.88 23176.07 4.85
1558523.00 24436.14 4.68
1573270.50 24090.76 4.68
1573270.50 24090.76 4.68
1537795.00 23574.37 4.70
1625896.00 24467.13 4.35
1527455.12 23760.23 4.70
1621188.00 24883.34 3.87
1644184.62 25062.76 3.65
1537795.00 23574.37 4.70
1626242.62 24893.34 3.71
1537795.00 23574.37 4.70
1573270.50 24090.76 4.68
1670535.75 24538.36 3.71
1541458.88 23263.92 4.74
1573270.50 24090.76 4.68
1527455.12 23760.23 4.70
1573270.50 24090.76 4.68
1527455.12 23760.23 4.70
1541458.88 23263.92 4.74
1527455.12 23760.23 4.70
1613373.00 24739.01 4.54
1531119.12 23361.93 4.85
1615705.00 25029.20 4.01
1621188.00 24883.34 3.87
1626242.62 24893.34 3.71
1573270.50 24090.76 4.68
1527455.12 23760.23 4.70
1639534.75 24652.26 3.71
1621188.00 24883.34 3.87
1626242.62 24893.34 3.71
1542239.25 23246.01 4.74
1537795.00 23574.37 4.70
1542239.25 23246.01 4.74
1531116.38 23417.09 4.74
1542239.25 23246.01 4.74
1907350.62 29000.61 3.47
1907350.62 29000.61 3.47
1907350.62 29000.61 3.47
1912576.00 28554.89 3.47
1912576.00 28554.89 3.47
1912576.00 28554.89 3.47
1912576.00 28554.89 3.47
1883088.62 28109.03 3.51
1883138.75 28029.03 3.54
1862209.75 28560.61 3.54
1862209.75 28560.61 3.54
1862209.75 28560.61 3.54
1862209.75 28560.61 3.54
1862209.75 28560.61 3.54
1862209.75 28560.61 3.54
1862209.75 28560.61 3.54
1862209.75 28560.61 3.54
1862209.75 28560.61 3.54
1867435.12 28114.89 3.54
1867435.12 28114.89 3.54
1867435.12 28114.89 3.54
1867435.12 28114.89 3.54
1867435.12 28114.89 3.54
1867435.12 28114.89 3.54
1867435.12 28114.89 3.54
1867435.12 28114.89 3.54
1867435.12 28114.89 3.54
1867435.12 28114.89 3.54
1867435.12 28114.89 3.54
1867435.12 28114.89 3.54
1883138.75 28029.03 3.54
1867435.12 28114.89 3.54
1867435.12 28114.89 3.54
1867435.12 28114.89 3.54
1867435.12 28114.89 3.54
1867435.12 28114.89 3.54
1867435.12 28114.89 3.54
1867435.12 28114.89 3.54
1862209.75 28560.61 3.54
1845932.00 27655.06 6.83
1985921.25 27569.95 7.32
1865819.25 28224.89 3.54
1867435.12 28114.89 3.54
1867866.12 28194.89 3.51
1862209.75 28560.61 3.54
1867435.12 28114.89 3.54
1862209.75 28560.61 3.54
1910960.12 28664.89 3.47
1721355.75 25333.61 4.47
1738739.12 24707.28 4.51
1754290.62 26298.02 4.37
1804044.38 25342.28 4.39
1739669.50 24727.28 4.47
1723210.62 25028.61 4.47
1767195.38 25597.28 4.39
1804044.38 25342.28 4.39
1751367.88 26258.02 4.41
1749679.75 24698.29 4.76
1805132.00 25362.28 4.36
1767195.38 25597.28 4.39
1753675.88 25893.61 4.39
1736730.12 24732.28 4.47
1922467.75 26532.23 4.32
1720238.25 25677.18 4.48
1737139.12 24732.28 4.47
1889950.75 26753.61 4.32
1804044.38 25342.28 4.39
1721764.75 25333.61 4.47
1723619.62 25028.61 4.47
1738739.12 24707.28 4.51
1805636.12 25367.28 4.35
1805636.12 25367.28 4.35
1736730.12 24732.28 4.47
1754733.12 25913.61 4.36
1753675.88 25893.61 4.39
1753675.88 25893.61 4.39
1767195.38 25597.28 4.39
1754290.62 26298.02 4.37
1767195.38 25597.28 4.39
1753675.88 25893.61 4.39
1753675.88 25893.61 4.39
1804044.38 25342.28 4.39
1768750.50 25622.28 4.35
1919732.88 26547.28 4.32
1804044.38 25342.28 4.39
1720801.00 25328.61 4.47
1767195.38 25597.28 4.39
1804044.38 25342.28 4.39
1767195.38 25597.28 4.39
1768252.50 25617.28 4.36
1767195.38 25597.28 4.39
1768750.50 25622.28 4.35
1721764.75 25333.61 4.47
1767195.38 25597.28 4.39
1721355.75 25333.61 4.47
1768750.50 25622.28 4.35
1721355.75 25333.61 4.47
1751367.88 26258.02 4.41
1755231.12 25918.61 4.35
1726150.00 25023.61 4.47
1721355.75 25333.61 4.47
1723210.62 25028.61 4.47
1633229.62 24287.09 3.65
1695415.00 24275.42 3.69
1683392.12 23948.43 3.70
1613557.62 24089.08 3.71
1637448.75 23835.42 3.71
1600772.00 24149.08 3.71
1620908.62 23790.42 3.72
1605504.88 23886.26 3.72
1585511.12 23596.89 3.75
1585511.12 23596.89 3.75
1585511.12 23596.89 3.75
1580902.00 23826.26 3.75
1580902.00 23826.26 3.75
1580902.00 23826.26 3.75
1554984.62 23892.52 3.76
1573441.25 23611.89 3.76
1571103.50 23851.26 3.76
1579810.88 23214.71 3.77
1579810.88 23214.71 3.77
1579810.88 23214.71 3.77
1578369.00 23224.71 3.77
1578369.00 23224.71 3.77
1578369.00 23224.71 3.77
1578369.00 23224.71 3.77
1578369.00 23224.71 3.77
1575009.50 23444.08 3.77
1573567.62 23454.08 3.77
1573567.62 23454.08 3.77
1573567.62 23454.08 3.77
1573567.62 23454.08 3.77
1573567.62 23454.08 3.77
1573567.62 23454.08 3.77
1578369.00 23224.71 3.77
1603148.38 22996.05 3.77
1561731.50 23384.71 3.79
1574445.62 22911.05 3.79
1555684.88 23629.08 3.80
1564674.62 22941.05 3.80
1564674.62 22941.05 3.80
1564674.62 22941.05 3.80
1555684.88 23629.08 3.80
1555684.88 23629.08 3.80
1555684.88 23629.08 3.80
1555684.88 23629.08 3.80
1555684.88 23629.08 3.80
1555684.88 23629.08 3.80
1555684.88 23629.08 3.80
1555684.88 23629.08 3.80
1555684.88 23629.08 3.80
1555684.88 23629.08 3.80
1560070.25 23170.42 3.80
1560070.25 23170.42 3.80
1560070.25 23170.42 3.80
1549052.88 24154.79 3.80
1550518.62 23144.71 3.80
1550518.62 23144.71 3.80
1545909.62 23374.08 3.80
1545909.62 23374.08 3.80
1550518.62 23144.71 3.80
1545015.88 24072.52 3.92
1559114.50 23006.05 3.94
1549024.00 22851.05 3.95
1549024.00 22851.05 3.95
1549024.00 22851.05 3.95
1544489.00 23080.42 3.95
1549024.00 22851.05 3.95
1549024.00 22851.05 3.95
1549024.00 22851.05 3.95
1549024.00 22851.05 3.95
1549024.00 22851.05 3.95
1549024.00 22851.05 3.95
1549024.00 22851.05 3.95
1549024.00 22851.05 3.95
1549024.00 22851.05 3.95
1529397.50 23129.71 3.95
1529397.50 23129.71 3.95
1529397.50 23129.71 3.95
1541467.25 23114.71 3.95
1557316.62 22791.05 3.95
1541467.25 23114.71 3.95
1576790.50 23885.51 4.14
1658964.12 23641.47 4.40
1569866.75 24625.38 4.48
1626315.12 22433.80 4.93
1599269.88 22949.56 5.02
1599269.88 22949.56 5.02
1599269.88 22949.56 5.02
1599269.88 22949.56 5.02
1577402.25 24500.26 3.99
1571700.12 24763.14 3.99
1570914.00 23794.40 4.52
1575962.88 23737.75 4.48
1575962.88 23737.75 4.48
1615945.62 23743.78 4.18
1575619.00 23737.75 4.48
1575845.25 23316.52 5.25
1575806.00 23528.78 4.52
1575806.00 23528.78 4.52
1571898.50 24151.12 4.21
1575845.25 23316.52 5.25
1600605.50 24535.26 3.65
1571070.88 24003.37 4.48
1590062.38 23488.78 4.49
1569648.88 24406.41 4.52
1936481.00 27709.52 4.07
1947010.12 27543.66 4.07
1852714.00 26319.52 4.33
1855063.88 26289.52 4.33
1863721.50 26178.20 4.33
1865913.38 26148.20 4.33
1837722.25 26704.43 4.35
1738682.62 25802.46 4.47
1738682.62 25802.46 4.47
1738682.62 25802.46 4.47
1738682.62 25802.46 4.47
1738682.62 25802.46 4.47
1738682.62 25802.46 4.47
1738682.62 25802.46 4.47
1738682.62 25802.46 4.47
1738682.62 25802.46 4.47
1738682.62 25802.46 4.47
1746761.75 25790.75 4.47
1738682.62 25802.46 4.47
1738682.62 25802.46 4.47
1746761.75 25790.75 4.47
1746761.75 25790.75 4.47
1746761.75 25790.75 4.47
1746761.75 25790.75 4.47
1746761.75 25790.75 4.47
1746761.75 25790.75 4.47
1746761.75 25790.75 4.47
1746761.75 25790.75 4.47
1738682.62 25802.46 4.47
1738682.62 25802.46 4.47
1738682.62 25802.46 4.47
1738682.62 25802.46 4.47
1738682.62 25802.46 4.47
1738682.62 25802.46 4.47
1738682.62 25802.46 4.47
1738682.62 25802.46 4.47
1738682.62 25802.46 4.47
1738682.62 25802.46 4.47
1738682.62 25802.46 4.47
1738682.62 25802.46 4.47
1738682.62 25802.46 4.47
1738682.62 25802.46 4.47
1738682.62 25802.46 4.47
1738682.62 25802.46 4.47
1738682.62 25802.46 4.47
1738682.62 25802.46 4.47
1738682.62 25802.46 4.47
1738682.62 25802.46 4.47
1738682.62 25802.46 4.47
1766505.62 25252.58 4.47
1783914.75 25207.26 4.47
1758477.25 25499.40 4.47
1758477.25 25499.40 4.47
1758477.25 25499.40 4.47
1758477.25 25499.40 4.47
1758477.25 25499.40 4.47
1766505.62 25252.58 4.47
1766505.62 25252.58 4.47
1766505.62 25252.58 4.47
1766505.62 25252.58 4.47
1766505.62 25252.58 4.47
1758477.25 25499.40 4.47
1766505.62 25252.58 4.47
1766505.62 25252.58 4.47
1766505.62 25252.58 4.47
1774576.62 25240.87 4.47
1774576.62 25240.87 4.47
1774576.62 25240.87 4.47
1774576.62 25240.87 4.47
1775843.75 25218.97 4.47
1775843.75 25218.97 4.47
1783914.75 25207.26 4.47
1749139.12 25533.01 4.47
1746761.75 25790.75 4.47
1746761.75 25790.75 4.47
1746761.75 25790.75 4.47
1746761.75 25790.75 4.47
1746761.75 25790.75 4.47
1746761.75 25790.75 4.47
1746761.75 25790.75 4.47
1563426.12 23535.95 4.27
1566669.12 23146.15 4.33
1566669.12 23146.15 4.33
1571667.25 23089.41 4.38
1571667.25 23089.41 4.38
1571667.25 23089.41 4.38
1571667.25 23089.41 4.38
1571667.25 23089.41 4.38
1566969.38 22792.54 4.55
1570519.75 22551.00 4.55
1566969.38 22792.54 4.55
1566969.38 22792.54 4.55
1566969.38 22792.54 4.55
1566969.38 22792.54 4.55
1566969.38 22792.54 4.55
1566969.38 22792.54 4.55
1566969.38 22792.54 4.55
1566969.38 22792.54 4.55
1566969.38 22792.54 4.55
1566969.38 22792.54 4.55
1566969.38 22792.54 4.55
1566969.38 22792.54 4.55
1566969.38 22792.54 4.55
1570519.75 22551.00 4.55
1570519.75 22551.00 4.55
1566969.38 22792.54 4.55
1553318.00 23191.68 4.55
1566969.38 22792.54 4.55
1566969.38 22792.54 4.55
1566969.38 22792.54 4.55
1566969.38 22792.54 4.55
1566969.38 22792.54 4.55
1566969.38 22792.54 4.55
1566969.38 22792.54 4.55
1566969.38 22792.54 4.55
1566969.38 22792.54 4.55
1566969.38 22792.54 4.55
1566969.38 22792.54 4.55
1566969.38 22792.54 4.55
1566969.38 22792.54 4.55
1566969.38 22792.54 4.55
1566969.38 22792.54 4.55
1570519.75 22551.00 4.55
1570519.75 22551.00 4.55
1570519.75 22551.00 4.55
1570519.75 22551.00 4.55
1570519.75 22551.00 4.55
1570519.75 22551.00 4.55
1570519.75 22551.00 4.55
1570519.75 22551.00 4.55
1570519.75 22551.00 4.55
1570519.75 22551.00 4.55
1570519.75 22551.00 4.55
1570519.75 22551.00 4.55
1570519.75 22551.00 4.55
1570519.75 22551.00 4.55
1570519.75 22551.00 4.55
1570519.75 22551.00 4.55
1570519.75 22551.00 4.55
1570519.75 22551.00 4.55
1570519.75 22551.00 4.55
1570519.75 22551.00 4.55
1570519.75 22551.00 4.55
1570519.75 22551.00 4.55
1570519.75 22551.00 4.55
1570519.75 22551.00 4.55
1570519.75 22551.00 4.55
1570519.75 22551.00 4.55
1570519.75 22551.00 4.55
1569091.00 22366.21 4.56
1569091.00 22366.21 4.56
1569091.00 22366.21 4.56
1569091.00 22366.21 4.56
1569091.00 22366.21 4.56
1569091.00 22366.21 4.56
1569091.00 22366.21 4.56
1569091.00 22366.21 4.56
1569091.00 22366.21 4.56
1569091.00 22366.21 4.56
1569091.00 22366.21 4.56