1529698.88 23527.15 0.99
1414236.12 22155.44 1.14
1358750.62 21515.45 1.18
1358750.62 21515.45 1.18
1358750.62 21515.45 1.18
1358659.00 21540.45 1.18
1358659.00 21540.45 1.18
1358659.00 21540.45 1.18
1358659.00 21540.45 1.18
1358659.00 21540.45 1.18
1358659.00 21540.45 1.18
1358659.00 21540.45 1.18
1358659.00 21540.45 1.18
1358659.00 21540.45 1.18
1358659.00 21540.45 1.18
1358659.00 21540.45 1.18
1358659.00 21540.45 1.18
1358659.00 21540.45 1.18
1358659.00 21540.45 1.18
1358659.00 21540.45 1.18
1299669.25 21215.43 1.45
1299669.25 21215.43 1.45
1299669.25 21215.43 1.45
1299669.25 21215.43 1.45
1299669.25 21215.43 1.45
1290057.38 20809.08 1.56
1290057.38 20809.08 1.56
1290057.38 20809.08 1.56
1290057.38 20809.08 1.56
1290057.38 20809.08 1.56
1290057.38 20809.08 1.56
1290057.38 20809.08 1.56
1290057.38 20809.08 1.56
1290057.38 20809.08 1.56
1290057.38 20809.08 1.56
1290057.38 20809.08 1.56
1290057.38 20809.08 1.56
1290057.38 20809.08 1.56
1290057.38 20809.08 1.56
1290057.38 20809.08 1.56
1290057.38 20809.08 1.56
1290057.38 20809.08 1.56
1290057.38 20809.08 1.56
1290057.38 20809.08 1.56
1290057.38 20809.08 1.56
1290057.38 20809.08 1.56
1290057.38 20809.08 1.56
1290057.38 20809.08 1.56
1290057.38 20809.08 1.56
1290057.38 20809.08 1.56
1290057.38 20809.08 1.56
1290057.38 20809.08 1.56
1290057.38 20809.08 1.56
1290057.38 20809.08 1.56
1290057.38 20809.08 1.56
1290057.38 20809.08 1.56
1290057.38 20809.08 1.56
1290057.38 20809.08 1.56
1290057.38 20809.08 1.56
1290057.38 20809.08 1.56
1290057.38 20809.08 1.56
1290057.38 20809.08 1.56
1290057.38 20809.08 1.56
1290057.38 20809.08 1.56
1290057.38 20809.08 1.56
1290057.38 20809.08 1.56
1290057.38 20809.08 1.56
1290057.38 20809.08 1.56
1290057.38 20809.08 1.56
1290057.38 20809.08 1.56
1290057.38 20809.08 1.56
1290057.38 20809.08 1.56
1290057.38 20809.08 1.56
1278129.00 21238.24 1.74
1278129.00 21238.24 1.74
1278129.00 21238.24 1.74
1278129.00 21238.24 1.74
1284652.75 20966.96 1.83
1278937.00 20946.61 1.85
1282299.62 20945.72 1.92
1586964.25 24385.63 1.15
1559630.38 23679.52 1.19
1699845.75 24889.10 0.94
1427456.38 22963.57 1.50
1701067.75 24809.10 0.94
1633263.88 24545.90 1.06
1424163.12 22918.57 1.62
1701067.75 24809.10 0.94
1427456.38 22963.57 1.50
1553944.62 23300.63 1.22
1424163.12 22918.57 1.62
1668287.75 24850.83 0.96
1424163.12 22918.57 1.62
1391411.88 22595.80 2.00
1424163.12 22918.57 1.62
1424163.12 22918.57 1.62
1424163.12 22918.57 1.62
1424163.12 22918.57 1.62
1607518.50 23934.14 1.08
1320396.12 23181.75 3.11
1320396.12 23181.75 3.11
1320396.12 23181.75 3.11
1391411.88 22595.80 2.00
1588345.50 24380.63 1.15
1316662.00 23428.16 4.47
1427456.38 22963.57 1.50
1617935.38 23808.82 1.15
1353273.62 23938.08 3.06
1391411.88 22595.80 2.00
1377467.00 22725.06 4.47
1391411.88 22595.80 2.00
1539731.38 24007.63 1.39
1391411.88 22595.80 2.00
1395899.38 22742.70 1.95
1330606.88 23298.91 3.09
1391411.88 22485.14 5.65
1451512.25 22933.57 1.50
1475380.75 23278.61 1.49
1391411.88 22595.80 2.00
1361013.75 23120.19 2.81
1391411.88 22595.80 2.00
1371539.12 23443.75 2.55
1427456.38 22963.57 1.50
1711481.00 25030.47 1.28
1622437.50 23841.25 1.44
1576710.25 23849.90 1.62
1561924.50 25063.25 1.79
1544279.00 23877.36 2.02
1544279.00 23877.36 2.02
1544279.00 23877.36 2.02
1525317.75 23536.97 2.02
1525317.75 23536.97 2.02
1525317.75 23536.97 2.02
1540348.00 23427.36 2.04
1540348.00 23427.36 2.04
1532298.00 23236.97 2.07
1525083.38 23281.97 2.07
1525083.38 23281.97 2.07
1525083.38 23281.97 2.07
1525083.38 23281.97 2.07
1516452.50 24882.44 2.15
1514114.38 24887.44 2.15
1492516.12 24631.88 2.17
1483399.50 24768.22 2.17
1510020.50 23405.60 2.17
1517235.12 23360.60 2.17
1514136.38 23313.85 2.20
1514136.38 23313.85 2.20
1514136.38 23313.85 2.20
1510559.50 23343.85 2.20
1506921.75 23358.85 2.20
1506921.75 23358.85 2.20
1506921.75 23358.85 2.20
1506921.75 23358.85 2.20
1506921.75 23358.85 2.20
1514136.38 23313.85 2.20
1506921.75 23358.85 2.20
1491858.88 23482.47 2.20
1491858.88 23482.47 2.20
1491858.88 23482.47 2.20
1481450.88 23422.08 2.24
1481450.88 23422.08 2.24
1481450.88 23422.08 2.24
1481450.88 23422.08 2.24
1481450.88 23422.08 2.24
1481450.88 23422.08 2.24
1481450.88 23422.08 2.24
1496513.75 23298.46 2.24
1496513.75 23298.46 2.24
1503808.25 23253.46 2.24
1503808.25 23253.46 2.24
1496513.75 23298.46 2.24
1496513.75 23298.46 2.24
1496513.75 23298.46 2.24
1496513.75 23298.46 2.24
1496513.75 23298.46 2.24
1496513.75 23298.46 2.24
1496513.75 23298.46 2.24
1496513.75 23298.46 2.24
1496513.75 23298.46 2.24
1511555.50 23188.85 2.26
1511555.50 23188.85 2.26
1511555.50 23188.85 2.26
1511555.50 23188.85 2.26
1511555.50 23188.85 2.26
1511555.50 23188.85 2.26
1511555.50 23188.85 2.26
1496492.62 23312.47 2.26
1511555.50 23188.85 2.26
1511555.50 23188.85 2.26
1518770.12 23143.85 2.26
1518770.12 23143.85 2.26
1518770.12 23143.85 2.26
1518770.12 23143.85 2.26
1518770.12 23143.85 2.26
1518770.12 23143.85 2.26
1511555.50 23188.85 2.26
1511555.50 23188.85 2.26
1511555.50 23188.85 2.26
1511555.50 23188.85 2.26
1511555.50 23188.85 2.26
1511555.50 23188.85 2.26
1503707.25 23267.47 2.26
1729432.62 25821.61 1.10
1481187.25 22832.70 1.25
1434215.62 22049.09 1.46
1434215.62 22049.09 1.46
1434215.62 22049.09 1.46
1434215.62 22049.09 1.46
1434215.62 22049.09 1.46
1434215.62 22049.09 1.46
1434215.62 22049.09 1.46
1434215.62 22049.09 1.46
1434215.62 22049.09 1.46
1434215.62 22049.09 1.46
1434215.62 22049.09 1.46
1434215.62 22049.09 1.46
1434215.62 22049.09 1.46
1434215.62 22049.09 1.46
1434215.62 22049.09 1.46
1434215.62 22049.09 1.46
1434215.62 22049.09 1.46
1434215.62 22049.09 1.46
1434215.62 22049.09 1.46
1434215.62 22049.09 1.46
1433083.62 22049.09 1.46
1433083.62 22049.09 1.46
1433083.62 22049.09 1.46
1433083.62 22049.09 1.46
1433083.62 22049.09 1.46
1433083.62 22049.09 1.46
1433083.62 22049.09 1.46
1433083.62 22049.09 1.46
1433083.62 22049.09 1.46
1433083.62 22049.09 1.46
1434215.62 22049.09 1.46
1433083.62 22049.09 1.46
1433083.62 22049.09 1.46
1433083.62 22049.09 1.46
1433083.62 22049.09 1.46
1433083.62 22049.09 1.46
1433083.62 22049.09 1.46
1434215.62 22049.09 1.46
1434215.62 22049.09 1.46
1434215.62 22049.09 1.46
1434215.62 22049.09 1.46
1434215.62 22049.09 1.46
1434215.62 22049.09 1.46
1434215.62 22049.09 1.46
1434215.62 22049.09 1.46
1434215.62 22049.09 1.46
1434215.62 22049.09 1.46
1434215.62 22049.09 1.46
1434215.62 22049.09 1.46
1434215.62 22049.09 1.46
1434215.62 22049.09 1.46
1434215.62 22049.09 1.46
1434215.62 22049.09 1.46
1434215.62 22049.09 1.46
1434215.62 22049.09 1.46
1434215.62 22049.09 1.46
1434215.62 22049.09 1.46
1434215.62 22049.09 1.46
1434215.62 22049.09 1.46
1434215.62 22049.09 1.46
1434215.62 22049.09 1.46
1434215.62 22049.09 1.46
1434215.62 22049.09 1.46
1434215.62 22049.09 1.46
1434215.62 22049.09 1.46
1434215.62 22049.09 1.46
1434215.62 22049.09 1.46
1434215.62 22049.09 1.46
1434215.62 22049.09 1.46
1434215.62 22049.09 1.46
1434215.62 22049.09 1.46
1434215.62 22049.09 1.46
1434215.62 22049.09 1.46
1434215.62 22049.09 1.46
1434215.62 22049.09 1.46
1434215.62 22049.09 1.46
1434215.62 22049.09 1.46
1434215.62 22049.09 1.46
1794315.25 27694.46 0.99
1504290.38 23440.59 0.99
1480495.62 23318.30 1.14
1465906.12 23383.96 1.23
1457735.00 23157.87 1.24
1496523.75 23137.49 1.27
1494854.50 23085.65 1.38
1351689.62 22175.64 1.59
1375819.25 21990.43 1.59
1357305.38 21933.13 1.63
1357474.88 21848.17 1.66
1357474.88 21848.17 1.66
1348856.62 21725.86 1.71
1328084.00 22242.43 2.43
1394412.50 21364.31 8.63
1384298.62 21451.62 8.65
1374520.50 21412.71 8.69
1378811.38 21399.80 8.86
1405491.88 21319.31 8.90
1378536.62 21256.62 8.92
1378811.38 21256.62 8.92
1368758.62 21217.71 8.96
1372096.88 21517.26 1.66
1357305.38 21933.13 1.63
1504290.38 23440.59 0.99
1358174.62 21799.27 1.66
1363636.38 22279.05 1.58
1381774.38 21190.40 8.98
1335810.00 21753.17 1.71
1786824.12 27737.87 0.99
1368758.62 21217.71 8.96
1381774.38 21190.40 8.98
1465906.12 23383.96 1.23
1374520.50 21412.71 8.69
1381774.38 21190.40 8.98
1341410.12 21510.66 1.78
1374520.50 21412.71 8.69
1465906.12 23383.96 1.23
1367853.75 22113.79 1.48
1508014.50 23014.99 1.29
1378536.62 21256.62 8.92
1447904.50 23347.38 1.32
1357305.38 21933.13 1.63
1357305.38 21933.13 1.63
1375819.25 21990.43 1.59
1381774.38 21190.40 8.98
1444428.75 23180.18 1.39
1530757.12 23112.28 1.27
1357305.38 21933.13 1.63
1365209.00 21538.35 1.66
1368758.62 21217.71 8.96
1348171.00 22599.10 1.66
1390406.12 21924.77 1.59
1381774.38 21190.40 8.98
1384281.88 21330.40 8.68
1402130.00 22820.73 1.43
1381774.38 21190.40 8.98
1414820.50 21182.04 9.12
1368224.75 22082.74 1.59
1368758.62 21217.71 8.96
1375819.25 21990.43 1.59
1357979.00 22590.68 1.56
1375819.25 21990.43 1.59
1378536.62 21256.62 8.92
1368758.62 21360.89 8.90
1381774.38 21190.40 8.98
1354452.00 21483.35 1.71
1351689.62 22175.64 1.59
1327415.00 22739.45 2.99
1387668.38 21184.31 8.91
1390280.75 22216.08 1.43
2056198.75 28654.64 0.76
2012935.12 28784.64 0.76
2032297.62 28776.83 1.01
1892759.25 27101.02 1.04
1784614.38 26452.37 1.08
1708909.75 25852.41 1.24
1668820.62 25800.54 1.71
1536031.38 22570.13 1.79
1567501.62 22304.24 1.79
1509545.25 22130.76 2.11
1502005.12 22413.47 2.33
1502005.12 22413.47 2.33
1502005.12 22413.47 2.33
1502005.12 22413.47 2.33
1510223.75 22070.76 2.39
1510223.75 22070.76 2.39
1456354.50 21970.39 2.45
1456354.50 21970.39 2.45
1462057.12 21425.98 2.45
1462057.12 21425.98 2.45
1456354.50 21644.52 2.45
1456354.50 21644.52 2.45
1456354.50 21644.52 2.45
1456354.50 21644.52 2.45
1456354.50 21644.52 2.45
1456354.50 21644.52 2.45
1456354.50 21644.52 2.45
1456354.50 21644.52 2.45
1456354.50 21644.52 2.45
1456354.50 21644.52 2.45
1456354.50 21644.52 2.45
1456354.50 21644.52 2.45
1456354.50 21644.52 2.45
1456354.50 21644.52 2.45
1456354.50 21644.52 2.45
1456354.50 21644.52 2.45
1456354.50 21644.52 2.45
1456354.50 21644.52 2.45
1456354.50 21644.52 2.45
1456354.50 21644.52 2.45
1456354.50 21644.52 2.45
1456354.50 21644.52 2.45
1456354.50 21644.52 2.45
1456354.50 21644.52 2.45
1456354.50 21644.52 2.45
1456354.50 21644.52 2.45
1456354.50 21644.52 2.45
1456354.50 21644.52 2.45
1456354.50 21644.52 2.45
1456354.50 21644.52 2.45
1456354.50 21644.52 2.45
1456354.50 21644.52 2.45
1456354.50 21644.52 2.45
1456354.50 21644.52 2.45
1456354.50 21644.52 2.45
1456354.50 21644.52 2.45
1456354.50 21644.52 2.45
1456354.50 21644.52 2.45
1456354.50 21644.52 2.45
1456354.50 21644.52 2.45
1451368.50 22017.23 2.46
1450259.38 21286.37 2.53
1444566.50 21504.91 2.53
1444566.50 21504.91 2.53
1444566.50 21504.91 2.53
1444566.50 21504.91 2.53
1444566.50 21504.91 2.53
1444566.50 21504.91 2.53
1444566.50 21504.91 2.53
1444566.50 21504.91 2.53
1444566.50 21504.91 2.53
1444566.50 21504.91 2.53
1444566.50 21504.91 2.53
1444566.50 21504.91 2.53
1443912.62 21957.61 2.75
1443912.62 21957.61 2.75
1442616.00 22134.11 2.77
1430791.25 21974.56 2.78
1432368.25 21766.72 2.95
1432368.25 21766.72 2.95
1403710.00 21132.03 0.76
1404658.62 21000.07 0.76
1391921.75 21296.70 1.01
1391921.75 21296.70 1.01
1391921.75 21296.70 1.01
1391921.75 21296.70 1.01
1391921.75 21296.70 1.01
1391921.75 21296.70 1.01
1391921.75 21296.70 1.01
1391921.75 21296.70 1.01
1391921.75 21296.70 1.01
1391921.75 21296.70 1.01
1391921.75 21296.70 1.01
1391921.75 21296.70 1.01
1391921.75 21296.70 1.01
1391921.75 21296.70 1.01
1391921.75 21296.70 1.01
1391921.75 21296.70 1.01
1391921.75 21296.70 1.01
1391921.75 21296.70 1.01
1391921.75 21296.70 1.01
1391921.75 21296.70 1.01
1391921.75 21296.70 1.01
1391921.75 21296.70 1.01
1391921.75 21296.70 1.01
1391921.75 21296.70 1.01
1391921.75 21296.70 1.01
1391921.75 21296.70 1.01
1391921.75 21296.70 1.01
1391921.75 21296.70 1.01
1389893.88 21414.55 1.01
1391921.75 21296.70 1.01
1397945.25 21220.35 1.01
1397945.25 21220.35 1.01
1397945.25 21220.35 1.01
1397945.25 21220.35 1.01
1397945.25 21220.35 1.01
1397945.25 21220.35 1.01
1397945.25 21220.35 1.01
1397945.25 21220.35 1.01
1397945.25 21220.35 1.01
1397945.25 21220.35 1.01
1397945.25 21220.35 1.01
1397945.25 21220.35 1.01
1397945.25 21220.35 1.01
1397945.25 21220.35 1.01
1397945.25 21220.35 1.01
1397945.25 21220.35 1.01
1391921.75 21296.70 1.01
1397945.25 21220.35 1.01
1397945.25 21220.35 1.01
1397945.25 21220.35 1.01
1397945.25 21220.35 1.01
1397945.25 21220.35 1.01
1397945.25 21220.35 1.01
1397945.25 21220.35 1.01
1397945.25 21220.35 1.01
1397945.25 21220.35 1.01
1397945.25 21220.35 1.01
1397945.25 21220.35 1.01
1397945.25 21220.35 1.01
1386216.75 21875.14 1.17
1386216.75 21875.14 1.17
1388859.88 21708.63 1.30
1376104.62 22024.26 1.30
1382016.25 21840.14 1.37
1382016.25 21840.14 1.37
1382016.25 21840.14 1.37
1382016.25 21840.14 1.37
1382016.25 21840.14 1.37
1382016.25 21840.14 1.37
1382016.25 21840.14 1.37
1382016.25 21840.14 1.37
1382016.25 21840.14 1.37
1382016.25 21840.14 1.37
1382016.25 21840.14 1.37
1382016.25 21840.14 1.37
1382016.25 21840.14 1.37
1382016.25 21840.14 1.37
1382016.25 21840.14 1.37
1822639.50 26755.24 1.12
1601312.88 24028.24 1.14
1533207.50 23293.24 1.18
1532073.25 23268.24 1.35
1478238.12 22352.05 1.35
1455078.12 23087.25 1.58
1441068.50 22785.21 1.61
1441068.50 22785.21 1.61
1441068.50 22785.21 1.61
1407503.38 22348.71 1.94
1357758.25 23060.13 2.31
1357758.25 23060.13 2.31
1357758.25 23060.13 2.31
1357758.25 23060.13 2.31
1357758.25 23060.13 2.31
1357758.25 23060.13 2.31
1357758.25 23060.13 2.31
1357758.25 23060.13 2.31
1386261.12 22585.19 2.37
1371264.88 22592.26 2.50
1357758.25 23060.13 2.31
1357758.25 23060.13 2.31
1434314.50 22809.94 1.61
1428355.00 22279.94 1.68
1395039.88 22682.13 2.01
1335215.62 23095.71 2.66
1357758.25 23060.13 2.31
1357758.25 23060.13 2.31
1357758.25 23060.13 2.31
1357758.25 23060.13 2.31
1324634.50 23100.17 2.81
1357758.25 23060.13 2.31
1357758.25 23060.13 2.31
1357758.25 23060.13 2.31
1398711.75 22921.59 1.95
1335215.62 23095.71 2.66
1324634.50 23100.17 2.81
1455078.12 23087.25 1.58
1335215.62 23095.71 2.66
1357758.25 23060.13 2.31
1358542.00 22925.68 2.16
1423801.00 22814.39 1.76
1368289.12 22653.74 2.36
1448582.88 22216.43 1.61
1384526.25 22686.59 2.01
1458265.75 23062.53 1.58
1338073.25 22967.29 2.36
1423801.00 22814.39 1.76
1421548.50 21242.55 9.38
1326234.50 21613.77 8.87
1296254.62 21859.37 8.94
1385908.38 21284.16 9.42
1459003.88 22595.96 0.99
1403990.62 22637.23 1.34
1327135.50 21409.34 3.71
1470311.25 22748.72 0.97
1448786.88 21807.23 3.71
1424642.75 22280.96 1.02
1296232.75 21900.48 8.92
1302300.38 22730.24 3.74
1337461.88 22711.79 2.42
1364285.88 23046.42 2.01
1433016.12 22636.49 1.00
1338874.50 22580.34 2.54
1326234.50 21301.93 8.90
1287066.88 22729.74 4.05
1423702.50 22385.96 1.02
1404383.50 22165.96 1.05
1372499.88 22034.47 1.36
1255638.50 23022.93 6.72
1434789.50 22538.72 1.00
1355785.62 22465.25 2.02
1302905.75 21925.34 2.57
1252546.50 23540.71 7.57
1434789.50 22538.72 1.00
1460615.88 22450.96 0.99
1252560.38 23316.85 4.94
1281374.00 22362.19 8.89
1346598.50 22618.94 2.11
1279871.88 22792.50 4.08
1366407.50 22064.47 1.39
1360905.50 23087.94 2.01
1296254.62 21547.53 8.96
1296254.62 21859.37 8.94
1281374.00 22050.36 8.92
1779056.75 26016.42 1.10
1564927.62 23191.27 1.22
1434431.25 21766.83 1.47
1419669.38 21873.98 1.64
1348568.50 20128.29 2.00
1266415.75 19161.03 2.03
1253769.88 19342.80 2.03
1263833.38 18953.29 2.04
1263833.38 18953.29 2.04
1263833.38 18953.29 2.04
1263833.38 18953.29 2.04
1245727.12 19781.65 2.05
1228509.38 19069.43 2.06
1228509.38 19069.43 2.06
1228509.38 19069.43 2.06
1228509.38 19069.43 2.06
1228509.38 19069.43 2.06
1228509.38 19069.43 2.06
1228509.38 19069.43 2.06
1228509.38 19069.43 2.06
1225543.25 19143.02 2.06
1225543.25 19143.02 2.06
1225543.25 19143.02 2.06
1225543.25 19143.02 2.06
1225543.25 19143.02 2.06
1228509.38 19069.43 2.06
1228509.38 19069.43 2.06
1228509.38 19069.43 2.06
1228509.38 19069.43 2.06
1228509.38 19069.43 2.06
1228509.38 19069.43 2.06
1223379.25 19176.46 2.07
1223379.25 19176.46 2.07
1223379.25 19176.46 2.07
1223379.25 19176.46 2.07
1228509.38 19069.43 2.06
1474182.88 22064.12 1.22
1266728.25 18973.29 2.01
1213957.62 19127.17 2.36
1210991.62 19200.75 2.36
1249297.12 19011.03 2.04
1263833.38 18953.29 2.04
1419889.38 21824.57 1.77
1225543.25 19143.02 2.06
1263833.38 18953.29 2.04
1228509.38 19069.43 2.06
1434431.25 21766.83 1.47
1263833.38 18953.29 2.04
1228509.38 19069.43 2.06
1367169.12 20093.29 2.00
1228509.38 19069.43 2.06
1208827.50 19234.19 2.32
1208827.50 19234.19 2.32
1225543.25 19143.02 2.06
1228509.38 19069.43 2.06
1195961.75 19369.37 5.35
1213957.62 19127.17 2.36
1434431.25 21766.83 1.47
1555369.12 22597.03 1.13
1540096.12 22470.97 1.16
1469231.88 21906.75 1.26
1555369.12 22597.03 1.13
1540096.12 22470.97 1.16
1354586.88 20486.46 1.34
1351192.88 20586.79 1.47
1555369.12 22597.03 1.13
1351192.88 20586.79 1.47
1555369.12 22597.03 1.13
1566064.38 22582.32 1.13
1351192.88 20586.79 1.47
1540096.12 22470.97 1.16
1554416.62 22617.03 1.13
1555369.12 22597.03 1.13
1540096.12 22470.97 1.16
1540096.12 22470.97 1.16
1354586.88 20486.46 1.34
1555369.12 22597.03 1.13
1332643.38 20379.30 1.58
1627681.62 23303.06 1.12
1351057.38 20596.79 1.47
1351192.88 20586.79 1.47
1351192.88 20586.79 1.47
1329249.50 20479.62 1.58
1540096.12 22470.97 1.16
1555369.12 22597.03 1.13
1554416.62 22617.03 1.13
1354586.88 20486.46 1.34
1354586.88 20486.46 1.34
1548292.50 22351.25 1.16
1329249.50 20479.62 1.58
1555369.12 22597.03 1.13
1329249.50 20479.62 1.58
1329152.88 20489.62 1.58
1307459.00 20806.50 7.14
1555369.12 22597.03 1.13
1354586.88 20486.46 1.34
1555369.12 22597.03 1.13
1354586.88 20486.46 1.34
1310853.00 20706.18 7.14
1332546.75 20389.30 1.58
1329918.25 20416.75 1.59
1351192.88 20586.79 1.47
1332546.75 20389.30 1.58
1548292.50 22351.25 1.16
1351192.88 20586.79 1.47
1351192.88 20586.79 1.47
1554416.62 22617.03 1.13
1540096.12 22470.97 1.16
1354586.88 20486.46 1.34
1595628.00 23042.77 1.12
1329918.25 20416.75 1.59
1538792.38 22480.97 1.16
1537612.75 22601.29 1.18
1540096.12 22470.97 1.16
1540096.12 22470.97 1.16
1554416.62 22617.03 1.13
1540096.12 22470.97 1.16
1540096.12 22470.97 1.16
1354586.88 20486.46 1.34
1437583.75 21371.46 1.32
1354586.88 20486.46 1.34
1326524.25 20517.07 1.59
1326524.25 20517.07 1.59
1329249.50 20479.62 1.58
1354451.25 20496.46 1.34
1329152.88 20489.62 1.58
1329918.25 20416.75 1.59
1332643.38 20379.30 1.58
1378149.50 21361.42 0.82
1378149.50 21361.42 0.82
1378149.50 21361.42 0.82
1357609.38 21263.03 0.94
1357609.38 21263.03 0.94
1357609.38 21263.03 0.94
1357609.38 21263.03 0.94
1357609.38 21263.03 0.94
1357609.38 21263.03 0.94
1357609.38 21263.03 0.94
1357609.38 21263.03 0.94
1357609.38 21263.03 0.94
1357609.38 21263.03 0.94
1357609.38 21263.03 0.94
1357609.38 21263.03 0.94
1357609.38 21263.03 0.94
1357609.38 21263.03 0.94
1357609.38 21263.03 0.94
1357609.38 21263.03 0.94
1357609.38 21263.03 0.94
1357609.38 21263.03 0.94
1357609.38 21263.03 0.94
1357609.38 21263.03 0.94
1357609.38 21263.03 0.94
1357609.38 21263.03 0.94
1346553.88 21274.37 1.00
1346553.88 21274.37 1.00
1346553.88 21274.37 1.00
1346553.88 21274.37 1.00
1346553.88 21274.37 1.00
1346553.88 21274.37 1.00
1346553.88 21274.37 1.00
1346553.88 21274.37 1.00
1346553.88 21274.37 1.00
1346553.88 21274.37 1.00
1318893.50 20791.90 1.09
1298312.62 20693.51 1.21
1298312.62 20693.51 1.21
1298312.62 20693.51 1.21
1298312.62 20693.51 1.21
1298312.62 20693.51 1.21
1287257.25 20704.85 1.27
1245815.62 21876.51 1.59
1269790.12 21493.14 3.56
1281028.00 21481.80 3.56
1336960.50 20678.95 3.59
1385100.88 20601.08 3.87
1264244.75 20682.57 7.81
1264244.75 20682.57 7.81
1253006.88 20693.90 7.81
1278793.12 20464.90 8.01
1278793.12 20464.90 8.01
1245801.38 21331.19 8.02
1245801.38 21331.19 8.02
1245801.38 21331.19 8.02
1245801.38 21331.19 8.02
1234590.88 21342.53 8.02
1234590.88 21342.53 8.02
1234590.88 21342.53 8.02
1254231.50 20610.21 8.04
1254231.50 20610.21 8.04
1254231.50 20610.21 8.04
1254231.50 20610.21 8.04
1243039.75 20621.54 8.04
1243039.75 20621.54 8.04
1243039.75 20621.54 8.04
1243039.75 20621.54 8.04
1243039.75 20621.54 8.04
1243039.75 20621.54 8.04
1243039.75 20621.54 8.04
1243039.75 20621.54 8.04
1254231.50 20610.21 8.04
1254231.50 20610.21 8.04
1254231.50 20610.21 8.04
1254231.50 20610.21 8.04
1254231.50 20610.21 8.04
1254231.50 20610.21 8.04
1245339.00 20146.23 8.04
1245339.00 20146.23 8.04
1256530.75 20134.90 8.04
1306173.38 20188.04 1.08
1306173.38 20188.04 1.08
1328732.75 20163.04 1.08
1273196.50 19917.65 1.08
1273196.50 19917.65 1.08
1273196.50 19917.65 1.08
1273196.50 19917.65 1.08
1273196.50 19917.65 1.08
1273196.50 19917.65 1.08
1273196.50 19917.65 1.08
1273196.50 19917.65 1.08
1273196.50 19917.65 1.08
1273196.50 19917.65 1.08
1273196.50 19917.65 1.08
1273196.50 19917.65 1.08
1273196.50 19917.65 1.08
1273196.50 19917.65 1.08
1273196.50 19917.65 1.08
1273196.50 19917.65 1.08
1273196.50 19917.65 1.08
1273196.50 19917.65 1.08
1273196.50 19917.65 1.08
1273196.50 19917.65 1.08
1273196.50 19917.65 1.08
1273196.50 19917.65 1.08
1273196.50 19917.65 1.08
1286165.62 19857.65 1.08
1286165.62 19857.65 1.08
1286165.62 19857.65 1.08
1286165.62 19857.65 1.08
1273196.50 19917.65 1.08
1273196.50 19917.65 1.08
1273196.50 19917.65 1.08
1273196.50 19917.65 1.08
1273196.50 19917.65 1.08
1273196.50 19917.65 1.08
1273196.50 19917.65 1.08
1273196.50 19917.65 1.08
1273196.50 19917.65 1.08
1273196.50 19917.65 1.08
1273196.50 19917.65 1.08
1273196.50 19917.65 1.08
1273196.50 19917.65 1.08
1273196.50 19917.65 1.08
1273196.50 19917.65 1.08
1273196.50 19917.65 1.08
1273196.50 19917.65 1.08
1280662.62 19816.32 1.11
1267684.88 19876.32 1.11
1280662.62 19816.32 1.11
1280662.62 19816.32 1.11
1280662.62 19816.32 1.11
1267684.88 19876.32 1.11
1267684.88 19876.32 1.11
1267684.88 19876.32 1.11
1267684.88 19876.32 1.11
1267684.88 19876.32 1.11
1267684.88 19876.32 1.11
1267684.88 19876.32 1.11
1267684.88 19876.32 1.11
1267684.88 19876.32 1.11
1267684.88 19876.32 1.11
1267684.88 19876.32 1.11
1267684.88 19876.32 1.11
1267684.88 19876.32 1.11
1267684.88 19876.32 1.11
1267684.88 19876.32 1.11
1267684.88 19876.32 1.11
1267684.88 19876.32 1.11
1267684.88 19876.32 1.11
1267684.88 19876.32 1.11
1267684.88 19876.32 1.11
1267684.88 19876.32 1.11
1267684.88 19876.32 1.11
1267684.88 19876.32 1.11
1267684.88 19876.32 1.11
1267684.88 19876.32 1.11
1267684.88 19876.32 1.11
1267684.88 19876.32 1.11
1267684.88 19876.32 1.11
1328230.62 20319.14 1.09
1363296.50 20491.43 0.85
1363296.50 20491.43 0.85
1323460.12 20339.14 1.09
1323460.12 20339.14 1.09
1290044.88 20736.76 1.77
1323460.12 20339.14 1.09
1328984.00 20380.48 1.06
1250403.00 21100.96 8.52
1363296.50 20491.43 0.85
1384786.25 21077.93 0.84
1246759.75 21331.15 2.63
1254338.88 21148.82 8.13
1356048.75 20553.46 1.01
1305261.75 20763.76 1.57
1254258.75 21148.82 8.13
1250403.00 21100.96 8.52
1290044.88 20736.76 1.77
1323460.12 20339.14 1.09
1285564.62 20756.76 1.77
1316271.88 20401.17 1.26
1308791.12 20544.35 9.30
1238586.38 21580.11 3.01
1254338.88 21148.82 8.13
1282428.88 20866.65 1.73
1254338.88 21148.82 8.13
1256834.12 20852.07 2.08
1238586.38 21580.11 3.01
1356837.25 20496.43 0.85
1254258.75 21148.82 8.13
1566231.38 22510.92 0.64
1485903.38 22031.59 0.65
1438414.88 21778.41 0.71
1449050.50 21602.10 0.85
1421361.25 21377.20 0.92
1409558.00 21538.51 0.92
1421361.25 21377.20 0.92
1438414.88 21778.41 0.71
1424637.25 21398.45 0.88
1438414.88 21778.41 0.71
1442617.62 21766.41 0.76
1485903.38 22031.59 0.65
1402051.38 21846.53 1.12
1414001.50 21574.76 0.88
1390289.38 21769.56 8.44
1363844.88 21461.56 8.45
1438414.88 21778.41 0.71
1438414.88 21778.41 0.71
1449050.50 21602.10 0.85
1370839.75 21404.56 8.45
1442617.62 21766.41 0.76
1370839.75 21404.56 8.45