2118359.75 31513.39 3.16
2003189.38 29410.38 3.56
2004682.50 29405.38 3.56
2003189.38 29410.38 3.56
2003189.38 29410.38 3.56
2003189.38 29410.38 3.56
2003189.38 29410.38 3.56
2003189.38 29410.38 3.56
2003189.38 29410.38 3.56
2003189.38 29410.38 3.56
2003189.38 29410.38 3.56
2003189.38 29410.38 3.56
1975975.12 30186.30 3.56
1993556.38 29513.39 3.56
1992063.25 29518.39 3.56
1992063.25 29518.39 3.56
1984128.88 29603.05 3.56
2014991.88 29770.38 3.41
1984128.88 29603.05 3.56
1984128.88 29603.05 3.56
1984128.88 29603.05 3.56
1993556.38 29513.39 3.56
2004682.50 29405.38 3.56
1992063.25 29518.39 3.56
2016485.00 29765.38 3.41
2100200.50 31073.05 3.38
2003189.38 29410.38 3.56
1992063.25 29518.39 3.56
1992063.25 29518.39 3.56
1976635.62 29760.41 3.82
2004682.50 29405.38 3.56
1996045.00 29963.05 3.41
2005443.12 29873.39 3.41
1984128.88 29603.05 3.56
1984128.88 29603.05 3.56
1984128.88 29603.05 3.56
1984128.88 29603.05 3.56
2003949.88 29878.39 3.41
2005443.12 29873.39 3.41
2003189.38 29410.38 3.56
1992063.25 29518.39 3.56
1985622.00 29598.05 3.56
1984128.88 29603.05 3.56
2876970.75 40616.05 3.63
2873945.25 40706.05 3.99
2787653.50 39486.05 4.29
2763985.00 39982.57 4.41
2594766.00 38666.71 4.51
2478125.50 36856.37 5.14
2287138.25 34076.95 5.45
2249870.25 33331.95 5.51
2273646.50 34625.00 5.35
3182415.50 44342.88 3.12
2424877.50 36975.90 5.21
2287138.25 34076.95 5.45
2764694.50 40136.05 4.13
2281925.25 34610.00 5.50
2763985.00 39982.57 4.41
2273097.00 34630.00 5.45
2477915.75 37533.04 4.93
2496293.75 37908.04 4.81
2249208.50 33601.95 5.51
2218199.25 33507.17 5.64
2957994.00 43008.43 3.32
2295787.00 34056.95 5.50
2931097.75 41406.05 3.41
3046486.00 42560.90 3.19
2291657.75 34131.95 5.39
2282586.75 34340.00 5.50
2801400.50 39150.01 2.18
2652726.25 37869.76 2.22
2661716.00 37645.01 2.22
2598755.00 36549.76 2.34
2397122.00 34477.25 2.39
2386947.75 34769.17 2.39
2376221.75 34899.17 2.82
2386432.25 34607.25 2.82
2375342.50 34909.17 2.82
2375342.50 34909.17 2.82
2345983.00 36593.11 3.80
2348765.00 36558.11 3.80
2361362.75 36449.81 4.09
2318180.75 36725.04 4.10
2269985.25 36336.37 4.11
2269985.25 36336.37 4.11
2259458.50 36628.29 4.19
2236793.00 34613.23 4.24
2263149.00 34449.46 4.24
2263149.00 34449.46 4.24
2263149.00 34449.46 4.24
2262177.75 34602.42 4.24
2262177.75 34602.42 4.24
2264947.00 34051.17 4.25
2264947.00 34051.17 4.25
2265918.25 33898.22 4.25
2265918.25 33898.22 4.25
2265918.25 33898.22 4.25
2265918.25 33898.22 4.25
2114628.75 33810.95 4.28
2114567.75 33449.48 4.30
2114567.75 33449.48 4.30
2114567.75 33449.48 4.30
2114567.75 33449.48 4.30
2114567.75 33449.48 4.30
2114567.75 33449.48 4.30
2101409.00 33515.15 4.30
2091637.50 33739.90 4.30
2091637.50 33739.90 4.30
2091637.50 33739.90 4.30
2090596.38 33807.07 4.30
2090596.38 33807.07 4.30
2114567.75 33449.48 4.30
2115357.50 33296.52 4.30
2115357.50 33296.52 4.30
2115357.50 33296.52 4.30
2115357.50 33296.52 4.30
2115357.50 33296.52 4.30
2115357.50 33296.52 4.30
2115357.50 33296.52 4.30
2117341.50 32898.23 4.31
2117341.50 32898.23 4.31
2117341.50 32898.23 4.31
2117341.50 32898.23 4.31
2118131.25 32745.28 4.31
2118131.25 32745.28 4.31
2118131.25 32745.28 4.31
2118131.25 32745.28 4.31
2118131.25 32745.28 4.31
2118131.25 32745.28 4.31
2118131.25 32745.28 4.31
2118131.25 32745.28 4.31
2117341.50 32898.23 4.31
2117341.50 32898.23 4.31
2117341.50 32898.23 4.31
2117341.50 32898.23 4.31
2094411.38 33188.66 4.31
2094411.38 33188.66 4.31
2094411.38 33188.66 4.31
2093370.12 33255.82 4.31
2093370.12 33255.82 4.31
2093370.12 33255.82 4.31
2089634.50 34625.99 4.42
2181121.00 32469.79 7.06
2181121.00 32469.79 7.06
2178554.50 32524.79 7.06
2160671.75 32533.29 7.06
2161238.75 32144.79 7.08
2148976.50 32269.79 7.26
2148976.50 32269.79 7.26
2645288.25 37959.41 1.62
2585048.25 37463.95 1.77
2585048.25 37463.95 1.77
2578739.50 37323.95 1.84
2562303.75 37665.20 2.11
2339260.00 34595.70 2.14
2343882.50 34471.15 2.14
2343882.50 34471.15 2.14
2343882.50 34471.15 2.14
2343882.50 34471.15 2.14
2339260.00 34595.70 2.14
2339260.00 34595.70 2.14
2339260.00 34595.70 2.14
2306517.50 34211.82 2.17
2311192.00 34087.27 2.17
2311192.00 34087.27 2.17
2311192.00 34087.27 2.17
2311192.00 34087.27 2.17
2311192.00 34087.27 2.17
2311192.00 34087.27 2.17
2311192.00 34087.27 2.17
2311192.00 34087.27 2.17
2306517.50 34211.82 2.17
2306517.50 34211.82 2.17
2306517.50 34211.82 2.17
2306517.50 34211.82 2.17
2306517.50 34211.82 2.17
2303384.50 34585.12 2.36
2303384.50 34585.12 2.36
2268281.75 33336.82 2.43
2273003.50 33212.27 2.43
2268281.75 33336.82 2.43
2268281.75 33336.82 2.43
2265196.00 33710.12 2.43
2265196.00 33710.12 2.43
2265196.00 33710.12 2.43
2265196.00 33710.12 2.43
2265196.00 33710.12 2.43
2265196.00 33710.12 2.43
2265196.00 33710.12 2.43
2265196.00 33710.12 2.43
2265196.00 33710.12 2.43
2273003.50 33212.27 2.43
2273003.50 33212.27 2.43
2273003.50 33212.27 2.43
2273003.50 33212.27 2.43
2273003.50 33212.27 2.43
2273003.50 33212.27 2.43
2273003.50 33212.27 2.43
2273003.50 33212.27 2.43
2273003.50 33212.27 2.43
2273003.50 33212.27 2.43
2273003.50 33212.27 2.43
2268281.75 33336.82 2.43
2273003.50 33212.27 2.43
2273003.50 33212.27 2.43
2273003.50 33212.27 2.43
2273003.50 33212.27 2.43
2273003.50 33212.27 2.43
2273003.50 33212.27 2.43
2273003.50 33212.27 2.43
2273003.50 33212.27 2.43
2273003.50 33212.27 2.43
2273003.50 33212.27 2.43
2268281.75 33336.82 2.43
2268281.75 33336.82 2.43
2268281.75 33336.82 2.43
2268281.75 33336.82 2.43
2268281.75 33336.82 2.43
2268281.75 33336.82 2.43
2268281.75 33336.82 2.43
2268281.75 33336.82 2.43
2268281.75 33336.82 2.43
2268281.75 33336.82 2.43
2261604.75 33401.82 2.51
2266279.50 33277.27 2.51
2261604.75 33401.82 2.51
2261604.75 33401.82 2.51
2261604.75 33401.82 2.51
2261604.75 33401.82 2.51
2186041.25 33012.58 2.00
2207082.00 31874.94 10.30
2202748.25 32156.64 9.17
2184086.75 32634.39 2.01
2199760.50 32759.46 2.00
2148434.75 32149.87 9.26
2202748.25 32156.64 9.17
2145983.00 32414.49 2.03
2145983.00 32414.49 2.03
2202748.25 32156.64 9.17
2161474.00 32186.36 2.03
2148434.75 32149.87 9.26
2163912.25 31921.74 9.21
2148434.75 32149.87 9.26
2236120.50 31834.24 9.19
2209867.00 31610.32 10.30
2148434.75 32149.87 9.26
2161474.00 32186.36 2.03
2161474.00 32186.36 2.03
2161474.00 32186.36 2.03
2161474.00 32186.36 2.03
2145983.00 32414.49 2.03
2163912.25 31921.74 9.21
2145983.00 32414.49 2.03
2158402.75 32304.94 2.03
2161474.00 32186.36 2.03
2163912.25 31921.74 9.21
2184086.75 32634.39 2.01
2249515.25 33141.66 1.92
2161474.00 32186.36 2.03
2163912.25 31921.74 9.21
2236749.50 31980.28 8.61
2161474.00 32186.36 2.03
2161474.00 32186.36 2.03
2236120.50 31834.24 9.19
2192823.25 32331.26 2.01
2145983.00 32414.49 2.03
2161474.00 32186.36 2.03
2142908.00 32533.06 2.03
2163912.25 31921.74 9.21
2161474.00 32186.36 2.03
2163912.25 31921.74 9.21
2145983.00 32414.49 2.03
2239187.75 31715.66 9.21
2236749.50 31980.28 8.61
2234024.25 33369.78 1.92
2236120.50 31834.24 9.19
2205961.75 32014.77 8.44
2160845.00 32040.32 9.19
2163912.25 31921.74 9.21
2163912.25 31921.74 9.21
2172525.00 33022.42 2.67
2155491.75 32812.42 2.78
2155491.75 32812.42 2.78
2155491.75 32812.42 2.78
2155491.75 32812.42 2.78
2155491.75 32812.42 2.78
2155491.75 32812.42 2.78
2155491.75 32812.42 2.78
2155491.75 32812.42 2.78
2155491.75 32812.42 2.78
2155491.75 32812.42 2.78
2155491.75 32812.42 2.78
2155491.75 32812.42 2.78
2152756.25 32817.42 2.78
2152756.25 32817.42 2.78
2152756.25 32817.42 2.78
2152756.25 32817.42 2.78
2152756.25 32817.42 2.78
2152756.25 32817.42 2.78
2152756.25 32817.42 2.78
2152756.25 32817.42 2.78
2152756.25 32817.42 2.78
2152756.25 32817.42 2.78
2152756.25 32817.42 2.78
2152756.25 32817.42 2.78
2152756.25 32817.42 2.78
2152756.25 32817.42 2.78
2152756.25 32817.42 2.78
2152756.25 32817.42 2.78
2131955.25 32661.12 2.79
2131955.25 32661.12 2.79
2131955.25 32661.12 2.79
2131955.25 32661.12 2.79
2131955.25 32661.12 2.79
2131955.25 32661.12 2.79
2131955.25 32661.12 2.79
2131955.25 32661.12 2.79
2131955.25 32661.12 2.79
2131955.25 32661.12 2.79
2131955.25 32661.12 2.79
2131955.25 32661.12 2.79
2131955.25 32661.12 2.79
2131955.25 32661.12 2.79
2131955.25 32661.12 2.79
2131955.25 32661.12 2.79
2131955.25 32661.12 2.79
2131955.25 32661.12 2.79
2131955.25 32661.12 2.79
2131955.25 32661.12 2.79
2134691.00 32656.12 2.79
2134691.00 32656.12 2.79
2134691.00 32656.12 2.79
2134691.00 32656.12 2.79
2134691.00 32656.12 2.79
2134691.00 32656.12 2.79
2134691.00 32656.12 2.79
2134691.00 32656.12 2.79
2134691.00 32656.12 2.79
2134691.00 32656.12 2.79
2134691.00 32656.12 2.79
2134691.00 32656.12 2.79
2134691.00 32656.12 2.79
2134691.00 32656.12 2.79
2134691.00 32656.12 2.79
2134691.00 32656.12 2.79
2134691.00 32656.12 2.79
2134691.00 32656.12 2.79
2134691.00 32656.12 2.79
2134691.00 32656.12 2.79
2134691.00 32656.12 2.79
2134691.00 32656.12 2.79
2134691.00 32656.12 2.79
2134691.00 32656.12 2.79
2131955.25 32661.12 2.79
2131955.25 32661.12 2.79
2131955.25 32661.12 2.79
2131955.25 32661.12 2.79
2131955.25 32661.12 2.79
2131955.25 32661.12 2.79
2131955.25 32661.12 2.79
2664504.25 40370.95 3.49
2664504.25 40370.95 3.49
2664504.25 40370.95 3.49
2669807.75 40320.95 3.49
2646986.00 39228.60 3.53
2646986.00 39228.60 3.53
2646986.00 39228.60 3.53
2664504.25 40370.95 3.49
2664504.25 40370.95 3.49
2664504.25 40370.95 3.49
2664504.25 40370.95 3.49
2665359.00 39133.60 3.53
2664504.25 40370.95 3.49
2664504.25 40370.95 3.49
2669807.75 40320.95 3.49
2669807.75 40320.95 3.49
2669807.75 40320.95 3.49
2669807.75 40320.95 3.49
2669807.75 40320.95 3.49
2669807.75 40320.95 3.49
2669807.75 40320.95 3.49
2664504.25 40370.95 3.49
2664504.25 40370.95 3.49
2652290.25 39178.60 3.53
2669807.75 40320.95 3.49
2652290.25 39178.60 3.53
2612566.00 39414.47 3.62
2669807.75 40320.95 3.49
2664504.25 40370.95 3.49
2664504.25 40370.95 3.49
2652290.25 39178.60 3.53
2678604.00 38951.09 3.53
2652290.25 39178.60 3.53
2676750.50 40260.95 3.49
2669807.75 40320.95 3.49
2688075.00 39616.26 3.49
2669807.75 40320.95 3.49
2669807.75 40320.95 3.49
2669807.75 40320.95 3.49
2669807.75 40320.95 3.49
2669807.75 40320.95 3.49
2669807.75 40320.95 3.49
2646986.00 39228.60 3.53
2652290.25 39178.60 3.53
2669807.75 40320.95 3.49
2121054.75 31328.31 2.93
2013602.50 31321.85 2.96
2108958.25 31502.42 2.93
2013602.50 31321.85 2.96
2114205.50 31500.02 2.93
2049635.75 31049.92 3.22
2165761.50 31203.46 2.93
2013602.50 31321.85 2.96
2013602.50 31321.85 2.96
2072873.38 31036.33 3.12
2013602.50 31321.85 2.96
2013602.50 31321.85 2.96
2013602.50 31321.85 2.96
2013602.50 31321.85 2.96
2013602.50 31184.97 2.97
2013602.50 31321.85 2.96
2422829.75 34798.45 2.88
2013602.50 31184.97 2.97
2077159.25 31023.94 2.97
2013602.50 31321.85 2.96
2013602.50 31321.85 2.96
2427788.00 34796.06 2.88
2439755.25 34603.45 2.88
2077159.25 31160.81 2.96
2013602.50 31184.97 2.97
2013602.50 31321.85 2.96
2030199.38 30883.20 8.74
2013602.50 31321.85 2.96
2018981.75 31182.57 2.97
2072873.38 31036.33 3.12
2077159.25 31160.81 2.96
2108958.25 31502.42 2.93
2013602.50 31321.85 2.96
2427788.00 34796.06 2.88
2035697.62 30880.80 8.74
2013602.50 31184.97 2.97
2013602.50 31184.97 2.97
2018981.75 31182.57 2.97
2017893.00 31309.45 2.96
2120082.25 30580.42 8.49
2013602.50 31321.85 2.96
2077313.00 30646.66 8.80
2013602.50 31321.85 2.96
2013602.50 31321.85 2.96
2018981.75 31182.57 2.97
2018981.75 31182.57 2.97
2013602.50 31321.85 2.96
2013602.50 31321.85 2.96
2013602.50 31184.97 2.97
2126291.25 31325.92 2.93
2013602.50 31184.97 2.97
2013602.50 31184.97 2.97
2013602.50 31184.97 2.97
2077159.25 31160.81 2.96
2013602.50 31184.97 2.97
2013602.50 31184.97 2.97
2013602.50 31321.85 2.96
2060811.38 30729.06 8.49
2013602.50 31321.85 2.96
2072873.38 31036.33 3.12
2060811.38 30729.06 8.49
2013602.50 31321.85 2.96
2018981.75 31182.57 2.97
2013602.50 31184.97 2.97
2482412.25 37561.81 7.44
2624552.50 40224.10 6.97
2525407.75 35633.18 9.36
2543973.00 35623.18 9.36
2543973.00 35623.18 9.36
2156144.75 31785.99 7.68
2293216.25 33775.68 7.47
2228822.75 32602.79 7.63
2409148.25 34180.99 6.88
2371379.75 33680.99 7.47
2459946.50 34834.01 6.75
2293216.25 33775.68 7.47
2160485.25 31665.60 8.99
2141411.25 32647.29 7.68
2371379.75 33680.99 7.47
2278859.75 34310.68 7.34
2257381.00 34647.28 7.47
2414634.50 35437.70 2.70
2115799.00 32247.03 2.71
2115799.00 32247.03 2.71
2106484.25 32404.38 2.84
2106484.25 32404.38 2.84
2106484.25 32404.38 2.84
2104592.75 32594.34 2.98
2087560.88 32419.38 3.01
2045717.75 32680.64 3.06
2045717.75 32680.64 3.06
2062988.12 32472.68 3.06
2103424.75 32413.41 3.09
2041483.00 33031.27 3.28
2062636.50 32492.00 3.29
2062636.50 32492.00 3.29
2062636.50 32492.00 3.29
2062636.50 32492.00 3.29
2069174.38 32358.83 3.31
2069174.38 32358.83 3.31
2078673.25 32295.25 3.31
2078956.50 32284.04 3.31
2061488.50 32492.00 3.31
2061488.50 32492.00 3.31
2078956.50 32284.04 3.31
2051706.38 32566.79 3.31
2051706.38 32566.79 3.31
2051706.38 32566.79 3.31
2051706.38 32566.79 3.31
2078956.50 32284.04 3.31
2078956.50 32284.04 3.31
2078956.50 32284.04 3.31
2078956.50 32284.04 3.31
2069174.38 32358.83 3.31
2069174.38 32358.83 3.31
2069174.38 32358.83 3.31
2069174.38 32358.83 3.31
2069174.38 32358.83 3.31
2069174.38 32358.83 3.31
2069174.38 32358.83 3.31
2069174.38 32358.83 3.31
2069174.38 32358.83 3.31
2069174.38 32358.83 3.31
2069174.38 32358.83 3.31
2069174.38 32358.83 3.31
2069174.38 32358.83 3.31
2069174.38 32358.83 3.31
2069174.38 32358.83 3.31
2069174.38 32358.83 3.31
2069174.38 32358.83 3.31
2051976.88 32560.69 3.06
2078956.50 32284.04 3.31
2079147.62 32273.28 3.29
2069174.38 32358.83 3.31
2051706.38 32566.79 3.31
2069174.38 32358.83 3.31
2069174.38 32358.83 3.31
2078956.50 32284.04 3.31
2051706.38 32566.79 3.31
2069174.38 32358.83 3.31
2069365.50 32348.06 3.29
2062774.12 32478.78 3.46
2069174.38 32358.83 3.31
2061488.50 32492.00 3.31
2061488.50 32492.00 3.31
2136561.75 32118.13 3.97
2078956.50 32284.04 3.31
2061488.50 32492.00 3.31
2082882.12 31883.82 6.04
2078956.50 32284.04 3.31
2189871.75 32761.16 2.27
2189871.75 32761.16 2.27
2189871.75 32761.16 2.27
2189871.75 32761.16 2.27
2189871.75 32761.16 2.27
2189871.75 32761.16 2.27
2189871.75 32761.16 2.27
2189871.75 32761.16 2.27
2189871.75 32761.16 2.27
2189871.75 32761.16 2.27
2189871.75 32761.16 2.27
2189871.75 32761.16 2.27
2189871.75 32761.16 2.27
2189871.75 32761.16 2.27
2195379.25 32575.44 2.27
2189871.75 32761.16 2.27
2189562.00 32762.46 2.27
2189562.00 32762.46 2.27
2189562.00 32762.46 2.27
2189562.00 32762.46 2.27
2189562.00 32762.46 2.27
2189562.00 32762.46 2.27
2189562.00 32762.46 2.27
2189562.00 32762.46 2.27
2189562.00 32762.46 2.27
2189562.00 32762.46 2.27
2189562.00 32762.46 2.27
2177936.75 32828.28 2.27
2189871.75 32761.16 2.27
2189871.75 32761.16 2.27
2189871.75 32761.16 2.27
2189871.75 32761.16 2.27
2189871.75 32761.16 2.27
2189871.75 32761.16 2.27
2189871.75 32761.16 2.27
2189871.75 32761.16 2.27
2189871.75 32761.16 2.27
2189871.75 32761.16 2.27
2189871.75 32761.16 2.27
2189871.75 32761.16 2.27
2189871.75 32761.16 2.27
2189871.75 32761.16 2.27
2189871.75 32761.16 2.27
2189871.75 32761.16 2.27
2189871.75 32761.16 2.27
2189871.75 32761.16 2.27
2189871.75 32761.16 2.27
2189871.75 32761.16 2.27
2189871.75 32761.16 2.27
2189871.75 32761.16 2.27
2189871.75 32761.16 2.27
2189871.75 32761.16 2.27
2189871.75 32761.16 2.27
2165535.75 32687.08 2.28
2150411.75 32963.35 6.37
2150411.75 32963.35 6.37
2150714.25 32765.10 2.28
2189562.00 32762.46 2.27
2189562.00 32762.46 2.27
2157064.00 32297.80 7.73
2150102.00 32964.64 6.37
2189871.75 32761.16 2.27
2189562.00 32762.46 2.27
2189562.00 32762.46 2.27
2581466.25 38008.39 2.76
2518633.00 36988.39 2.87
2488790.25 37072.89 3.08
2579932.00 37613.39 2.83
2590259.50 37508.66 2.83
2505266.00 36873.39 3.13
2713850.00 38752.67 2.72
2518633.00 36988.39 2.87
2600399.25 37817.23 2.72
2518633.00 36988.39 2.87
2360715.75 35316.57 3.35
2198866.75 32282.08 2.30
2198866.75 32282.08 2.30
2197596.75 32809.26 2.33
2186390.75 32444.64 2.35
2186390.75 32444.64 2.35
2177920.00 32601.99 2.35
2167622.25 32562.36 2.36
2155146.25 32724.92 2.36
2155146.25 32724.92 2.36
2167622.25 32562.36 2.36
2167622.25 32562.36 2.36
2158215.75 32723.63 2.48
2158215.75 32723.63 2.48
2158215.75 32723.63 2.48
2158215.75 32723.63 2.48
2158215.75 32723.63 2.48
2158215.75 32723.63 2.48
2158215.75 32723.63 2.48
2158215.75 32723.63 2.48
2158215.75 32723.63 2.48
2158215.75 32723.63 2.48
2158215.75 32723.63 2.48
2158215.75 32723.63 2.48
2158215.75 32723.63 2.48
2158215.75 32723.63 2.48
2158215.75 32723.63 2.48
2158215.75 32723.63 2.48
2158215.75 32723.63 2.48
2158215.75 32723.63 2.48
2158215.75 32723.63 2.48
2158215.75 32723.63 2.48
2158215.75 32723.63 2.48
2158215.75 32723.63 2.48
2158215.75 32723.63 2.48
2158215.75 32723.63 2.48
2158215.75 32723.63 2.48
2158215.75 32723.63 2.48
2158215.75 32723.63 2.48
2158215.75 32723.63 2.48
2158215.75 32723.63 2.48
2158215.75 32723.63 2.48
2158215.75 32723.63 2.48
2158215.75 32723.63 2.48
2158215.75 32723.63 2.48
2158215.75 32723.63 2.48
2170692.00 32561.07 2.48
2170692.00 32561.07 2.48
2170692.00 32561.07 2.48
2170692.00 32561.07 2.48
2170692.00 32561.07 2.48
2170692.00 32561.07 2.48
2170692.00 32561.07 2.48
2170692.00 32561.07 2.48
2170692.00 32561.07 2.48
2170692.00 32561.07 2.48
2170692.00 32561.07 2.48
2170692.00 32561.07 2.48
2170692.00 32561.07 2.48
2170692.00 32561.07 2.48
2170692.00 32561.07 2.48
2170692.00 32561.07 2.48
2170692.00 32561.07 2.48
2170692.00 32561.07 2.48
2170692.00 32561.07 2.48
2170692.00 32561.07 2.48
2170692.00 32561.07 2.48
2170692.00 32561.07 2.48
2170692.00 32561.07 2.48
2170692.00 32561.07 2.48
2170692.00 32561.07 2.48
2170692.00 32561.07 2.48
2170692.00 32561.07 2.48
2170692.00 32561.07 2.48
2170692.00 32561.07 2.48
2170692.00 32561.07 2.48
2170692.00 32561.07 2.48
2170692.00 32561.07 2.48
2170692.00 32561.07 2.48
2180406.75 32543.80 2.58
2159139.25 32719.71 2.61
2198565.00 32462.78 2.24
2209270.00 31685.57 2.36
2209270.00 31685.57 2.36
2209270.00 31685.57 2.36
2233924.00 31637.81 2.36
2246283.75 31427.21 9.76
2238608.50 33576.36 1.83
2193790.25 32706.36 2.24
2209270.00 31685.57 2.36
2209270.00 31685.57 2.36
2184184.75 32881.81 2.40
2198565.00 32462.78 2.24
2205389.00 31775.57 2.36
2253072.25 33632.79 1.82
2209270.00 31685.57 2.36
2205389.00 31775.57 2.36
2193790.25 32706.36 2.24
2247080.00 33266.83 1.92
2211809.75 31833.01 2.33
2188065.75 32791.81 2.40
2247080.00 33266.83 1.92
2198565.00 32462.78 2.24
2209270.00 31685.57 2.36
2209270.00 31685.57 2.36
2194684.00 32552.78 2.24
2175581.75 32594.38 2.43
2238608.50 33576.36 1.83
2179462.75 32504.38 2.43
2191099.00 31573.59 2.55
2187218.00 31663.59 2.55
2193790.25 32706.36 2.24
2180393.75 32350.80 2.43
2193790.25 32706.36 2.24
2202669.50 32396.83 2.36
2193790.25 32706.36 2.24
2184461.00 32284.85 2.55
2193790.25 32706.36 2.24
2205389.00 31775.57 2.36