2177651.00 33175.33 5.01
2177651.00 33175.33 5.01
2177651.00 33175.33 5.01
2177651.00 33175.33 5.01
2177651.00 33175.33 5.01
2177651.00 33175.33 5.01
2177651.00 33175.33 5.01
2166862.25 32742.81 5.04
2177651.00 33175.33 5.01
2177651.00 33175.33 5.01
2177651.00 33175.33 5.01
2177651.00 33175.33 5.01
2177651.00 33175.33 5.01
2177651.00 33175.33 5.01
2177651.00 33175.33 5.01
2195018.75 33102.81 4.84
2159412.50 32920.33 5.04
2177651.00 33175.33 5.01
2219775.25 33057.01 4.84
2159412.50 32920.33 5.04
2177651.00 33175.33 5.01
2177651.00 33175.33 5.01
2195018.75 33102.81 4.84
2219775.25 33057.01 4.84
2187569.25 33280.33 4.84
2195018.75 33102.81 4.84
2166862.25 32742.81 5.04
2166862.25 32742.81 5.04
2195018.75 33102.81 4.84
2184955.75 32891.07 5.01
2195018.75 33102.81 4.84
2195018.75 33102.81 4.84
2187569.25 33280.33 4.84
2195018.75 33102.81 4.84
2219775.25 33057.01 4.84
2219775.25 33057.01 4.84
2219775.25 33057.01 4.84
2219775.25 33057.01 4.84
2212642.25 33337.81 4.80
2187569.25 33280.33 4.84
2187569.25 33280.33 4.84
2187569.25 33280.33 4.84
2187569.25 33280.33 4.84
2187569.25 33280.33 4.84
2195018.75 33102.81 4.84
2195018.75 33102.81 4.84
2212642.25 33337.81 4.80
2187569.25 33280.33 4.84
2212642.25 33337.81 4.80
2031738.12 28991.01 5.56
2211004.75 31376.01 5.10
2086614.38 30136.01 5.12
2012710.25 28413.70 5.95
1998741.38 28860.43 5.85
2012710.25 28413.70 5.95
1998741.38 28860.43 5.85
2008239.50 28443.70 6.08
2012710.25 28413.70 5.95
1983728.00 29111.01 5.19
1983728.00 29111.01 5.19
2012710.25 28413.70 5.95
2012710.25 28413.70 5.95
1998741.38 28860.43 5.85
2006515.50 28696.58 5.95
1987893.25 28790.43 6.01
1997696.88 28664.28 5.95
2086614.38 30136.01 5.12
2012710.25 28413.70 5.95
2012710.25 28413.70 5.95
1983728.00 29111.01 5.19
2448859.25 34821.43 4.91
2337369.25 33416.43 5.00
2368785.25 32628.59 5.00
2266037.25 31277.47 5.12
2232104.75 31573.93 5.12
2235762.25 31309.97 5.55
2226825.75 31876.43 5.60
2226825.75 31876.43 5.60
2224730.25 32056.43 5.65
2224730.25 32056.43 5.65
2224730.25 32056.43 5.65
2224730.25 32056.43 5.65
2224730.25 32056.43 5.65
2224730.25 32056.43 5.65
2224730.25 32056.43 5.65
2215523.25 32006.43 5.68
2215523.25 32006.43 5.68
2215523.25 32006.43 5.68
2215523.25 32006.43 5.68
2215523.25 32006.43 5.68
2215523.25 32006.43 5.68
2215523.25 32006.43 5.68
2215523.25 32006.43 5.68
2215523.25 32006.43 5.68
2215523.25 32006.43 5.68
2215523.25 32006.43 5.68
2215523.25 32006.43 5.68
2215523.25 32006.43 5.68
2215523.25 32006.43 5.68
2215523.25 32006.43 5.68
2215523.25 32006.43 5.68
2215523.25 32006.43 5.68
2215523.25 32006.43 5.68
2215523.25 32006.43 5.68
2215523.25 32006.43 5.68
2215523.25 32006.43 5.68
2215523.25 32006.43 5.68
2215523.25 32006.43 5.68
2215523.25 32006.43 5.68
2215523.25 32006.43 5.68
2215523.25 32006.43 5.68
2215523.25 32006.43 5.68
2215523.25 32006.43 5.68
2215523.25 32006.43 5.68
2215523.25 32006.43 5.68
2215523.25 32006.43 5.68
2215523.25 32006.43 5.68
2212504.50 32151.61 5.68
2235242.00 31504.97 5.68
2235242.00 31504.97 5.68
2235242.00 31504.97 5.68
2235242.00 31504.97 5.68
2235242.00 31504.97 5.68
2235242.00 31504.97 5.68
2235242.00 31504.97 5.68
2235242.00 31504.97 5.68
2235242.00 31504.97 5.68
2235242.00 31504.97 5.68
2235242.00 31504.97 5.68
2235242.00 31504.97 5.68
2235242.00 31504.97 5.68
2215523.25 32006.43 5.68
2235242.00 31504.97 5.68
2235242.00 31504.97 5.68
2235242.00 31504.97 5.68
2235242.00 31504.97 5.68
2235242.00 31504.97 5.68
2235242.00 31504.97 5.68
2235242.00 31504.97 5.68
2235242.00 31504.97 5.68
2235242.00 31504.97 5.68
2235242.00 31504.97 5.68
2235242.00 31504.97 5.68
2208404.75 31631.74 5.78
2215523.25 32006.43 5.68
2235242.00 31504.97 5.68
2200287.25 31246.40 5.80
2215887.00 32388.06 5.65
2369427.50 32650.61 5.55
2369427.50 32650.61 5.55
2382873.50 32571.67 5.55
2368274.25 32650.61 5.55
2292753.25 32366.29 5.56
2311391.75 32326.29 5.56
2311391.75 32326.29 5.56
2311391.75 32326.29 5.56
2317675.75 32100.61 5.56
2338486.50 31795.99 5.56
2186719.50 30641.67 5.58
2186719.50 30641.67 5.58
2186719.50 30641.67 5.58
2164723.00 30946.29 5.58
2164723.00 30946.29 5.58
2163194.25 31365.20 5.58
2163194.25 31365.20 5.58
2163194.25 31365.20 5.58
2163194.25 31365.20 5.58
2171914.75 30431.67 5.60
2171914.75 30431.67 5.60
2171914.75 30431.67 5.60
2171914.75 30431.67 5.60
2171914.75 30431.67 5.60
2171914.75 30431.67 5.60
2171914.75 30431.67 5.60
2171914.75 30431.67 5.60
2171914.75 30431.67 5.60
2171914.75 30431.67 5.60
2171914.75 30431.67 5.60
2170389.25 30787.79 5.60
2170389.25 30787.79 5.60
2170389.25 30787.79 5.60
2170389.25 30787.79 5.60
2170389.25 30787.79 5.60
2170389.25 30787.79 5.60
2170389.25 30787.79 5.60
2170389.25 30787.79 5.60
2170389.25 30787.79 5.60
2170389.25 30787.79 5.60
2170389.25 30787.79 5.60
2171914.75 30431.67 5.60
2171914.75 30431.67 5.60
2171914.75 30431.67 5.60
2171914.75 30431.67 5.60
2171914.75 30431.67 5.60
2171914.75 30431.67 5.60
2171914.75 30431.67 5.60
2171914.75 30431.67 5.60
2171914.75 30431.67 5.60
2171914.75 30431.67 5.60
2171914.75 30431.67 5.60
2171914.75 30431.67 5.60
2171914.75 30431.67 5.60
2171914.75 30431.67 5.60
2171914.75 30431.67 5.60
2171914.75 30431.67 5.60
2171914.75 30431.67 5.60
2171914.75 30431.67 5.60
2146785.25 30532.79 5.64
2140695.75 31110.20 5.64
2148310.75 30176.67 5.64
2148310.75 30176.67 5.64
2148310.75 30176.67 5.64
2148310.75 30176.67 5.64
2148310.75 30176.67 5.64
2148310.75 30176.67 5.64
2146785.25 30532.79 5.64
2122245.25 29881.67 5.67
2122245.25 29881.67 5.67
2122245.25 29881.67 5.67
2122245.25 29881.67 5.67
2122245.25 29881.67 5.67
2122245.25 29881.67 5.67
2122245.25 29881.67 5.67
2122245.25 29881.67 5.67
2122245.25 29881.67 5.67
2122245.25 29881.67 5.67
2122245.25 29881.67 5.67
2122245.25 29881.67 5.67
3024247.50 44238.36 5.54
2661017.50 39568.36 5.58
2623919.50 37180.02 6.47
2438746.25 34453.88 6.55
2424960.00 34739.94 6.55
2434049.25 34338.88 6.64
2434049.25 34338.88 6.64
2434049.25 34338.88 6.64
2434049.25 34338.88 6.64
2434049.25 34338.88 6.64
2420262.75 34624.94 6.64
2420262.75 34624.94 6.64
2434040.75 34091.39 6.80
2447827.25 33805.33 6.80
2434040.75 34091.39 6.80
2447827.25 33805.33 6.80
2447827.25 33805.33 6.80
2447827.25 33805.33 6.80
2447827.25 33805.33 6.80
2447827.25 33805.33 6.80
2447827.25 33805.33 6.80
2447827.25 33805.33 6.80
2447827.25 33805.33 6.80
2447827.25 33805.33 6.80
2447827.25 33805.33 6.80
2447827.25 33805.33 6.80
2447827.25 33805.33 6.80
2447827.25 33805.33 6.80
2434040.75 34091.39 6.80
2434040.75 34091.39 6.80
2434040.75 34091.39 6.80
2434040.75 34091.39 6.80
2434040.75 34091.39 6.80
2434040.75 34091.39 6.80
2434040.75 34091.39 6.80
2434040.75 34091.39 6.80
2434040.75 34091.39 6.80
2434040.75 34091.39 6.80
2434040.75 34091.39 6.80
2434040.75 34091.39 6.80
2434040.75 34091.39 6.80
2434040.75 34091.39 6.80
2434040.75 34091.39 6.80
2434040.75 34091.39 6.80
2447827.25 33805.33 6.80
2447827.25 33805.33 6.80
2447827.25 33805.33 6.80
2447827.25 33805.33 6.80
2447827.25 33805.33 6.80
2447827.25 33805.33 6.80
2447827.25 33805.33 6.80
2447827.25 33805.33 6.80
2447827.25 33805.33 6.80
2447827.25 33805.33 6.80
2404434.00 33460.86 6.97
2404434.00 33460.86 6.97
2404434.00 33460.86 6.97
2404434.00 33460.86 6.97
2404434.00 33460.86 6.97
2390624.00 33746.92 6.97
2417902.75 32927.32 7.06
2417902.75 32927.32 7.06
2417902.75 32927.32 7.06
2417902.75 32927.32 7.06
2417902.75 32927.32 7.06
2417902.75 32927.32 7.06
2417902.75 32927.32 7.06
2417902.75 32927.32 7.06
2417902.75 32927.32 7.06
2417902.75 32927.32 7.06
2417902.75 32927.32 7.06
2417902.75 32927.32 7.06
2417902.75 32927.32 7.06
2417902.75 32927.32 7.06
2417902.75 32927.32 7.06
2417902.75 32927.32 7.06
2417902.75 32927.32 7.06
2417902.75 32927.32 7.06
2404092.75 33213.38 7.06
2404092.75 33213.38 7.06
2147398.25 30683.40 5.17
2147398.25 30683.40 5.17
2147398.25 30683.40 5.17
2147398.25 30683.40 5.17
2147398.25 30683.40 5.17
2147398.25 30683.40 5.17
2147398.25 30683.40 5.17
2147398.25 30683.40 5.17
2147398.25 30683.40 5.17
2147398.25 30683.40 5.17
2147398.25 30683.40 5.17
2147398.25 30683.40 5.17
2147398.25 30683.40 5.17
2147398.25 30683.40 5.17
2147398.25 30683.40 5.17
2147398.25 30683.40 5.17
2147398.25 30683.40 5.17
2124266.50 30760.92 5.17
2124266.50 30760.92 5.17
2124266.50 30760.92 5.17
2124266.50 30760.92 5.17
2124266.50 30760.92 5.17
2124266.50 30760.92 5.17
2124266.50 30760.92 5.17
2124266.50 30760.92 5.17
2124266.50 30760.92 5.17
2124266.50 30760.92 5.17
2124266.50 30760.92 5.17
2124266.50 30760.92 5.17
2124266.50 30760.92 5.17
2124266.50 30760.92 5.17
2124266.50 30760.92 5.17
2124266.50 30760.92 5.17
2147398.25 30683.40 5.17
2108588.75 29575.17 5.31
2124266.50 30760.92 5.17
2117845.25 29870.17 5.25
2107244.50 29570.17 5.31
2147398.25 30683.40 5.17
2107244.50 29570.17 5.31
2107244.50 29570.17 5.31
2199131.75 31570.92 5.17
2143706.50 30695.92 5.17
2107871.75 30026.66 5.31
2107244.50 29570.17 5.31
2107244.50 29570.17 5.31
2124266.50 30760.92 5.17
2107244.50 29570.17 5.31
2124266.50 30760.92 5.17
2225169.25 31518.40 5.17
2107244.50 29570.17 5.31
2123549.50 31212.41 5.20
2108588.75 29575.17 5.31
2107244.50 29570.17 5.31
2108588.75 29575.17 5.31
2544536.00 36641.40 6.01
2540446.75 34646.18 7.35
2551058.75 33610.00 7.28
2541447.00 34039.82 7.29
2489672.75 35562.71 5.82
2376114.75 32013.02 8.46
2363394.25 32771.30 6.06
2489672.75 35562.71 5.82
2365336.25 32488.96 8.46
2457481.25 34652.24 5.83
2489672.75 35562.71 5.82
2334544.50 33057.24 5.89
2334544.50 33057.24 5.89
2334544.50 33057.24 5.89
2366948.00 33229.23 5.85
2334544.50 33057.24 5.89
2334544.50 33057.24 5.89
2358386.50 32433.96 8.75
2334544.50 33057.24 5.89
2331455.75 32700.45 8.69
2360395.50 32414.50 8.69
2334544.50 33057.24 5.89
2360395.50 32414.50 8.69
2360395.50 32414.50 8.69
2360395.50 32414.50 8.69
2334544.50 33057.24 5.89
2334544.50 33057.24 5.89
2334454.25 33057.24 6.03
2489672.75 35562.71 5.82
2334454.25 33057.24 6.03
2842668.75 39365.42 5.55
2805509.25 39535.25 5.77
2818974.00 39065.42 5.77
2751810.25 37962.75 5.79
2591697.25 35235.25 5.82
2591697.25 35235.25 5.82
2570379.75 34960.25 6.11
2545120.25 34673.61 6.35
2479232.00 34533.61 6.45
2450329.50 33563.61 6.66
2450329.50 33563.61 6.66
2450329.50 33563.61 6.66
2450329.50 33563.61 6.66
2450329.50 33563.61 6.66
2450329.50 33563.61 6.66
2450329.50 33563.61 6.66
2450329.50 33563.61 6.66
2450329.50 33563.61 6.66
2450329.50 33563.61 6.66
2450329.50 33563.61 6.66
2450329.50 33563.61 6.66
2450329.50 33563.61 6.66
2450329.50 33563.61 6.66
2450329.50 33563.61 6.66
2450943.75 33488.61 6.66
2450329.50 33563.61 6.66
2450329.50 33563.61 6.66
2450329.50 33563.61 6.66
2450329.50 33563.61 6.66
2450329.50 33563.61 6.66
2450329.50 33563.61 6.66
2450329.50 33563.61 6.66
2450329.50 33563.61 6.66
2450329.50 33563.61 6.66
2450329.50 33563.61 6.66
2450329.50 33563.61 6.66
2450329.50 33563.61 6.66
2450329.50 33563.61 6.66
2450329.50 33563.61 6.66
2450329.50 33563.61 6.66
2450329.50 33563.61 6.66
2450329.50 33563.61 6.66
2450329.50 33563.61 6.66
2450329.50 33563.61 6.66
2450329.50 33563.61 6.66
2450329.50 33563.61 6.66
2450329.50 33563.61 6.66
2450329.50 33563.61 6.66
2450329.50 33563.61 6.66
2450329.50 33563.61 6.66
2443795.50 33768.61 6.76
2443795.50 33768.61 6.76
2443795.50 33768.61 6.76
2413464.50 33663.61 6.91
2413464.50 33663.61 6.91
2413464.50 33663.61 6.91
2413464.50 33663.61 6.91
2413464.50 33663.61 6.91
2413464.50 33663.61 6.91
2413464.50 33663.61 6.91
2413464.50 33663.61 6.91
2413464.50 33663.61 6.91
2413464.50 33663.61 6.91
2413464.50 33663.61 6.91
2413464.50 33663.61 6.91
2413464.50 33663.61 6.91
2413464.50 33663.61 6.91
2413464.50 33663.61 6.91
2413464.50 33663.61 6.91
2413464.50 33663.61 6.91
2413464.50 33663.61 6.91
2413464.50 33663.61 6.91
2413464.50 33663.61 6.91
2413464.50 33663.61 6.91
2413464.50 33663.61 6.91
2413464.50 33663.61 6.91
2413464.50 33663.61 6.91
2413464.50 33663.61 6.91
2413464.50 33663.61 6.91
2413464.50 33663.61 6.91
2204127.25 31759.53 5.20
2212640.25 31585.19 5.68
2212640.25 31585.19 5.68
2212640.25 31585.19 5.68
2212640.25 31585.19 5.68
2202553.50 32230.59 5.33
2212640.25 31585.19 5.68
2212640.25 31585.19 5.68
2204127.25 31759.53 5.20
2204127.25 31649.84 5.29
2202553.50 32230.59 5.33
2219396.50 31294.23 5.75
2264736.75 32229.04 5.18
2212640.25 31585.19 5.68
2212640.25 31585.19 5.68
2212640.25 31585.19 5.68
2204127.25 31649.84 5.29
2212640.25 31585.19 5.68
2212640.25 31585.19 5.68
2204127.25 31649.84 5.29
2212640.25 31585.19 5.68
2212640.25 31585.19 5.68
2220863.75 31254.23 5.56
2204127.25 31759.53 5.20
2211243.75 31585.19 5.72
2204127.25 31649.84 5.29
2246566.25 31105.35 8.20
2204127.25 31759.53 5.20
2204127.25 31649.84 5.29
2204127.25 31759.53 5.20
2202553.50 32230.59 5.33
2204127.25 31759.53 5.20
2204127.25 31649.84 5.29
2202553.50 32230.59 5.33
2204127.25 31649.84 5.29
2204127.25 31649.84 5.29
2204127.25 31649.84 5.29
2204127.25 31649.84 5.29
2204127.25 31759.53 5.20
2204127.25 31649.84 5.29
2204127.25 31759.53 5.20
2212640.25 31585.19 5.68
2220863.75 31254.23 5.56
2204127.25 31759.53 5.20
2204127.25 31649.84 5.29
2204127.25 31649.84 5.29
2204127.25 31649.84 5.29
2204127.25 31649.84 5.29
2220863.75 31254.23 5.56
2204127.25 31649.84 5.29
2204127.25 31649.84 5.29
2204127.25 31649.84 5.29
2204127.25 31649.84 5.29
2204127.25 31649.84 5.29
2204127.25 31649.84 5.29
2204127.25 31649.84 5.29
2204127.25 31759.53 5.20
2255320.50 31601.16 5.29
2204127.25 31649.84 5.29
2204127.25 31649.84 5.29
2204127.25 31649.84 5.29
2255320.50 31710.85 5.20
2459579.50 35665.88 5.97
2459579.50 35665.88 5.97
2459579.50 35665.88 5.97
2459579.50 35665.88 5.97
2462856.50 35092.38 5.99
2462856.50 35092.38 5.99
2370555.25 34235.88 6.00
2370555.25 34235.88 6.00
2370555.25 34235.88 6.00
2370555.25 34235.88 6.00
2370555.25 34235.88 6.00
2370555.25 34235.88 6.00
2370555.25 34235.88 6.00
2373837.25 33662.38 6.02
2366722.00 34482.03 6.03
2366940.50 34180.88 6.03
2366940.50 34180.88 6.03
2366940.50 34180.88 6.03
2366940.50 34180.88 6.03
2366940.50 34180.88 6.03
2366940.50 34180.88 6.03
2366940.50 34180.88 6.03
2366940.50 34180.88 6.03
2366940.50 34180.88 6.03
2366940.50 34180.88 6.03
2366722.00 34482.03 6.03
2366722.00 34482.03 6.03
2366722.00 34482.03 6.03
2366722.00 34482.03 6.03
2366722.00 34482.03 6.03
2366940.50 34180.88 6.03
2342593.25 33700.88 6.04
2370555.25 34235.88 6.00
2366940.50 34180.88 6.03
2366722.00 34482.03 6.03
2370221.25 33607.38 6.04
2629907.50 38203.58 6.41
2251738.25 32340.86 6.47
2250402.25 32184.76 6.48
2250402.25 32184.76 6.48
2250402.25 32184.76 6.48
2250402.25 32184.76 6.48
2250402.25 32184.76 6.48
2250402.25 32184.76 6.48
2250402.25 32184.76 6.48
2250402.25 32184.76 6.48
2250402.25 32184.76 6.48
2250402.25 32184.76 6.48
2250402.25 32184.76 6.48
2250402.25 32184.76 6.48
2250402.25 32184.76 6.48
2250402.25 32184.76 6.48
2250402.25 32184.76 6.48
2250402.25 32184.76 6.48
2250402.25 32184.76 6.48
2279328.25 31758.55 6.48
2250402.25 32184.76 6.48
2250402.25 32184.76 6.48
2250402.25 32184.76 6.48
2250402.25 32184.76 6.48
2250402.25 32184.76 6.48
2250402.25 32184.76 6.48
2250402.25 32184.76 6.48
2250402.25 32184.76 6.48
2250402.25 32184.76 6.48
2250402.25 32184.76 6.48
2250402.25 32184.76 6.48
2250402.25 32184.76 6.48
2250402.25 32184.76 6.48
2250402.25 32184.76 6.48
2250402.25 32184.76 6.48
2250402.25 32184.76 6.48
2250402.25 32184.76 6.48
2250402.25 32184.76 6.48
2250402.25 32184.76 6.48
2250402.25 32184.76 6.48
2250402.25 32184.76 6.48
2260336.75 31918.55 6.48
2260336.75 31918.55 6.48
2260336.75 31918.55 6.48
2250402.25 32184.76 6.48
2260336.75 31918.55 6.48
2260336.75 31918.55 6.48
2260336.75 31918.55 6.48
2260336.75 31918.55 6.48
2260336.75 31918.55 6.48
2260336.75 31918.55 6.48
2260336.75 31918.55 6.48
2260336.75 31918.55 6.48
2260336.75 31918.55 6.48
2260336.75 31918.55 6.48
2260336.75 31918.55 6.48
2260336.75 31918.55 6.48
2260336.75 31918.55 6.48
2260336.75 31918.55 6.48
2260336.75 31918.55 6.48
2260336.75 31918.55 6.48
2260336.75 31918.55 6.48
2260336.75 31918.55 6.48
2260336.75 31918.55 6.48
2260336.75 31918.55 6.48
2260336.75 31918.55 6.48
2260336.75 31918.55 6.48
2260336.75 31918.55 6.48
2260336.75 31918.55 6.48
2260336.75 31918.55 6.48
2260336.75 31918.55 6.48
2260336.75 31918.55 6.48
2260336.75 31918.55 6.48
2260336.75 31918.55 6.48
2260336.75 31918.55 6.48
2260336.75 31918.55 6.48
2260336.75 31918.55 6.48
2260336.75 31918.55 6.48
2260336.75 31918.55 6.48
2260336.75 31918.55 6.48
2199893.75 30846.47 6.31
2214633.00 30570.41 6.44
2214633.00 30570.41 6.44
2199893.75 30846.47 6.31
2214633.00 30570.41 6.44
2199893.75 30846.47 6.31
2199893.75 30846.47 6.31
2214633.00 30570.41 6.44
2199893.75 30846.47 6.31
2199893.75 30846.47 6.31
2199893.75 30846.47 6.31
2199135.75 30846.47 6.31
2187922.50 31043.86 6.35
2210536.25 30715.78 6.33
2176445.25 31154.55 6.31
2176445.25 31154.55 6.31
2203338.25 30767.80 6.35
2214633.00 30570.41 6.44
2210734.75 30595.78 6.36
2176445.25 31154.55 6.31
2214633.00 30570.41 6.44
2225952.00 30439.72 6.44
2210536.25 30715.78 6.33
2223142.25 30615.41 6.31
2199135.75 30846.47 6.31
2199344.25 30726.47 6.36
2214633.00 30570.41 6.44
2191861.00 30878.49 6.31
2235137.50 30484.72 6.33
2225952.00 30439.72 6.44
2210734.75 30595.78 6.36
2199344.25 30726.47 6.36
2020042.75 29369.65 5.86
2084465.62 28925.80 6.61
2287743.50 31629.87 6.62
2274773.00 31101.85 7.58
2274773.00 31101.85 7.58
2773287.75 39143.02 6.43
2319502.25 32848.02 6.59
2264320.50 31339.87 7.69
2264320.50 31339.87 7.69